2 0.45552884615384615 0.3112980769230769 0.10096153846153846 0.08653846153846154
2 0.5769230769230769 0.3737980769230769 0.10336538461538461 0.07692307692307693
2 0.7043269230769231 0.4951923076923077 0.10096153846153846 0.08413461538461539
2 0.47596153846153844 0.5120192307692307 0.10096153846153846 0.07451923076923077
2 0.38221153846153844 0.6274038461538461 0.10096153846153846 0.07692307692307693
0 0.39783653846153844 0.7427884615384616 0.07932692307692307 0.07211538461538461
2 0.328125 0.7139423076923077 0.07932692307692307 0.06971153846153846
2 0.47596153846153844 0.8197115384615384 0.08653846153846154 0.08653846153846154
2 0.5456730769230769 0.7259615384615384 0.09375 0.07692307692307693
1 0.6862980769230769 0.6502403846153846 0.10576923076923077 0.07932692307692307
2 0.6646634615384616 0.5925480769230769 0.07932692307692307 0.06490384615384616
2 0.7896634615384616 0.7896634615384616 0.10576923076923077 0.0889423076923077
1 0.7127403846153846 0.7127403846153846 0.09134615384615384 0.07692307692307693
1 0.5480769230769231 0.6658653846153846 0.07692307692307693 0.06971153846153846
1 0.47716346153846156 0.6538461538461539 0.07211538461538461 0.06971153846153846
1 0.5540865384615384 0.5709134615384616 0.07451923076923077 0.0673076923076923
1 0.6237980769230769 0.5048076923076923 0.07451923076923077 0.07211538461538461
1 0.265625 0.4483173076923077 0.07692307692307693 0.0673076923076923
1 0.18990384615384615 0.46153846153846156 0.08653846153846154 0.07211538461538461
1 0.609375 0.8713942307692307 0.10336538461538461 0.07932692307692307
1 0.3161057692307692 0.5805288461538461 0.07932692307692307 0.06971153846153846
0 0.4723557692307692 0.1935096153846154 0.09134615384615384 0.08173076923076923
0 0.33052884615384615 0.32211538461538464 0.07932692307692307 0.07692307692307693
0 0.6262019230769231 0.3125 0.0985576923076923 0.07451923076923077
0 0.39903846153846156 0.4266826923076923 0.09134615384615384 0.08413461538461539
0 0.5456730769230769 0.46153846153846156 0.09134615384615384 0.07692307692307693
0 0.2548076923076923 0.5432692307692307 0.07692307692307693 0.07211538461538461
0 0.3629807692307692 0.5252403846153846 0.08653846153846154 0.07692307692307693
0 0.5 0.5793269230769231 0.07932692307692307 0.07692307692307693
0 0.5456730769230769 0.7908653846153846 0.0889423076923077 0.07692307692307693