1 0.58515625 0.21015625 0.0734375 0.075
1 0.45703125 0.2609375 0.0640625 0.0546875
1 0.49609375 0.61640625 0.1015625 0.103125
1 0.52421875 0.771875 0.1109375 0.1234375
1 0.39765625 0.70546875 0.1046875 0.1375
1 0.6078125 0.41875 0.0828125 0.084375
1 0.4796875 0.43828125 0.0953125 0.0921875
1 0.653125 0.3296875 0.090625 0.0828125
2 0.76796875 0.3703125 0.08125 0.084375
2 0.7328125 0.44375 0.109375 0.08125
2 0.4890625 0.346875 0.090625 0.071875
2 0.403125 0.51171875 0.08125 0.1109375
2 0.4046875 0.3015625 0.0625 0.078125
2 0.31328125 0.30546875 0.0875 0.08125
2 0.24296875 0.4796875 0.1015625 0.0921875
2 0.17109375 0.72265625 0.13125 0.1421875
0 0.25 0.61015625 0.1140625 0.10625
0 0.24375 0.39296875 0.0875 0.08125
0 0.14765625 0.33125 0.096875 0.0734375
0 0.2265625 0.2296875 0.08125 0.0640625
0 0.63671875 0.725 0.0953125 0.13125
0 0.753125 0.64609375 0.121875 0.1359375
0 0.88828125 0.540625 0.090625 0.0796875
0 0.63671875 0.54375 0.0984375 0.1109375