1 0.70546875 0.353125 0.07890625 0.0625
1 0.490625 0.46015625 0.0765625 0.07265625
1 0.34921875 0.32578125 0.084375 0.0703125
1 0.275 0.25546875 0.07109375 0.053125
1 0.17265625 0.4140625 0.0890625 0.0796875
1 0.0890625 0.371875 0.08828125 0.07734375
1 0.75546875 0.75625 0.10390625 0.1359375
1 0.471875 0.7609375 0.134375 0.146875
2 0.4046875 0.53125 0.08671875 0.10234375
2 0.30703125 0.5640625 0.0953125 0.10234375
2 0.2375 0.31875 0.09296875 0.08359375
2 0.73203125 0.57890625 0.1125 0.11875
2 0.54921875 0.56953125 0.0953125 0.1046875
2 0.6078125 0.43125 0.09765625 0.10078125
2 0.79140625 0.3953125 0.08515625 0.08671875
2 0.9328125 0.7203125 0.1109375 0.12109375
0 0.884375 0.56640625 0.10390625 0.1125
0 0.49765625 0.2984375 0.09453125 0.08515625
0 0.44921875 0.37578125 0.08203125 0.0890625
0 0.30625 0.46171875 0.10234375 0.07578125
0 0.20546875 0.61015625 0.10390625 0.1171875
0 0.27734375 0.8078125 0.1109375 0.13203125
0 0.6359375 0.71796875 0.11875 0.1125
0 0.071875 0.5125 0.11328125 0.109375