1 0.08984375 0.48671875 0.0859375 0.1125
1 0.36953125 0.37578125 0.09375 0.0953125
1 0.209375 0.31796875 0.0890625 0.084375
1 0.7625 0.22578125 0.071875 0.065625
1 0.7328125 0.58125 0.1 0.1140625
1 0.746875 0.678125 0.1046875 0.1171875
1 0.44921875 0.67890625 0.1046875 0.11875
1 0.56875 0.3484375 0.0765625 0.0921875
2 0.48984375 0.34453125 0.078125 0.0734375
2 0.4453125 0.23203125 0.078125 0.078125
2 0.2109375 0.48125 0.090625 0.09375
2 0.22265625 0.66875 0.1046875 0.134375
2 0.6984375 0.45625 0.10625 0.10625
2 0.73359375 0.3921875 0.0921875 0.08125
2 0.91953125 0.6859375 0.14375 0.1484375
2 0.9421875 0.46015625 0.115625 0.1359375
0 0.55078125 0.60078125 0.109375 0.1296875
0 0.35078125 0.6125 0.1015625 0.096875
0 0.33359375 0.4796875 0.09375 0.1
0 0.48359375 0.446875 0.084375 0.10625
0 0.65703125 0.53671875 0.090625 0.0890625
0 0.571875 0.4734375 0.096875 0.1015625
0 0.703125 0.309375 0.0953125 0.0796875
0 0.44921875 0.29609375 0.078125 0.0671875