1 0.53515625 0.6390625 0.1234375 0.1359375
1 0.67578125 0.6625 0.109375 0.140625
1 0.8015625 0.6875 0.103125 0.159375
1 0.7578125 0.85625 0.11875 0.1546875
1 0.66640625 0.80625 0.121875 0.1453125
1 0.540625 0.784375 0.13125 0.1484375
1 0.425 0.81484375 0.1265625 0.165625
1 0.409375 0.65 0.1296875 0.1484375
2 0.43359375 0.42890625 0.115625 0.1484375
2 0.56484375 0.44609375 0.1171875 0.1734375
2 0.7140625 0.5109375 0.125 0.1171875
2 0.84921875 0.496875 0.109375 0.153125
2 0.87890625 0.32578125 0.1203125 0.15
2 0.775 0.2734375 0.121875 0.1484375
2 0.59453125 0.2671875 0.1328125 0.1453125
2 0.47109375 0.2609375 0.1296875 0.15
0 0.33046875 0.23671875 0.1234375 0.1296875
0 0.30078125 0.4296875 0.128125 0.1515625
0 0.284375 0.6046875 0.1234375 0.1640625
0 0.26328125 0.803125 0.1109375 0.1390625
0 0.096875 0.7875 0.1234375 0.165625
0 0.12109375 0.63046875 0.134375 0.1546875
0 0.15078125 0.4171875 0.1421875 0.1640625
0 0.19296875 0.271875 0.121875 0.1515625