2 0.3125 0.5408653846153846 0.10336538461538461 0.0889423076923077
2 0.5024038461538461 0.6538461538461539 0.0985576923076923 0.09615384615384616
2 0.6442307692307693 0.7596153846153846 0.10576923076923077 0.08653846153846154
2 0.6778846153846154 0.31009615384615385 0.11057692307692307 0.09615384615384616
2 0.2920673076923077 0.2932692307692308 0.10576923076923077 0.08653846153846154
2 0.27884615384615385 0.21514423076923078 0.11057692307692307 0.08413461538461539
2 0.17427884615384615 0.5084134615384616 0.10817307692307693 0.0889423076923077
2 0.29447115384615385 0.4543269230769231 0.10576923076923077 0.07932692307692307
2 0.15745192307692307 0.6466346153846154 0.09375 0.08413461538461539
2 0.21033653846153846 0.8701923076923077 0.11057692307692307 0.0985576923076923
1 0.3786057692307692 0.8353365384615384 0.10576923076923077 0.0985576923076923
1 0.5216346153846154 0.7560096153846154 0.11778846153846154 0.10576923076923077
1 0.3581730769230769 0.7019230769230769 0.1201923076923077 0.09134615384615384
1 0.4206730769230769 0.6189903846153846 0.09134615384615384 0.07211538461538461
1 0.6334134615384616 0.5612980769230769 0.10817307692307693 0.0889423076923077
1 0.5420673076923077 0.43028846153846156 0.10817307692307693 0.09615384615384616
1 0.10336538461538461 0.453125 0.0985576923076923 0.08173076923076923
1 0.11538461538461539 0.3605769230769231 0.10576923076923077 0.08413461538461539
1 0.016826923076923076 0.4567307692307692 0.03365384615384615 0.07692307692307693
1 0.13221153846153846 0.7451923076923077 0.0985576923076923 0.09615384615384616
0 0.27403846153846156 0.6382211538461539 0.10576923076923077 0.08653846153846154
0 0.06370192307692307 0.5865384615384616 0.10096153846153846 0.0889423076923077
0 0.41947115384615385 0.46033653846153844 0.09615384615384616 0.07932692307692307
0 0.5240384615384616 0.2091346153846154 0.11298076923076923 0.08413461538461539
0 0.4026442307692308 0.1971153846153846 0.10336538461538461 0.0889423076923077
0 0.5336538461538461 0.3329326923076923 0.10096153846153846 0.0889423076923077
0 0.6033653846153846 0.4951923076923077 0.0985576923076923 0.08173076923076923
0 0.2776442307692308 0.3737980769230769 0.10817307692307693 0.09375
0 0.6129807692307693 0.6935096153846154 0.10576923076923077 0.08173076923076923