2 0.6177884615384616 0.41466346153846156 0.10817307692307693 0.09615384615384616
2 0.5709134615384616 0.296875 0.11298076923076923 0.08413461538461539
2 0.16466346153846154 0.40024038461538464 0.11778846153846154 0.0985576923076923
0 0.47115384615384615 0.6021634615384616 0.0889423076923077 0.07932692307692307
2 0.53125 0.5432692307692307 0.10096153846153846 0.08413461538461539
2 0.36177884615384615 0.5877403846153846 0.09615384615384616 0.07451923076923077
2 0.40384615384615385 0.7115384615384616 0.0889423076923077 0.08173076923076923
2 0.6899038461538461 0.6634615384615384 0.10096153846153846 0.07692307692307693
2 0.8762019230769231 0.6838942307692307 0.09134615384615384 0.07451923076923077
2 0.7199519230769231 0.8088942307692307 0.10336538461538461 0.07932692307692307
2 0.7980769230769231 0.8810096153846154 0.08653846153846154 0.07692307692307693
0 0.7608173076923077 0.3581730769230769 0.12259615384615384 0.09615384615384616
0 0.8004807692307693 0.5925480769230769 0.10336538461538461 0.09375
0 0.9651442307692307 0.6165865384615384 0.057692307692307696 0.08173076923076923
0 0.9350961538461539 0.7512019230769231 0.07451923076923077 0.08413461538461539
0 0.8581730769230769 0.7920673076923077 0.10576923076923077 0.08653846153846154
0 0.6622596153846154 0.7415865384615384 0.11298076923076923 0.08413461538461539
0 0.3076923076923077 0.5228365384615384 0.10336538461538461 0.07692307692307693
0 0.2956730769230769 0.8341346153846154 0.10336538461538461 0.09134615384615384
0 0.30528846153846156 0.6766826923076923 0.10096153846153846 0.0889423076923077
1 0.296875 0.41346153846153844 0.10096153846153846 0.09134615384615384
1 0.41225961538461536 0.4074519230769231 0.09375 0.08653846153846154
1 0.7403846153846154 0.47596153846153844 0.11057692307692307 0.0985576923076923
1 0.9423076923076923 0.5192307692307693 0.10096153846153846 0.07692307692307693
1 0.6646634615384616 0.5637019230769231 0.0985576923076923 0.08653846153846154
1 0.5757211538461539 0.6358173076923077 0.09615384615384616 0.07211538461538461
1 0.21995192307692307 0.5949519230769231 0.11778846153846154 0.09134615384615384
1 0.4855769230769231 0.8112980769230769 0.11298076923076923 0.08173076923076923
1 0.5841346153846154 0.8822115384615384 0.0985576923076923 0.07451923076923077
1 0.4050480769230769 0.8930288461538461 0.10817307692307693 0.0889423076923077