0 0.4987980769230769 0.12139423076923077 0.07692307692307693 0.07451923076923077
0 0.3798076923076923 0.21033653846153846 0.11057692307692307 0.07692307692307693
0 0.25841346153846156 0.30288461538461536 0.11538461538461539 0.07932692307692307
0 0.6274038461538461 0.3076923076923077 0.07932692307692307 0.06490384615384616
0 0.8605769230769231 0.2536057692307692 0.0673076923076923 0.057692307692307696
2 0.8605769230769231 0.4050480769230769 0.06971153846153846 0.057692307692307696
0 0.8389423076923077 0.35697115384615385 0.07211538461538461 0.055288461538461536
0 0.8064903846153846 0.4483173076923077 0.07211538461538461 0.05048076923076923
0 0.49038461538461536 0.49278846153846156 0.09375 0.06971153846153846
0 0.4735576923076923 0.6057692307692307 0.09134615384615384 0.06971153846153846
0 0.6322115384615384 0.5793269230769231 0.07692307692307693 0.06490384615384616
2 0.39302884615384615 0.12980769230769232 0.0889423076923077 0.08413461538461539
2 0.6442307692307693 0.10216346153846154 0.07692307692307693 0.07211538461538461
2 0.5504807692307693 0.23677884615384615 0.08413461538461539 0.0673076923076923
2 0.6670673076923077 0.23677884615384615 0.06971153846153846 0.0673076923076923
2 0.7415865384615384 0.3701923076923077 0.06490384615384616 0.0673076923076923
2 0.390625 0.4206730769230769 0.0985576923076923 0.07692307692307693
2 0.8197115384615384 0.5192307692307693 0.07932692307692307 0.0673076923076923
2 0.6995192307692307 0.6009615384615384 0.06490384615384616 0.057692307692307696
2 0.7836538461538461 0.6502403846153846 0.06009615384615385 0.0625
1 0.4699519230769231 0.2548076923076923 0.08173076923076923 0.06971153846153846
1 0.7211538461538461 0.08173076923076923 0.06971153846153846 0.06490384615384616
1 0.31009615384615385 0.3641826923076923 0.10336538461538461 0.06971153846153846
1 0.359375 0.5192307692307693 0.08413461538461539 0.06971153846153846
1 0.6382211538461539 0.4639423076923077 0.08173076923076923 0.07211538461538461
1 0.5480769230769231 0.3942307692307692 0.07211538461538461 0.07211538461538461
1 0.7560096153846154 0.28725961538461536 0.07211538461538461 0.06971153846153846
1 0.6947115384615384 0.6983173076923077 0.08413461538461539 0.06009615384615385
1 0.5444711538461539 0.7307692307692307 0.07932692307692307 0.07211538461538461
1 0.8269230769230769 0.6177884615384616 0.06490384615384616 0.0625