0 0.8421875 0.56015625 0.1140625 0.1671875
0 0.578125 0.53359375 0.12734375 0.1375
0 0.209375 0.51171875 0.13515625 0.18203125
0 0.203125 0.14765625 0.12734375 0.10625
2 0.14296875 0.265625 0.12890625 0.12421875
2 0.42421875 0.20234375 0.09921875 0.1125
2 0.4015625 0.3765625 0.12109375 0.12421875
2 0.77578125 0.71015625 0.14296875 0.1609375
1 0.73515625 0.4796875 0.09296875 0.13359375
1 0.634375 0.26640625 0.10625 0.1328125
1 0.5078125 0.3359375 0.09609375 0.109375
1 0.35234375 0.6671875 0.13671875 0.18046875