1 0.46634615384615385 0.24879807692307693 0.1201923076923077 0.10336538461538461
1 0.36658653846153844 0.19471153846153846 0.11778846153846154 0.08653846153846154
1 0.7680288461538461 0.2776442307692308 0.0985576923076923 0.09134615384615384
1 0.5793269230769231 0.6165865384615384 0.10096153846153846 0.09134615384615384
1 0.43149038461538464 0.5997596153846154 0.11298076923076923 0.08413461538461539
1 0.5973557692307693 0.515625 0.10096153846153846 0.08413461538461539
1 0.6814903846153846 0.5637019230769231 0.08413461538461539 0.07932692307692307
1 0.6875 0.6334134615384616 0.09375 0.07932692307692307
0 0.7680288461538461 0.5877403846153846 0.07932692307692307 0.07692307692307693
1 0.8497596153846154 0.6069711538461539 0.07932692307692307 0.07451923076923077
1 0.9074519230769231 0.5408653846153846 0.09134615384615384 0.07932692307692307
2 0.5985576923076923 0.25961538461538464 0.11778846153846154 0.0889423076923077
2 0.3076923076923077 0.5216346153846154 0.11298076923076923 0.10096153846153846
2 0.9591346153846154 0.41225961538461536 0.08173076923076923 0.08413461538461539
2 0.8365384615384616 0.37259615384615385 0.0985576923076923 0.08173076923076923
2 0.6899038461538461 0.41466346153846156 0.10336538461538461 0.08173076923076923
2 0.5060096153846154 0.4411057692307692 0.10096153846153846 0.0889423076923077
2 0.36899038461538464 0.4519230769230769 0.11778846153846154 0.09615384615384616
2 0.5612980769230769 0.7283653846153846 0.10096153846153846 0.09134615384615384
2 0.7103365384615384 0.7632211538461539 0.08413461538461539 0.07211538461538461
2 0.8846153846153846 0.8052884615384616 0.07692307692307693 0.07211538461538461
0 0.5925480769230769 0.3581730769230769 0.11057692307692307 0.10096153846153846
0 0.7860576923076923 0.4567307692307692 0.0985576923076923 0.08653846153846154
0 0.9627403846153846 0.48197115384615385 0.07451923076923077 0.08413461538461539
0 0.9423076923076923 0.6370192307692307 0.08413461538461539 0.07932692307692307
0 0.7776442307692307 0.6983173076923077 0.09615384615384616 0.08653846153846154
0 0.8449519230769231 0.7175480769230769 0.07692307692307693 0.08653846153846154
0 0.3870192307692308 0.6935096153846154 0.11057692307692307 0.0889423076923077
0 0.4639423076923077 0.7367788461538461 0.09134615384615384 0.08173076923076923
0 0.7487980769230769 0.8221153846153846 0.08653846153846154 0.07211538461538461