0 0.95703125 0.59296875 0.0859375 0.1171875
0 0.60078125 0.6578125 0.1203125 0.103125
0 0.6796875 0.4984375 0.1 0.109375
0 0.4015625 0.3734375 0.0828125 0.078125
0 0.371875 0.325 0.078125 0.0640625
0 0.21640625 0.3671875 0.08125 0.078125
0 0.1171875 0.61328125 0.109375 0.1046875
0 0.55703125 0.34453125 0.0765625 0.0671875
2 0.725 0.384375 0.1046875 0.096875
2 0.55234375 0.47578125 0.096875 0.0875
2 0.48828125 0.40625 0.0890625 0.078125
2 0.4015625 0.4640625 0.0921875 0.0796875
2 0.55 0.78125 0.1546875 0.1609375
2 0.4109375 0.78359375 0.128125 0.1296875
2 0.259375 0.7125 0.1125 0.1203125
2 0.83828125 0.52890625 0.1046875 0.103125
1 0.74296875 0.78984375 0.1453125 0.15
1 0.8390625 0.71171875 0.109375 0.128125
1 0.75546875 0.61015625 0.115625 0.125
1 0.45390625 0.5484375 0.096875 0.0921875
1 0.3015625 0.54921875 0.10625 0.0921875
1 0.32265625 0.43125 0.0765625 0.0734375
1 0.27421875 0.328125 0.0734375 0.0703125
1 0.6296875 0.40390625 0.0859375 0.075