0 0.790625 0.61015625 0.11796875 0.140625
0 0.4265625 0.44765625 0.1078125 0.09140625
0 0.63359375 0.40625 0.1046875 0.08515625
0 0.53125 0.2171875 0.07890625 0.07890625
2 0.48203125 0.73203125 0.12265625 0.16015625
2 0.34375 0.3640625 0.08515625 0.07265625
2 0.3796875 0.26484375 0.09140625 0.08359375
2 0.65234375 0.33046875 0.08515625 0.06796875
1 0.67421875 0.26875 0.0734375 0.053125
1 0.22734375 0.33828125 0.10390625 0.11171875
1 0.31015625 0.62890625 0.125 0.16796875
1 0.52265625 0.55234375 0.09921875 0.1203125