0 0.74140625 0.434375 0.09375 0.1140625
0 0.6578125 0.578125 0.090625 0.1125
0 0.46328125 0.528125 0.1078125 0.1234375
0 0.28046875 0.72734375 0.1125 0.1640625
0 0.24453125 0.39296875 0.109375 0.1140625
0 0.325 0.2765625 0.0984375 0.0984375
0 0.10390625 0.35859375 0.0859375 0.1046875
0 0.5234375 0.24921875 0.078125 0.0703125
1 0.60390625 0.70859375 0.134375 0.15625
1 0.259375 0.58046875 0.1078125 0.1109375
1 0.81875 0.79296875 0.1015625 0.13125
1 0.753125 0.73984375 0.0921875 0.1390625
1 0.7546875 0.31875 0.0671875 0.071875
1 0.64609375 0.2359375 0.090625 0.075
1 0.471875 0.3015625 0.071875 0.071875
1 0.840625 0.471875 0.0890625 0.1125
2 0.8828125 0.64921875 0.090625 0.1359375
2 0.7828125 0.58828125 0.1234375 0.11875
2 0.6359375 0.39375 0.0859375 0.1
2 0.56875 0.4546875 0.0828125 0.11875
2 0.453125 0.753125 0.1109375 0.1421875
2 0.41640625 0.43984375 0.090625 0.0875
2 0.353125 0.17109375 0.078125 0.0859375
2 0.221875 0.2546875 0.0984375 0.0875