2 0.15859375 0.57421875 0.1296875 0.1390625
2 0.39765625 0.73984375 0.1453125 0.146875
2 0.3 0.26484375 0.09375 0.0953125
2 0.73125 0.42734375 0.1046875 0.1
2 0.83515625 0.46640625 0.0953125 0.09375
2 0.70859375 0.3203125 0.0953125 0.084375
2 0.46796875 0.43671875 0.0859375 0.0921875
2 0.3890625 0.334375 0.0828125 0.0625
1 0.4484375 0.53203125 0.115625 0.11875
1 0.38515625 0.3890625 0.096875 0.0828125
1 0.396875 0.26796875 0.0875 0.0828125
1 0.2125 0.421875 0.1015625 0.109375
1 0.5453125 0.4015625 0.08125 0.0828125
1 0.63359375 0.38671875 0.090625 0.0921875
1 0.703125 0.5140625 0.1140625 0.103125
1 0.78828125 0.7453125 0.1390625 0.1328125
0 0.921875 0.5765625 0.1109375 0.1203125
0 0.80234375 0.61796875 0.1375 0.1109375
0 0.68515625 0.64609375 0.11875 0.1421875
0 0.3109375 0.53828125 0.1109375 0.1328125
0 0.1640625 0.290625 0.0890625 0.103125
0 0.1953125 0.21796875 0.1 0.1109375
0 0.553125 0.19609375 0.0890625 0.0828125
0 0.46484375 0.278125 0.078125 0.1015625