2 0.53125 0.15625 0.0625 0.06490384615384616
2 0.5420673076923077 0.109375 0.057692307692307696 0.055288461538461536
2 0.0673076923076923 0.35336538461538464 0.11057692307692307 0.11538461538461539
2 0.5 0.5841346153846154 0.07211538461538461 0.06971153846153846
2 0.4110576923076923 0.5336538461538461 0.057692307692307696 0.06490384615384616
2 0.25721153846153844 0.6069711538461539 0.06490384615384616 0.07211538461538461
2 0.33533653846153844 0.7872596153846154 0.08413461538461539 0.0985576923076923
2 0.4110576923076923 0.7680288461538461 0.06490384615384616 0.07932692307692307
2 0.32091346153846156 0.9411057692307693 0.08173076923076923 0.07451923076923077
2 0.390625 0.8954326923076923 0.07692307692307693 0.0985576923076923
0 0.45552884615384615 0.9555288461538461 0.07451923076923077 0.0889423076923077
0 0.234375 0.9014423076923077 0.07932692307692307 0.09134615384615384
0 0.4699519230769231 0.7127403846153846 0.06009615384615385 0.06971153846153846
0 0.1778846153846154 0.7283653846153846 0.06971153846153846 0.07932692307692307
0 0.35096153846153844 0.28725961538461536 0.07692307692307693 0.07692307692307693
0 0.38822115384615385 0.2439903846153846 0.0673076923076923 0.06009615384615385
0 0.35216346153846156 0.17908653846153846 0.07211538461538461 0.06971153846153846
0 0.47716346153846156 0.09615384615384616 0.06971153846153846 0.0673076923076923
0 0.3161057692307692 0.6646634615384616 0.055288461538461536 0.0673076923076923
1 0.20793269230769232 0.8004807692307693 0.06971153846153846 0.07211538461538461
1 0.4110576923076923 0.6706730769230769 0.06009615384615385 0.06971153846153846
1 0.24759615384615385 0.6730769230769231 0.06490384615384616 0.0625
1 0.33533653846153844 0.5793269230769231 0.055288461538461536 0.07211538461538461
1 0.3088942307692308 0.5372596153846154 0.04807692307692308 0.055288461538461536
1 0.17427884615384615 0.4014423076923077 0.0985576923076923 0.10576923076923077
1 0.2668269230769231 0.31490384615384615 0.07932692307692307 0.07932692307692307
1 0.18389423076923078 0.30408653846153844 0.07932692307692307 0.08413461538461539
1 0.28125 0.22355769230769232 0.07211538461538461 0.06490384615384616
1 0.4362980769230769 0.18629807692307693 0.0673076923076923 0.057692307692307696