1 0.3004807692307692 0.14543269230769232 0.0985576923076923 0.08173076923076923
2 0.3317307692307692 0.08173076923076923 0.10817307692307693 0.09375
2 0.4795673076923077 0.17307692307692307 0.11057692307692307 0.10096153846153846
2 0.3954326923076923 0.30528846153846156 0.10336538461538461 0.125
1 0.6862980769230769 0.25600961538461536 0.0985576923076923 0.09375
2 0.7067307692307693 0.19110576923076922 0.10576923076923077 0.08653846153846154
2 0.6574519230769231 0.3629807692307692 0.09615384615384616 0.11298076923076923
2 0.6274038461538461 0.46033653846153844 0.1201923076923077 0.11778846153846154
2 0.28725961538461536 0.49158653846153844 0.13701923076923078 0.13701923076923078
2 0.15865384615384615 0.6574519230769231 0.1201923076923077 0.14903846153846154
2 0.9831730769230769 0.4639423076923077 0.03365384615384615 0.1201923076923077
2 0.9891826923076923 0.3605769230769231 0.021634615384615384 0.10576923076923077
1 0.11899038461538461 0.4723557692307692 0.125 0.15384615384615385
1 0.6021634615384616 0.234375 0.09134615384615384 0.09615384615384616
1 0.7860576923076923 0.3004807692307692 0.10096153846153846 0.11298076923076923
1 0.7367788461538461 0.3918269230769231 0.09615384615384616 0.10336538461538461
1 0.7764423076923077 0.47596153846153844 0.11298076923076923 0.12259615384615384
1 0.8605769230769231 0.4639423076923077 0.125 0.14182692307692307
1 0.34615384615384615 0.7055288461538461 0.1201923076923077 0.1658653846153846
1 0.6923076923076923 0.7824519230769231 0.14423076923076922 0.16105769230769232
0 0.234375 0.33052884615384615 0.11778846153846154 0.12259615384615384
0 0.32211538461538464 0.23076923076923078 0.0985576923076923 0.09134615384615384
0 0.5024038461538461 0.3125 0.11538461538461539 0.1346153846153846
0 0.4699519230769231 0.45072115384615385 0.11057692307692307 0.14423076923076922
0 0.5300480769230769 0.5516826923076923 0.11778846153846154 0.12740384615384615
0 0.5240384615384616 0.7007211538461539 0.14182692307692307 0.15625
0 0.7235576923076923 0.6153846153846154 0.13221153846153846 0.15865384615384615
0 0.24158653846153846 0.7379807692307693 0.11298076923076923 0.15384615384615385