2 0.19765625 0.67578125 0.1296875 0.1390625
2 0.47734375 0.76015625 0.1453125 0.146875
2 0.23671875 0.33828125 0.09375 0.0953125
2 0.69765625 0.359375 0.1046875 0.1
2 0.80859375 0.3640625 0.0953125 0.09375
2 0.64296875 0.26484375 0.0953125 0.084375
2 0.45 0.44921875 0.0859375 0.0921875
2 0.34375 0.3765625 0.0828125 0.0625
1 0.4609375 0.546875 0.115625 0.11875
1 0.35703125 0.43046875 0.096875 0.0828125
1 0.3296875 0.3109375 0.0875 0.0828125
1 0.20234375 0.51484375 0.1015625 0.109375
1 0.51328125 0.3921875 0.08125 0.0828125
1 0.5921875 0.35078125 0.090625 0.0921875
1 0.69765625 0.45078125 0.1140625 0.103125
1 0.85 0.64375 0.1390625 0.1328125
0 0.925 0.4421875 0.1109375 0.1203125
0 0.82421875 0.51875 0.1375 0.1109375
0 0.72109375 0.58203125 0.11875 0.1421875
0 0.33203125 0.59453125 0.1109375 0.1328125
0 0.115625 0.4046875 0.0890625 0.103125
0 0.12265625 0.32578125 0.1 0.1109375
0 0.45625 0.19453125 0.0890625 0.0828125
0 0.39765625 0.3 0.078125 0.1015625