1 0.11328125 0.32734375 0.0984375 0.109375
1 0.4640625 0.2953125 0.084375 0.078125
1 0.69609375 0.6296875 0.128125 0.1375
1 0.81015625 0.64765625 0.1140625 0.1265625
1 0.31875 0.74609375 0.1421875 0.165625
1 0.38515625 0.4109375 0.109375 0.1125
1 0.6453125 0.79765625 0.128125 0.140625
1 0.5546875 0.46171875 0.103125 0.10625
2 0.571875 0.59140625 0.13125 0.11875
2 0.3484375 0.5328125 0.1171875 0.1046875
2 0.41484375 0.65703125 0.125 0.13125
2 0.27890625 0.43046875 0.128125 0.1234375
2 0.471875 0.37265625 0.0890625 0.09375
2 0.67421875 0.36796875 0.0984375 0.1015625
2 0.80390625 0.85234375 0.1546875 0.1765625
2 0.69140625 0.45546875 0.0890625 0.078125
0 0.684375 0.5234375 0.103125 0.0796875
0 0.5140625 0.77265625 0.125 0.134375
0 0.475 0.5328125 0.0984375 0.103125
0 0.3625 0.29453125 0.0875 0.0890625
0 0.21796875 0.5765625 0.115625 0.1234375
0 0.16484375 0.515625 0.096875 0.115625
0 0.23359375 0.34375 0.090625 0.075
0 0.225 0.2765625 0.078125 0.075