0 0.82890625 0.59609375 0.0890625 0.090625
0 0.79375 0.42890625 0.0890625 0.0890625
0 0.66953125 0.375 0.0578125 0.0578125
0 0.69296875 0.48203125 0.084375 0.071875
0 0.59296875 0.57265625 0.103125 0.0921875
0 0.38671875 0.54375 0.090625 0.0859375
0 0.421875 0.3328125 0.0546875 0.05
0 0.4625 0.3015625 0.05625 0.0453125
1 0.178125 0.46484375 0.071875 0.0703125
1 0.28203125 0.39453125 0.06875 0.0765625
1 0.28203125 0.31875 0.053125 0.0515625
1 0.55 0.29609375 0.0515625 0.04375
1 0.609375 0.4765625 0.0734375 0.075
1 0.55859375 0.3984375 0.0671875 0.0578125
1 0.44140625 0.38359375 0.0703125 0.0546875
1 0.7265625 0.36015625 0.0578125 0.05
2 0.7140625 0.67734375 0.109375 0.1046875
2 0.55859375 0.6578125 0.0921875 0.096875
2 0.54453125 0.47421875 0.0765625 0.0640625
2 0.453125 0.48203125 0.08125 0.065625
2 0.2734375 0.484375 0.0734375 0.0671875
2 0.334375 0.32578125 0.065625 0.05625
2 0.225 0.31796875 0.0625 0.0609375
2 0.6328125 0.32109375 0.0546875 0.046875