2 0.75 0.421875 0.07692307692307693 0.0673076923076923
2 0.46033653846153844 0.2403846153846154 0.09375 0.08173076923076923
2 0.5444711538461539 0.44711538461538464 0.0985576923076923 0.08173076923076923
2 0.7415865384615384 0.5661057692307693 0.08653846153846154 0.0673076923076923
2 0.390625 0.5769230769230769 0.09134615384615384 0.08173076923076923
2 0.24158653846153846 0.6069711538461539 0.08413461538461539 0.07692307692307693
2 0.23557692307692307 0.6706730769230769 0.10096153846153846 0.08173076923076923
2 0.33774038461538464 0.6802884615384616 0.10096153846153846 0.07692307692307693
2 0.5492788461538461 0.8737980769230769 0.07451923076923077 0.0625
2 0.38341346153846156 0.8990384615384616 0.09375 0.07932692307692307
0 0.3389423076923077 0.15144230769230768 0.08173076923076923 0.07211538461538461
0 0.32091346153846156 0.3473557692307692 0.09615384615384616 0.07932692307692307
0 0.4579326923076923 0.4387019230769231 0.0889423076923077 0.07211538461538461
0 0.5060096153846154 0.5745192307692307 0.0889423076923077 0.07211538461538461
0 0.5480769230769231 0.5324519230769231 0.0889423076923077 0.07211538461538461
0 0.6346153846153846 0.6033653846153846 0.07932692307692307 0.0673076923076923
0 0.8245192307692307 0.6021634615384616 0.08653846153846154 0.07451923076923077
0 0.7331730769230769 0.7596153846153846 0.08173076923076923 0.06971153846153846
0 0.5516826923076923 0.9326923076923077 0.09134615384615384 0.07451923076923077
0 0.33533653846153844 0.7403846153846154 0.09615384615384616 0.07932692307692307
1 0.49278846153846156 0.8329326923076923 0.08173076923076923 0.07451923076923077
1 0.28365384615384615 0.5396634615384616 0.0985576923076923 0.08653846153846154
1 0.1814903846153846 0.3701923076923077 0.09615384615384616 0.08413461538461539
1 0.5492788461538461 0.7139423076923077 0.08413461538461539 0.07451923076923077
1 0.6189903846153846 0.7764423076923077 0.08653846153846154 0.08173076923076923
1 0.8173076923076923 0.7379807692307693 0.06971153846153846 0.0673076923076923
1 0.7127403846153846 0.49038461538461536 0.08653846153846154 0.07932692307692307
1 0.6730769230769231 0.30528846153846156 0.08653846153846154 0.07211538461538461
1 0.5829326923076923 0.31009615384615385 0.09375 0.07451923076923077
1 0.3076923076923077 0.24879807692307693 0.09375 0.08173076923076923