1 0.3671875 0.25859375 0.0671875 0.0625
1 0.15078125 0.3703125 0.109375 0.090625
1 0.25703125 0.60546875 0.1125 0.1140625
1 0.6703125 0.5640625 0.1046875 0.0875
1 0.665625 0.45390625 0.0859375 0.1
1 0.7 0.72265625 0.11875 0.1390625
1 0.54140625 0.89375 0.134375 0.175
1 0.28203125 0.41171875 0.0953125 0.0890625
2 0.2796875 0.50859375 0.1203125 0.1078125
2 0.153125 0.496875 0.1125 0.09375
2 0.42890625 0.4234375 0.0875 0.0734375
2 0.421875 0.34765625 0.084375 0.0859375
2 0.40546875 0.71875 0.1140625 0.1234375
2 0.50078125 0.63046875 0.103125 0.1109375
2 0.76171875 0.6203125 0.0921875 0.0890625
2 0.7703125 0.48125 0.1078125 0.109375
0 0.85390625 0.80234375 0.1453125 0.1671875
0 0.60859375 0.675 0.1046875 0.1203125
0 0.2515625 0.70859375 0.1 0.1015625
0 0.5296875 0.45859375 0.084375 0.09375
0 0.61171875 0.334375 0.0671875 0.0765625
0 0.50234375 0.34765625 0.0875 0.075
0 0.5 0.29453125 0.08125 0.0703125
0 0.2890625 0.2875 0.0796875 0.078125