2 0.48677884615384615 0.3016826923076923 0.07932692307692307 0.10336538461538461
2 0.9278846153846154 0.6766826923076923 0.06009615384615385 0.08653846153846154
2 0.8088942307692307 0.5961538461538461 0.052884615384615384 0.08413461538461539
2 0.7536057692307693 0.5685096153846154 0.04807692307692308 0.055288461538461536
2 0.8966346153846154 0.5324519230769231 0.055288461538461536 0.06490384615384616
1 0.6622596153846154 0.7740384615384616 0.06009615384615385 0.07932692307692307
1 0.6526442307692307 0.6838942307692307 0.04567307692307692 0.06490384615384616
2 0.6995192307692307 0.6598557692307693 0.055288461538461536 0.055288461538461536
2 0.7379807692307693 0.8701923076923077 0.06971153846153846 0.08413461538461539
1 0.4651442307692308 0.7055288461538461 0.057692307692307696 0.06971153846153846
2 0.5228365384615384 0.7199519230769231 0.055288461538461536 0.08173076923076923
2 0.45913461538461536 0.9735576923076923 0.0673076923076923 0.052884615384615384
2 0.8016826923076923 0.140625 0.06490384615384616 0.0673076923076923
1 0.39302884615384615 0.32572115384615385 0.08173076923076923 0.09375
1 0.3269230769230769 0.25240384615384615 0.06971153846153846 0.07692307692307693
1 0.65625 0.25 0.06971153846153846 0.07692307692307693
1 0.5024038461538461 0.20673076923076922 0.08413461538461539 0.07451923076923077
0 0.7283653846153846 0.1778846153846154 0.07692307692307693 0.08173076923076923
1 0.7391826923076923 0.10336538461538461 0.06490384615384616 0.07451923076923077
1 0.8161057692307693 0.06850961538461539 0.0625 0.07211538461538461
1 0.9098557692307693 0.06490384615384616 0.07211538461538461 0.07692307692307693
0 0.6153846153846154 0.6322115384615384 0.05048076923076923 0.06490384615384616
0 0.5036057692307693 0.6358173076923077 0.0673076923076923 0.0673076923076923
0 0.49158653846153844 0.8569711538461539 0.07451923076923077 0.07932692307692307
0 0.6141826923076923 0.8737980769230769 0.07211538461538461 0.08413461538461539
0 0.5576923076923077 0.9591346153846154 0.07692307692307693 0.08173076923076923
0 0.7572115384615384 0.7487980769230769 0.0625 0.07932692307692307
0 0.6598557692307693 0.125 0.0673076923076923 0.0673076923076923
0 0.5396634615384616 0.14543269230769232 0.07451923076923077 0.07451923076923077
0 0.8846153846153846 0.16346153846153846 0.0673076923076923 0.08173076923076923