2 0.6622596153846154 0.32572115384615385 0.12259615384615384 0.10576923076923077
2 0.5600961538461539 0.4014423076923077 0.11298076923076923 0.09375
2 0.3425480769230769 0.6057692307692307 0.0985576923076923 0.0889423076923077
2 0.24519230769230768 0.5805288461538461 0.11538461538461539 0.09615384615384616
2 0.11538461538461539 0.5961538461538461 0.11778846153846154 0.09615384615384616
2 0.31490384615384615 0.7127403846153846 0.10336538461538461 0.09134615384615384
2 0.5805288461538461 0.734375 0.125 0.09375
2 0.7572115384615384 0.8497596153846154 0.11057692307692307 0.0889423076923077
2 0.3918269230769231 0.9651442307692307 0.09615384615384616 0.06971153846153846
2 0.28125 0.96875 0.10096153846153846 0.0625
1 0.43028846153846156 0.4014423076923077 0.12740384615384615 0.10817307692307693
1 0.27524038461538464 0.38461538461538464 0.10576923076923077 0.09615384615384616
1 0.47596153846153844 0.765625 0.10576923076923077 0.07932692307692307
1 0.7091346153846154 0.7692307692307693 0.10576923076923077 0.08173076923076923
1 0.2956730769230769 0.8064903846153846 0.10817307692307693 0.0889423076923077
1 0.17548076923076922 0.84375 0.09134615384615384 0.07451923076923077
1 0.4891826923076923 0.9026442307692307 0.11538461538461539 0.10336538461538461
1 0.6177884615384616 0.9134615384615384 0.11538461538461539 0.08653846153846154
1 0.16826923076923078 0.9711538461538461 0.10576923076923077 0.057692307692307696
1 0.20673076923076922 0.6911057692307693 0.11057692307692307 0.10096153846153846
0 0.6069711538461539 0.5192307692307693 0.12740384615384615 0.10576923076923077
0 0.453125 0.53125 0.11057692307692307 0.0985576923076923
0 0.5745192307692307 0.6177884615384616 0.10817307692307693 0.10817307692307693
0 0.4543269230769231 0.6802884615384616 0.10336538461538461 0.10096153846153846
0 0.7872596153846154 0.5865384615384616 0.11778846153846154 0.10817307692307693
0 0.8473557692307693 0.6766826923076923 0.12980769230769232 0.11057692307692307
0 0.5889423076923077 0.8449519230769231 0.10576923076923077 0.09375
0 0.36778846153846156 0.8725961538461539 0.12259615384615384 0.10096153846153846
0 0.21634615384615385 0.9170673076923077 0.08653846153846154 0.07932692307692307
0 0.10697115384615384 0.7295673076923077 0.09375 0.08653846153846154