0 0.75390625 0.1578125 0.1953125 0.1515625
0 0.83359375 0.3046875 0.209375 0.1703125
0 0.56875 0.2234375 0.225 0.16875
0 0.43515625 0.28828125 0.2421875 0.2078125
0 0.29296875 0.36875 0.234375 0.1671875
2 0.840625 0.46484375 0.2078125 0.171875
2 0.7046875 0.446875 0.19375 0.1796875
2 0.3125 0.5640625 0.2109375 0.1890625
2 0.81640625 0.71484375 0.203125 0.1734375
2 0.5109375 0.8609375 0.2359375 0.2015625
1 0.66640625 0.75078125 0.1828125 0.1609375
1 0.54140625 0.61796875 0.21875 0.1875
1 0.24921875 0.74140625 0.25625 0.203125
1 0.46171875 0.503125 0.2140625 0.171875
1 0.48125 0.09609375 0.2234375 0.1765625