2 0.19110576923076922 0.3317307692307692 0.08653846153846154 0.06009615384615385
2 0.18629807692307693 0.4699519230769231 0.06490384615384616 0.052884615384615384
2 0.41225961538461536 0.47475961538461536 0.06490384615384616 0.052884615384615384
2 0.3161057692307692 0.38221153846153844 0.07692307692307693 0.0673076923076923
2 0.4050480769230769 0.3088942307692308 0.08413461538461539 0.06009615384615385
2 0.3473557692307692 0.2608173076923077 0.07211538461538461 0.05048076923076923
2 0.6983173076923077 0.5973557692307693 0.08653846153846154 0.0673076923076923
2 0.6021634615384616 0.7427884615384616 0.08653846153846154 0.06490384615384616
2 0.3581730769230769 0.6454326923076923 0.06490384615384616 0.057692307692307696
2 0.3918269230769231 0.5949519230769231 0.06490384615384616 0.052884615384615384
0 0.6165865384615384 0.6478365384615384 0.07451923076923077 0.057692307692307696
0 0.5480769230769231 0.625 0.06971153846153846 0.055288461538461536
0 0.6634615384615384 0.5168269230769231 0.07692307692307693 0.06009615384615385
0 0.5709134615384616 0.45913461538461536 0.0673076923076923 0.055288461538461536
0 0.640625 0.3954326923076923 0.07451923076923077 0.0625
0 0.5228365384615384 0.3798076923076923 0.08173076923076923 0.0625
1 0.2800480769230769 0.6069711538461539 0.0625 0.05048076923076923
0 0.23798076923076922 0.5528846153846154 0.0673076923076923 0.05048076923076923
1 0.3329326923076923 0.49399038461538464 0.06009615384615385 0.05048076923076923
0 0.27283653846153844 0.5120192307692307 0.06971153846153846 0.052884615384615384
0 0.4879807692307692 0.8125 0.07692307692307693 0.06009615384615385
0 0.26802884615384615 0.25841346153846156 0.07211538461538461 0.057692307692307696
1 0.5432692307692307 0.2920673076923077 0.09134615384615384 0.0625
1 0.7103365384615384 0.2860576923076923 0.08653846153846154 0.07211538461538461
1 0.38341346153846156 0.2127403846153846 0.0673076923076923 0.04567307692307692
1 0.33533653846153844 0.7379807692307693 0.07451923076923077 0.0625
1 0.4699519230769231 0.6730769230769231 0.0625 0.055288461538461536
1 0.49399038461538464 0.5444711538461539 0.08653846153846154 0.07211538461538461
1 0.3918269230769231 0.40625 0.07692307692307693 0.052884615384615384
1 0.21033653846153846 0.4050480769230769 0.07451923076923077 0.06490384615384616