0 0.7752403846153846 0.1658653846153846 0.08173076923076923 0.0673076923076923
0 0.7163461538461539 0.25 0.08653846153846154 0.07211538461538461
0 0.4375 0.3389423076923077 0.07211538461538461 0.057692307692307696
0 0.3137019230769231 0.3425480769230769 0.07451923076923077 0.06009615384615385
0 0.29086538461538464 0.4230769230769231 0.06009615384615385 0.05048076923076923
0 0.765625 0.45552884615384615 0.08653846153846154 0.06490384615384616
0 0.5324519230769231 0.4423076923076923 0.07451923076923077 0.06009615384615385
0 0.5072115384615384 0.5288461538461539 0.06490384615384616 0.057692307692307696
0 0.3894230769230769 0.5829326923076923 0.06971153846153846 0.057692307692307696
0 0.5300480769230769 0.6466346153846154 0.06490384615384616 0.057692307692307696
2 0.2403846153846154 0.7608173076923077 0.06009615384615385 0.057692307692307696
2 0.4098557692307692 0.6586538461538461 0.07692307692307693 0.0625
2 0.21754807692307693 0.5276442307692307 0.0625 0.06009615384615385
2 0.36538461538461536 0.41586538461538464 0.0673076923076923 0.052884615384615384
2 0.4675480769230769 0.4026442307692308 0.07211538461538461 0.06009615384615385
2 0.5564903846153846 0.36177884615384615 0.07211538461538461 0.0673076923076923
2 0.6646634615384616 0.33052884615384615 0.08413461538461539 0.055288461538461536
2 0.7668269230769231 0.36899038461538464 0.0889423076923077 0.07211538461538461
2 0.5649038461538461 0.21153846153846154 0.07692307692307693 0.06009615384615385
2 0.4050480769230769 0.2620192307692308 0.07451923076923077 0.06009615384615385
1 0.45913461538461536 0.2127403846153846 0.0673076923076923 0.057692307692307696
1 0.6466346153846154 0.5180288461538461 0.07211538461538461 0.0625
1 0.5901442307692307 0.4699519230769231 0.07932692307692307 0.055288461538461536
1 0.5973557692307693 0.6141826923076923 0.07451923076923077 0.0625
1 0.45913461538461536 0.7247596153846154 0.06971153846153846 0.06009615384615385
1 0.31490384615384615 0.6971153846153846 0.06490384615384616 0.05048076923076923
1 0.1466346153846154 0.7067307692307693 0.06490384615384616 0.055288461538461536
1 0.2764423076923077 0.5901442307692307 0.06009615384615385 0.057692307692307696
1 0.3389423076923077 0.5144230769230769 0.06490384615384616 0.05048076923076923
1 0.21394230769230768 0.40384615384615385 0.06009615384615385 0.04326923076923077