1 0.08203125 0.43359375 0.07734375 0.09296875
1 0.4125 0.31171875 0.07109375 0.0625
1 0.72265625 0.57421875 0.1015625 0.115625
1 0.8375 0.5625 0.08984375 0.10703125
1 0.38828125 0.784375 0.10859375 0.14296875
1 0.36640625 0.44375 0.08828125 0.09296875
1 0.7171875 0.75 0.1015625 0.11875
1 0.54296875 0.44921875 0.0828125 0.08828125
2 0.59296875 0.56953125 0.11171875 0.09296875
2 0.3625 0.57109375 0.0984375 0.0828125
2 0.45859375 0.6734375 0.1 0.109375
2 0.26875 0.48984375 0.10546875 0.09921875
2 0.43984375 0.384375 0.071875 0.078125
2 0.634375 0.32734375 0.07890625 0.08359375
2 0.884375 0.76171875 0.11953125 0.15078125
2 0.6734375 0.4078125 0.07578125 0.0609375
0 0.684375 0.475 0.090625 0.05859375
0 0.584375 0.759375 0.09921875 0.11328125
0 0.484375 0.53828125 0.07890625 0.08515625
0 0.3140625 0.3375 0.071875 0.07265625
0 0.24765625 0.646875 0.09140625 0.10390625
0 0.18046875 0.6015625 0.07421875 0.1
0 0.20234375 0.41796875 0.078125 0.05703125
0 0.1765625 0.35546875 0.06484375 0.06015625