2 0.75703125 0.40234375 0.0984375 0.1140625
2 0.63125 0.41875 0.0875 0.1
2 0.56484375 0.34609375 0.0890625 0.09375
2 0.34765625 0.296875 0.09375 0.1140625
2 0.3921875 0.68984375 0.09375 0.1171875
2 0.32265625 0.6484375 0.0796875 0.090625
2 0.553125 0.6984375 0.090625 0.115625
2 0.634375 0.73828125 0.075 0.0921875
1 0.421875 0.31640625 0.0890625 0.103125
1 0.2921875 0.4109375 0.090625 0.10625
1 0.48359375 0.21015625 0.096875 0.1140625
1 0.55390625 0.54140625 0.0953125 0.0984375
1 0.60234375 0.61484375 0.0875 0.1
1 0.39765625 0.51953125 0.0984375 0.103125
1 0.4375 0.865625 0.1046875 0.1109375
1 0.775 0.6875 0.096875 0.1078125
0 0.68671875 0.7265625 0.0828125 0.1015625
0 0.6125 0.825 0.1 0.1046875
0 0.68203125 0.59296875 0.1140625 0.128125
0 0.66484375 0.49765625 0.0859375 0.09375
0 0.57421875 0.4515625 0.0859375 0.103125
0 0.45546875 0.453125 0.0984375 0.1078125
0 0.48359375 0.690625 0.084375 0.10625
0 0.65390625 0.28359375 0.084375 0.1015625