2 0.2734375 0.47734375 0.08125 0.0953125
2 0.59140625 0.28828125 0.0765625 0.0828125
2 0.446875 0.3140625 0.0734375 0.0890625
2 0.671875 0.46484375 0.0953125 0.109375
2 0.79375 0.4484375 0.090625 0.1078125
2 0.86484375 0.4015625 0.084375 0.1
2 0.77421875 0.3390625 0.0984375 0.0984375
2 0.71875 0.78984375 0.1 0.1390625
0 0.62421875 0.78203125 0.103125 0.1390625
0 0.7453125 0.575 0.1015625 0.1140625
0 0.3421875 0.38671875 0.08125 0.09375
0 0.2859375 0.3453125 0.0859375 0.0859375
0 0.32421875 0.57109375 0.103125 0.109375
0 0.2078125 0.62265625 0.121875 0.128125
0 0.1265625 0.371875 0.0890625 0.0953125
0 0.33359375 0.22421875 0.0859375 0.0875
1 0.1890625 0.53125 0.0953125 0.1
1 0.51640625 0.584375 0.084375 0.1015625
1 0.428125 0.7640625 0.0921875 0.1203125
1 0.58203125 0.5703125 0.0875 0.10625
1 0.4859375 0.44453125 0.078125 0.090625
1 0.540625 0.39296875 0.08125 0.0859375
1 0.6625 0.30546875 0.0734375 0.0875
1 0.828125 0.58984375 0.0921875 0.1140625