0 0.24158653846153846 0.29086538461538464 0.07451923076923077 0.054086538461538464
0 0.41466346153846156 0.25961538461538464 0.078125 0.06370192307692307
0 0.5084134615384616 0.2644230769230769 0.078125 0.06370192307692307
2 0.4735576923076923 0.3894230769230769 0.07932692307692307 0.051682692307692304
0 0.4855769230769231 0.33533653846153844 0.078125 0.05889423076923077
0 0.6045673076923077 0.34975961538461536 0.07211538461538461 0.052884615384615384
1 0.4639423076923077 0.5516826923076923 0.06971153846153846 0.06370192307692307
0 0.5276442307692307 0.5048076923076923 0.06370192307692307 0.051682692307692304
0 0.5841346153846154 0.4567307692307692 0.0733173076923077 0.046875
0 0.29086538461538464 0.6598557692307693 0.07091346153846154 0.06009615384615385
1 0.39903846153846156 0.7079326923076923 0.0733173076923077 0.054086538461538464
0 0.38341346153846156 0.65625 0.06610576923076923 0.052884615384615384
0 0.5673076923076923 0.7079326923076923 0.07211538461538461 0.06009615384615385
1 0.30288461538461536 0.265625 0.06009615384615385 0.06129807692307692
1 0.34375 0.4098557692307692 0.078125 0.06129807692307692
1 0.4338942307692308 0.4543269230769231 0.07451923076923077 0.06009615384615385
1 0.6995192307692307 0.4495192307692308 0.06850961538461539 0.05889423076923077
1 0.7175480769230769 0.5348557692307693 0.06490384615384616 0.051682692307692304
1 0.640625 0.6274038461538461 0.0733173076923077 0.055288461538461536
1 0.7596153846153846 0.6322115384615384 0.0733173076923077 0.051682692307692304
1 0.6502403846153846 0.7043269230769231 0.06971153846153846 0.057692307692307696
2 0.25841346153846156 0.36177884615384615 0.08653846153846154 0.055288461538461536
2 0.22716346153846154 0.44711538461538464 0.09615384615384616 0.07091346153846154
2 0.6538461538461539 0.27403846153846156 0.08533653846153846 0.056490384615384616
2 0.7427884615384616 0.3293269230769231 0.05889423076923077 0.055288461538461536
2 0.7716346153846154 0.47836538461538464 0.0625 0.056490384615384616
2 0.7752403846153846 0.5649038461538461 0.06490384615384616 0.04927884615384615
2 0.3798076923076923 0.5865384615384616 0.07692307692307693 0.06129807692307692
2 0.4675480769230769 0.6802884615384616 0.06850961538461539 0.0625
2 0.5216346153846154 0.6310096153846154 0.07091346153846154 0.06129807692307692