2 0.7668269230769231 0.20552884615384615 0.10576923076923077 0.07932692307692307
2 0.9338942307692307 0.2776442307692308 0.10336538461538461 0.06971153846153846
2 0.8197115384615384 0.35697115384615385 0.1201923076923077 0.09134615384615384
2 0.7103365384615384 0.4338942307692308 0.09615384615384616 0.08413461538461539
2 0.90625 0.4879807692307692 0.09615384615384616 0.07692307692307693
2 0.890625 0.4266826923076923 0.08413461538461539 0.06490384615384616
2 0.6598557692307693 0.5733173076923077 0.10096153846153846 0.08413461538461539
2 0.1346153846153846 0.3858173076923077 0.11778846153846154 0.09134615384615384
2 0.42788461538461536 0.25721153846153844 0.11057692307692307 0.07932692307692307
2 0.6141826923076923 0.28846153846153844 0.08653846153846154 0.07692307692307693
1 0.10336538461538461 0.1466346153846154 0.125 0.08413461538461539
1 0.359375 0.5649038461538461 0.09375 0.07692307692307693
1 0.43028846153846156 0.41225961538461536 0.10336538461538461 0.0889423076923077
1 0.5444711538461539 0.3713942307692308 0.11057692307692307 0.08173076923076923
1 0.4879807692307692 0.5637019230769231 0.10096153846153846 0.06490384615384616
1 0.47716346153846156 0.5 0.09615384615384616 0.06971153846153846
1 0.8112980769230769 0.5072115384615384 0.10336538461538461 0.08413461538461539
1 0.9615384615384616 0.4254807692307692 0.07451923076923077 0.06009615384615385
1 0.5697115384615384 0.453125 0.10096153846153846 0.07932692307692307
1 0.5420673076923077 0.609375 0.09375 0.07211538461538461
0 0.29927884615384615 0.49278846153846156 0.11057692307692307 0.07692307692307693
0 0.3269230769230769 0.3137019230769231 0.11057692307692307 0.08413461538461539
0 0.24278846153846154 0.25961538461538464 0.10336538461538461 0.07932692307692307
0 0.3713942307692308 0.09975961538461539 0.11778846153846154 0.09134615384615384
0 0.6670673076923077 0.140625 0.10817307692307693 0.07692307692307693
0 0.5300480769230769 0.25841346153846156 0.09615384615384616 0.08413461538461539
0 0.9459134615384616 0.1658653846153846 0.06971153846153846 0.07692307692307693
0 0.7007211538461539 0.3245192307692308 0.09375 0.08413461538461539
0 0.875 0.5745192307692307 0.10096153846153846 0.09134615384615384
0 0.6442307692307693 0.6502403846153846 0.12259615384615384 0.08173076923076923