2 0.33359375 0.2859375 0.1890625 0.1421875
2 0.1625 0.39765625 0.1890625 0.1515625
2 0.696875 0.70546875 0.1703125 0.1375
2 0.7859375 0.56640625 0.1671875 0.1234375
2 0.36640625 0.58125 0.146875 0.13125
1 0.90234375 0.4390625 0.15625 0.13125
1 0.75859375 0.43125 0.15 0.1140625
1 0.503125 0.56171875 0.153125 0.1171875
1 0.12421875 0.62265625 0.15 0.134375
1 0.2203125 0.721875 0.178125 0.13125
0 0.42421875 0.79609375 0.1703125 0.13125
0 0.453125 0.42109375 0.1578125 0.134375
0 0.634375 0.33828125 0.159375 0.109375
0 0.5484375 0.24296875 0.1625 0.1375
0 0.7 0.17578125 0.165625 0.1265625