2 0.48197115384615385 0.2920673076923077 0.09134615384615384 0.10096153846153846
2 0.4326923076923077 0.19230769230769232 0.07932692307692307 0.09134615384615384
2 0.20432692307692307 0.30528846153846156 0.0889423076923077 0.10096153846153846
2 0.4723557692307692 0.5685096153846154 0.07932692307692307 0.08653846153846154
2 0.6754807692307693 0.4951923076923077 0.06009615384615385 0.08173076923076923
2 0.5612980769230769 0.7512019230769231 0.06971153846153846 0.0889423076923077
2 0.5685096153846154 0.6646634615384616 0.06971153846153846 0.06971153846153846
2 0.6598557692307693 0.7956730769230769 0.07692307692307693 0.10576923076923077
2 0.4675480769230769 0.7932692307692307 0.08413461538461539 0.09615384615384616
2 0.3245192307692308 0.7307692307692307 0.07451923076923077 0.07932692307692307
0 0.2800480769230769 0.3401442307692308 0.08173076923076923 0.0985576923076923
0 0.11177884615384616 0.34375 0.08653846153846154 0.10336538461538461
0 0.3245192307692308 0.6310096153846154 0.07451923076923077 0.10096153846153846
1 0.40625 0.34615384615384615 0.0985576923076923 0.11538461538461539
0 0.6923076923076923 0.3016826923076923 0.11057692307692307 0.12259615384615384
0 0.5036057692307693 0.18389423076923078 0.09134615384615384 0.10336538461538461
0 0.5408653846153846 0.5180288461538461 0.0625 0.07451923076923077
0 0.625 0.4807692307692308 0.057692307692307696 0.0625
0 0.5889423076923077 0.8545673076923077 0.08173076923076923 0.09615384615384616
0 0.49038461538461536 0.9302884615384616 0.08653846153846154 0.09615384615384616
0 0.42427884615384615 0.7283653846153846 0.07692307692307693 0.08413461538461539
1 0.4050480769230769 0.8521634615384616 0.07932692307692307 0.09134615384615384
1 0.2644230769230769 0.6694711538461539 0.06971153846153846 0.08413461538461539
1 0.4266826923076923 0.625 0.0625 0.0673076923076923
1 0.6153846153846154 0.5853365384615384 0.06971153846153846 0.07932692307692307
1 0.7019230769230769 0.5877403846153846 0.0625 0.08413461538461539
1 0.5673076923076923 0.2668269230769231 0.0985576923076923 0.10096153846153846
1 0.6430288461538461 0.19831730769230768 0.08173076923076923 0.0985576923076923
1 0.3641826923076923 0.2512019230769231 0.08173076923076923 0.09375
1 0.265625 0.21033653846153846 0.0985576923076923 0.10096153846153846