0 0.34453125 0.34375 0.08125 0.075
0 0.23984375 0.3484375 0.08125 0.0796875
0 0.16875 0.5046875 0.078125 0.0765625
0 0.40390625 0.4140625 0.0921875 0.09375
0 0.63125 0.4984375 0.1015625 0.103125
0 0.42578125 0.540625 0.096875 0.1
0 0.39453125 0.65078125 0.10625 0.10625
0 0.42734375 0.32421875 0.08125 0.0859375
1 0.19609375 0.75703125 0.109375 0.1078125
1 0.11640625 0.69375 0.10625 0.1
1 0.1046875 0.4625 0.0875 0.0828125
1 0.578125 0.78984375 0.1375 0.1609375
1 0.6265625 0.60703125 0.1171875 0.1265625
1 0.5484375 0.52890625 0.0890625 0.0890625
1 0.54453125 0.40703125 0.090625 0.0953125
1 0.865625 0.5875 0.1109375 0.109375
2 0.89375 0.72578125 0.1453125 0.14375
2 0.77265625 0.771875 0.134375 0.159375
2 0.4921875 0.2921875 0.0890625 0.103125
2 0.421875 0.76484375 0.13125 0.1453125
2 0.26171875 0.8640625 0.128125 0.153125
2 0.19609375 0.5953125 0.103125 0.103125
2 0.240625 0.41953125 0.09375 0.0796875
2 0.31796875 0.509375 0.1015625 0.10625