1 0.859375 0.2439903846153846 0.07211538461538461 0.055288461538461536
1 0.5985576923076923 0.18629807692307693 0.06971153846153846 0.06971153846153846
1 0.5180288461538461 0.20793269230769232 0.06850961538461539 0.06850961538461539
1 0.4651442307692308 0.43028846153846156 0.08052884615384616 0.0625
1 0.7007211538461539 0.40384615384615385 0.06370192307692307 0.04807692307692308
1 0.7524038461538461 0.43509615384615385 0.06850961538461539 0.051682692307692304
1 0.7740384615384616 0.5084134615384616 0.08052884615384616 0.06490384615384616
1 0.8161057692307693 0.44711538461538464 0.07091346153846154 0.057692307692307696
1 0.7980769230769231 0.6454326923076923 0.06850961538461539 0.05889423076923077
1 0.5817307692307693 0.7355769230769231 0.06971153846153846 0.06370192307692307
0 0.42427884615384615 0.1622596153846154 0.07451923076923077 0.06129807692307692
0 0.3269230769230769 0.1875 0.08413461538461539 0.07091346153846154
0 0.2980769230769231 0.34134615384615385 0.08413461538461539 0.0625
0 0.4723557692307692 0.328125 0.06490384615384616 0.057692307692307696
0 0.6346153846153846 0.2956730769230769 0.06490384615384616 0.05889423076923077
0 0.5949519230769231 0.4951923076923077 0.08173076923076923 0.0625
0 0.6862980769230769 0.5408653846153846 0.06850961538461539 0.051682692307692304
0 0.5841346153846154 0.6153846153846154 0.06971153846153846 0.04927884615384615
0 0.7271634615384616 0.7007211538461539 0.06971153846153846 0.0625
0 0.5336538461538461 0.8473557692307693 0.0673076923076923 0.052884615384615384
2 0.4074519230769231 0.25240384615384615 0.06850961538461539 0.055288461538461536
2 0.5420673076923077 0.32091346153846156 0.078125 0.06850961538461539
2 0.34375 0.4495192307692308 0.07572115384615384 0.06009615384615385
2 0.43149038461538464 0.5300480769230769 0.08413461538461539 0.06971153846153846
2 0.3918269230769231 0.6790865384615384 0.10817307692307693 0.08052884615384616
2 0.6742788461538461 0.3605769230769231 0.06971153846153846 0.04447115384615385
2 0.8870192307692307 0.4074519230769231 0.06370192307692307 0.055288461538461536
2 0.5709134615384616 0.5697115384615384 0.07692307692307693 0.054086538461538464
2 0.7980769230769231 0.5925480769230769 0.0625 0.046875
2 0.6382211538461539 0.8521634615384616 0.09615384615384616 0.0625