0 0.65859375 0.38828125 0.06484375 0.09140625
0 0.6703125 0.46953125 0.071875 0.08671875
0 0.6921875 0.78671875 0.0828125 0.1
0 0.43203125 0.64453125 0.071875 0.08671875
0 0.4640625 0.41953125 0.0765625 0.08125
0 0.21171875 0.52734375 0.0953125 0.10078125
0 0.30234375 0.32421875 0.07109375 0.10703125
0 0.28828125 0.23203125 0.07578125 0.0859375
1 0.18828125 0.215625 0.08515625 0.10859375
1 0.17421875 0.41796875 0.08203125 0.09453125
1 0.415625 0.2796875 0.06484375 0.08671875
1 0.409375 0.5609375 0.0625 0.06953125
1 0.33515625 0.59453125 0.06484375 0.06171875
1 0.834375 0.7234375 0.0734375 0.10234375
1 0.53515625 0.68125 0.059375 0.08671875
1 0.5875 0.52421875 0.078125 0.11015625
2 0.521875 0.1796875 0.075 0.11796875
2 0.475 0.328125 0.07578125 0.07265625
2 0.36875 0.67734375 0.0640625 0.0984375
2 0.21484375 0.6484375 0.096875 0.1125
2 0.3859375 0.48203125 0.07734375 0.09609375
2 0.4640625 0.72421875 0.0875 0.103125
2 0.5953125 0.675 0.0671875 0.09296875
2 0.74609375 0.67734375 0.090625 0.084375