0 0.7484375 0.47734375 0.1109375 0.128125
0 0.6421875 0.60390625 0.1078125 0.125
0 0.459375 0.521875 0.128125 0.1390625
0 0.24453125 0.6859375 0.1390625 0.18125
0 0.2671875 0.35078125 0.1265625 0.1296875
0 0.36640625 0.24921875 0.1125 0.1140625
0 0.134375 0.2921875 0.1015625 0.1171875
0 0.56640625 0.25703125 0.0875 0.0828125
1 0.56640625 0.7234375 0.1578125 0.1765625
1 0.24921875 0.5375 0.125 0.128125
1 0.7625 0.84375 0.121875 0.146875
1 0.7078125 0.7796875 0.1140625 0.1515625
1 0.78203125 0.365625 0.078125 0.08125
1 0.68984375 0.265625 0.1015625 0.0890625
1 0.50703125 0.3 0.0828125 0.0828125
1 0.83984375 0.53125 0.1078125 0.125
2 0.85078125 0.71328125 0.1125 0.15
2 0.76328125 0.6359375 0.140625 0.1375
2 0.65234375 0.41875 0.1015625 0.1125
2 0.57578125 0.4671875 0.1015625 0.1296875
2 0.41015625 0.74140625 0.1328125 0.1578125
2 0.428125 0.4265625 0.1046875 0.1015625
2 0.4125 0.15 0.0921875 0.0984375
2 0.26875 0.21015625 0.1125 0.1015625