0 0.7234375 0.371875 0.0625 0.0625
0 0.68359375 0.75390625 0.0984375 0.1
0 0.56953125 0.44140625 0.0734375 0.08125
0 0.50625 0.35546875 0.0609375 0.053125
0 0.3640625 0.32890625 0.059375 0.0515625
0 0.3203125 0.3703125 0.0625 0.059375
0 0.31484375 0.49375 0.065625 0.0578125
0 0.20859375 0.4671875 0.075 0.0671875
1 0.77890625 0.49453125 0.08125 0.0796875
1 0.6390625 0.32421875 0.0671875 0.053125
1 0.45234375 0.3734375 0.053125 0.05625
1 0.45234375 0.30703125 0.0515625 0.0484375
1 0.40625 0.4578125 0.0765625 0.06875
1 0.21484375 0.58046875 0.0859375 0.0859375
1 0.53203125 0.6 0.1 0.0875
1 0.23125 0.690625 0.103125 0.103125
2 0.66171875 0.5390625 0.0890625 0.0796875
2 0.6265625 0.39453125 0.0609375 0.06875
2 0.5453125 0.309375 0.0671875 0.053125
2 0.4984375 0.46796875 0.071875 0.0671875
2 0.425 0.58203125 0.0796875 0.090625
2 0.37578125 0.6765625 0.084375 0.0890625
2 0.3328125 0.77265625 0.1015625 0.1125
2 0.125 0.5546875 0.08125 0.08125