2 0.7235576923076923 0.23677884615384615 0.08533653846153846 0.07211538461538461
2 0.6045673076923077 0.24879807692307693 0.07932692307692307 0.07211538461538461
2 0.22355769230769232 0.3918269230769231 0.0829326923076923 0.06490384615384616
2 0.6622596153846154 0.41346153846153844 0.07451923076923077 0.05889423076923077
2 0.8016826923076923 0.4074519230769231 0.06850961538461539 0.06009615384615385
2 0.5528846153846154 0.5564903846153846 0.0829326923076923 0.054086538461538464
2 0.43509615384615385 0.6814903846153846 0.06490384615384616 0.06009615384615385
2 0.6574519230769231 0.6742788461538461 0.078125 0.051682692307692304
1 0.7632211538461539 0.6658653846153846 0.08413461538461539 0.05889423076923077
2 0.8112980769230769 0.6177884615384616 0.06129807692307692 0.04807692307692308
2 0.8822115384615384 0.59375 0.06850961538461539 0.052884615384615384
0 0.5 0.2692307692307692 0.08173076923076923 0.06370192307692307
0 0.3942307692307692 0.34615384615384615 0.09014423076923077 0.06129807692307692
0 0.5685096153846154 0.4230769230769231 0.0829326923076923 0.046875
0 0.7199519230769231 0.36177884615384615 0.06009615384615385 0.052884615384615384
0 0.47836538461538464 0.44591346153846156 0.08533653846153846 0.056490384615384616
0 0.3076923076923077 0.5 0.10216346153846154 0.078125
0 0.35336538461538464 0.5865384615384616 0.09735576923076923 0.0673076923076923
0 0.2800480769230769 0.6670673076923077 0.09014423076923077 0.06850961538461539
0 0.7175480769230769 0.48197115384615385 0.078125 0.06129807692307692
0 0.8942307692307693 0.4963942307692308 0.06850961538461539 0.054086538461538464
1 0.4735576923076923 0.3701923076923077 0.08173076923076923 0.06129807692307692
1 0.5901442307692307 0.37740384615384615 0.0829326923076923 0.04326923076923077
1 0.5048076923076923 0.7692307692307693 0.07932692307692307 0.06129807692307692
1 0.3641826923076923 0.8040865384615384 0.09134615384615384 0.06370192307692307
1 0.5600961538461539 0.6658653846153846 0.078125 0.06971153846153846
1 0.640625 0.7355769230769231 0.078125 0.055288461538461536
1 0.7956730769230769 0.5685096153846154 0.05889423076923077 0.042067307692307696
1 0.6430288461538461 0.5516826923076923 0.0829326923076923 0.0673076923076923
1 0.47475961538461536 0.6310096153846154 0.06971153846153846 0.055288461538461536