2 0.88984375 0.375 0.1625 0.11875
2 0.7703125 0.44453125 0.1828125 0.1265625
2 0.68828125 0.26328125 0.1546875 0.146875
2 0.359375 0.5671875 0.175 0.1171875
2 0.828125 0.7828125 0.175 0.140625
0 0.86171875 0.24765625 0.1546875 0.1359375
0 0.69296875 0.10234375 0.165625 0.140625
0 0.5625 0.515625 0.1359375 0.1046875
0 0.43125 0.73828125 0.1859375 0.1421875
0 0.12578125 0.46796875 0.1921875 0.1421875
1 0.3921875 0.3671875 0.178125 0.121875
1 0.4203125 0.47734375 0.1453125 0.0875
1 0.421875 0.8828125 0.13125 0.1234375
1 0.69375 0.5421875 0.1515625 0.125
1 0.55 0.6109375 0.159375 0.1078125