2 0.85390625 0.334375 0.1140625 0.11328125
2 0.6984375 0.5515625 0.1421875 0.17109375
2 0.48359375 0.2109375 0.07734375 0.0921875
2 0.440625 0.13203125 0.075 0.07734375
1 0.61875 0.34921875 0.1046875 0.12265625
1 0.46796875 0.3515625 0.10625 0.1078125
1 0.34140625 0.6953125 0.15625 0.20390625
1 0.7015625 0.2640625 0.0953125 0.09453125
0 0.29609375 0.4921875 0.12734375 0.128125
0 0.31171875 0.365625 0.10390625 0.1
0 0.52578125 0.60546875 0.1328125 0.16640625
0 0.578125 0.809375 0.15859375 0.2140625