1 0.70078125 0.7546875 0.08125 0.0953125
1 0.60625 0.5328125 0.0625 0.0765625
1 0.51328125 0.53671875 0.08125 0.0828125
1 0.503125 0.45078125 0.06875 0.0734375
1 0.384375 0.34296875 0.0703125 0.0609375
1 0.4875 0.28046875 0.065625 0.0625
1 0.17890625 0.32265625 0.071875 0.0546875
1 0.33359375 0.16015625 0.05 0.05
2 0.27578125 0.18515625 0.0578125 0.0578125
2 0.31328125 0.2828125 0.05625 0.0640625
2 0.2109375 0.58984375 0.09375 0.0765625
2 0.35234375 0.43671875 0.075 0.071875
2 0.60703125 0.3828125 0.075 0.0671875
2 0.49609375 0.80703125 0.0890625 0.1421875
2 0.6421875 0.84609375 0.1015625 0.0921875
2 0.63359375 0.7015625 0.071875 0.084375
0 0.60078125 0.76953125 0.0859375 0.0765625
0 0.70078125 0.65625 0.084375 0.0984375
0 0.42265625 0.63671875 0.1 0.109375
0 0.3546875 0.77265625 0.0921875 0.1234375
0 0.3546875 0.5140625 0.08125 0.084375
0 0.2328125 0.51953125 0.0859375 0.084375
0 0.22734375 0.4109375 0.0859375 0.0984375
0 0.59765625 0.46015625 0.0828125 0.065625