1 0.63359375 0.634375 0.12265625 0.096875
1 0.18828125 0.53359375 0.16328125 0.09921875
1 0.40703125 0.87109375 0.1484375 0.1140625
1 0.62734375 0.29453125 0.16796875 0.13671875
1 0.62890625 0.16015625 0.14609375 0.1125
2 0.78203125 0.2875 0.14765625 0.09765625
2 0.771875 0.4125 0.16328125 0.115625
2 0.51796875 0.53515625 0.1515625 0.10390625
2 0.40390625 0.42734375 0.15546875 0.10078125
2 0.725 0.74453125 0.1484375 0.1140625
0 0.7 0.86796875 0.16484375 0.12265625
0 0.50546875 0.75234375 0.18359375 0.1375
0 0.465625 0.2375 0.16796875 0.12578125
0 0.29140625 0.28984375 0.16875 0.12734375
0 0.69140625 0.515625 0.15859375 0.08515625