0 0.4963942307692308 0.2692307692307692 0.10096153846153846 0.07932692307692307
0 0.6237980769230769 0.36658653846153844 0.07932692307692307 0.07932692307692307
0 0.43149038461538464 0.36538461538461536 0.08653846153846154 0.07932692307692307
0 0.15144230769230768 0.4026442307692308 0.08653846153846154 0.07211538461538461
0 0.3918269230769231 0.5757211538461539 0.07692307692307693 0.06971153846153846
0 0.6730769230769231 0.5709134615384616 0.10817307692307693 0.09375
0 0.625 0.6706730769230769 0.07932692307692307 0.07451923076923077
0 0.5492788461538461 0.7752403846153846 0.0985576923076923 0.0889423076923077
0 0.15865384615384615 0.515625 0.07211538461538461 0.0625
0 0.171875 0.6370192307692307 0.08173076923076923 0.07451923076923077
1 0.6574519230769231 0.20072115384615385 0.0889423076923077 0.07451923076923077
1 0.7788461538461539 0.28966346153846156 0.11778846153846154 0.07932692307692307
1 0.35096153846153844 0.28846153846153844 0.07692307692307693 0.07211538461538461
1 0.5336538461538461 0.4639423076923077 0.09615384615384616 0.08653846153846154
1 0.47836538461538464 0.6754807692307693 0.08173076923076923 0.07451923076923077
1 0.29086538461538464 0.8076923076923077 0.09134615384615384 0.07932692307692307
2 0.2848557692307692 0.5841346153846154 0.08653846153846154 0.0673076923076923
1 0.25240384615384615 0.5324519230769231 0.08173076923076923 0.06490384615384616
1 0.3942307692307692 0.47115384615384615 0.09134615384615384 0.07451923076923077
1 0.22235576923076922 0.38221153846153844 0.07451923076923077 0.06490384615384616
1 0.8569711538461539 0.4387019230769231 0.12259615384615384 0.07932692307692307
2 0.8461538461538461 0.375 0.0985576923076923 0.07692307692307693
2 0.6959134615384616 0.3762019230769231 0.09615384615384616 0.07211538461538461
2 0.7668269230769231 0.5204326923076923 0.09615384615384616 0.08653846153846154
2 0.5456730769230769 0.5949519230769231 0.10336538461538461 0.08413461538461539
2 0.6911057692307693 0.6454326923076923 0.10576923076923077 0.07692307692307693
2 0.30408653846153844 0.375 0.08413461538461539 0.07211538461538461
2 0.36899038461538464 0.6550480769230769 0.10096153846153846 0.08653846153846154
2 0.11658653846153846 0.5769230769230769 0.08173076923076923 0.06490384615384616
2 0.25721153846153844 0.734375 0.07692307692307693 0.06490384615384616