2 0.046875 0.16947115384615385 0.055288461538461536 0.08413461538461539
2 0.453125 0.2704326923076923 0.10096153846153846 0.07692307692307693
2 0.3918269230769231 0.4206730769230769 0.09134615384615384 0.07211538461538461
2 0.4230769230769231 0.5264423076923077 0.07211538461538461 0.0673076923076923
2 0.7788461538461539 0.3004807692307692 0.09375 0.0889423076923077
2 0.8882211538461539 0.48197115384615385 0.13221153846153846 0.10336538461538461
2 0.6298076923076923 0.5240384615384616 0.0985576923076923 0.07692307692307693
2 0.5036057692307693 0.46875 0.08173076923076923 0.08173076923076923
2 0.1310096153846154 0.7584134615384616 0.11298076923076923 0.0889423076923077
0 0.7512019230769231 0.19831730769230768 0.10817307692307693 0.07211538461538461
0 0.49278846153846156 0.17908653846153846 0.09615384615384616 0.07932692307692307
0 0.4639423076923077 0.35216346153846156 0.08413461538461539 0.0625
0 0.7524038461538461 0.5721153846153846 0.0985576923076923 0.07692307692307693
0 0.6141826923076923 0.6237980769230769 0.0889423076923077 0.07451923076923077
0 0.5120192307692307 0.640625 0.10096153846153846 0.07932692307692307
0 0.10336538461538461 0.21033653846153846 0.09375 0.09134615384615384
0 0.10096153846153846 0.30528846153846156 0.10576923076923077 0.08413461538461539
0 0.027644230769230768 0.3449519230769231 0.040865384615384616 0.07692307692307693
0 0.02283653846153846 0.6646634615384616 0.04567307692307692 0.07932692307692307
1 0.6189903846153846 0.20793269230769232 0.08173076923076923 0.07451923076923077
1 0.9182692307692307 0.3701923076923077 0.10576923076923077 0.08173076923076923
1 0.5925480769230769 0.2920673076923077 0.09134615384615384 0.06009615384615385
1 0.6346153846153846 0.3870192307692308 0.11298076923076923 0.08413461538461539
1 0.7680288461538461 0.43509615384615385 0.12259615384615384 0.08653846153846154
1 0.12620192307692307 0.5096153846153846 0.0985576923076923 0.08653846153846154
1 0.06971153846153846 0.578125 0.10336538461538461 0.08653846153846154
1 0.12620192307692307 0.6778846153846154 0.09615384615384616 0.09615384615384616
1 0.030048076923076924 0.49399038461538464 0.06009615384615385 0.0889423076923077