1 0.87109375 0.48671875 0.1203125 0.1171875
1 0.5578125 0.74921875 0.1359375 0.1171875
1 0.30546875 0.67421875 0.1765625 0.128125
1 0.12421875 0.66484375 0.1953125 0.153125
1 0.78515625 0.353125 0.1171875 0.1015625
1 0.68203125 0.2828125 0.14375 0.109375
1 0.40078125 0.29609375 0.153125 0.1359375
0 0.8671875 0.325 0.10625 0.1046875
0 0.778125 0.4375 0.146875 0.1046875
0 0.5484375 0.57109375 0.1609375 0.1234375
0 0.5609375 0.47421875 0.1671875 0.128125
0 0.35390625 0.51796875 0.196875 0.1546875
0 0.5078125 0.36796875 0.1671875 0.1234375
0 0.3859375 0.1640625 0.1609375 0.11875
2 0.6984375 0.7 0.128125 0.109375
2 0.69921875 0.590625 0.1421875 0.1328125
2 0.51171875 0.21171875 0.1734375 0.14375
2 0.10625 0.35390625 0.1953125 0.1546875
2 0.39609375 0.8203125 0.1828125 0.1421875
2 0.67578125 0.38125 0.1546875 0.1140625
2 0.32890625 0.39453125 0.15625 0.1421875