2 0.27265625 0.5171875 0.06796875 0.08515625
2 0.553125 0.27578125 0.065625 0.071875
2 0.415625 0.32578125 0.06015625 0.0796875
2 0.66328125 0.43515625 0.08046875 0.096875
2 0.78046875 0.3984375 0.075 0.096875
2 0.8421875 0.33984375 0.06953125 0.0890625
2 0.7421875 0.29375 0.084375 0.084375
2 0.765625 0.74765625 0.07890625 0.1265625
0 0.67109375 0.75625 0.0828125 0.1265625
0 0.7546875 0.53125 0.0859375 0.1
0 0.325 0.415625 0.06796875 0.0828125
0 0.2625 0.38515625 0.0734375 0.07421875
0 0.3390625 0.60078125 0.08828125 0.09609375
0 0.23359375 0.671875 0.10390625 0.1125
0 0.11015625 0.43828125 0.07578125 0.08359375
0 0.28828125 0.25703125 0.07421875 0.07578125
1 0.19921875 0.58515625 0.08125 0.08671875
1 0.53046875 0.58046875 0.0703125 0.090625
1 0.475 0.77265625 0.075 0.109375
1 0.59296875 0.5546875 0.07265625 0.09453125
1 0.4765625 0.44765625 0.06484375 0.08125
1 0.52109375 0.3875 0.06953125 0.07578125
1 0.6265625 0.28046875 0.06015625 0.07890625
1 0.8390625 0.53125 0.07578125 0.10234375