2 0.8064903846153846 0.2608173076923077 0.06490384615384616 0.05889423076923077
1 0.7415865384615384 0.32091346153846156 0.05889423076923077 0.055288461538461536
2 0.7956730769230769 0.3173076923076923 0.06610576923076923 0.046875
2 0.5564903846153846 0.25 0.08413461538461539 0.057692307692307696
2 0.3112980769230769 0.24519230769230768 0.09014423076923077 0.07572115384615384
2 0.28725961538461536 0.3473557692307692 0.09014423076923077 0.0625
1 0.44711538461538464 0.4050480769230769 0.06009615384615385 0.04927884615384615
2 0.515625 0.3641826923076923 0.07692307692307693 0.06009615384615385
2 0.3449519230769231 0.6538461538461539 0.06850961538461539 0.0625
2 0.6334134615384616 0.484375 0.07091346153846154 0.057692307692307696
2 0.7175480769230769 0.5997596153846154 0.06971153846153846 0.04567307692307692
2 0.7956730769230769 0.45072115384615385 0.06610576923076923 0.057692307692307696
0 0.4699519230769231 0.2980769230769231 0.08052884615384616 0.06370192307692307
0 0.6947115384615384 0.21033653846153846 0.07572115384615384 0.051682692307692304
0 0.6033653846153846 0.3425480769230769 0.08774038461538461 0.055288461538461536
0 0.2920673076923077 0.4375 0.07451923076923077 0.06370192307692307
0 0.4891826923076923 0.4387019230769231 0.06490384615384616 0.056490384615384616
0 0.3473557692307692 0.5408653846153846 0.08413461538461539 0.052884615384615384
0 0.48197115384615385 0.5036057692307693 0.07091346153846154 0.052884615384615384
0 0.4891826923076923 0.6274038461538461 0.08413461538461539 0.057692307692307696
0 0.5913461538461539 0.6225961538461539 0.07451923076923077 0.06129807692307692
0 0.6466346153846154 0.6911057692307693 0.05889423076923077 0.055288461538461536
1 0.3954326923076923 0.49038461538461536 0.07692307692307693 0.046875
1 0.6646634615384616 0.4206730769230769 0.078125 0.05048076923076923
1 0.6875 0.5564903846153846 0.06370192307692307 0.04927884615384615
1 0.7536057692307693 0.5132211538461539 0.05889423076923077 0.06009615384615385
1 0.8305288461538461 0.5853365384615384 0.06850961538461539 0.046875
1 0.8161057692307693 0.6742788461538461 0.06610576923076923 0.051682692307692304
1 0.8557692307692307 0.4795673076923077 0.056490384615384616 0.054086538461538464
1 0.8341346153846154 0.375 0.055288461538461536 0.057692307692307696