2 0.14903846153846154 0.15384615384615385 0.1346153846153846 0.125
1 0.23918269230769232 0.2247596153846154 0.12980769230769232 0.11538461538461539
1 0.1045673076923077 0.30528846153846156 0.125 0.10336538461538461
1 0.10336538461538461 0.5492788461538461 0.12980769230769232 0.10336538461538461
1 0.056490384615384616 0.6610576923076923 0.11298076923076923 0.09615384615384616
1 0.14783653846153846 0.6622596153846154 0.0985576923076923 0.0985576923076923
1 0.7896634615384616 0.6382211538461539 0.09134615384615384 0.07692307692307693
1 0.7512019230769231 0.5817307692307693 0.10817307692307693 0.07451923076923077
1 0.8497596153846154 0.32091346153846156 0.11057692307692307 0.08653846153846154
1 0.6490384615384616 0.34375 0.09615384615384616 0.08173076923076923
0 0.9170673076923077 0.5276442307692307 0.08173076923076923 0.06490384615384616
1 0.8557692307692307 0.49158653846153844 0.07932692307692307 0.07692307692307693
2 0.6826923076923077 0.203125 0.10096153846153846 0.08413461538461539
2 0.890625 0.24158653846153846 0.11298076923076923 0.08653846153846154
2 0.7908653846153846 0.39783653846153844 0.10576923076923077 0.08173076923076923
2 0.7427884615384616 0.4831730769230769 0.10096153846153846 0.09134615384615384
2 0.6274038461538461 0.4254807692307692 0.10817307692307693 0.07932692307692307
2 0.6129807692307693 0.49759615384615385 0.10817307692307693 0.08173076923076923
2 0.5985576923076923 0.5973557692307693 0.10096153846153846 0.07932692307692307
2 0.46153846153846156 0.5793269230769231 0.09134615384615384 0.06971153846153846
2 0.24759615384615385 0.7463942307692307 0.13942307692307693 0.09375
0 0.7091346153846154 0.28725961538461536 0.09134615384615384 0.07692307692307693
0 0.5204326923076923 0.375 0.09615384615384616 0.07932692307692307
0 0.640625 0.7019230769230769 0.09615384615384616 0.07451923076923077
0 0.5540865384615384 0.6610576923076923 0.09615384615384616 0.07211538461538461
0 0.07451923076923077 0.4387019230769231 0.10817307692307693 0.0985576923076923
0 0.25240384615384615 0.5348557692307693 0.11057692307692307 0.09375
0 0.2283653846153846 0.6129807692307693 0.11057692307692307 0.08653846153846154
0 0.11177884615384616 0.7463942307692307 0.10576923076923077 0.08653846153846154
0 0.20673076923076922 0.8329326923076923 0.125 0.09615384615384616