2 0.7451923076923077 0.23798076923076922 0.09375 0.07932692307692307
2 0.6201923076923077 0.25240384615384615 0.08653846153846154 0.07932692307692307
2 0.22596153846153846 0.4170673076923077 0.0889423076923077 0.07211538461538461
2 0.6875 0.42427884615384615 0.07932692307692307 0.06490384615384616
2 0.8329326923076923 0.41225961538461536 0.07211538461538461 0.06490384615384616
2 0.5769230769230769 0.578125 0.0889423076923077 0.06009615384615385
2 0.4579326923076923 0.7127403846153846 0.06971153846153846 0.06490384615384616
2 0.6911057692307693 0.6971153846153846 0.08413461538461539 0.057692307692307696
1 0.8028846153846154 0.6838942307692307 0.09134615384615384 0.06490384615384616
2 0.8509615384615384 0.6322115384615384 0.0673076923076923 0.052884615384615384
2 0.9230769230769231 0.6057692307692307 0.07451923076923077 0.057692307692307696
0 0.5120192307692307 0.27884615384615385 0.08653846153846154 0.06971153846153846
0 0.4026442307692308 0.3629807692307692 0.09615384615384616 0.0673076923076923
0 0.5889423076923077 0.4375 0.0889423076923077 0.052884615384615384
0 0.7439903846153846 0.36778846153846156 0.06490384615384616 0.057692307692307696
0 0.4951923076923077 0.4651442307692308 0.09134615384615384 0.0625
0 0.31971153846153844 0.5276442307692307 0.11057692307692307 0.08653846153846154
0 0.36899038461538464 0.6177884615384616 0.10336538461538461 0.07211538461538461
0 0.2956730769230769 0.703125 0.09615384615384616 0.07451923076923077
0 0.7463942307692307 0.49399038461538464 0.08413461538461539 0.0673076923076923
0 0.9326923076923077 0.5024038461538461 0.07211538461538461 0.06009615384615385
1 0.4879807692307692 0.3858173076923077 0.08653846153846154 0.0673076923076923
1 0.6105769230769231 0.3894230769230769 0.0889423076923077 0.04807692307692308
1 0.5348557692307693 0.8028846153846154 0.08413461538461539 0.0673076923076923
1 0.3894230769230769 0.84375 0.0985576923076923 0.06971153846153846
1 0.5889423076923077 0.6935096153846154 0.08653846153846154 0.07692307692307693
1 0.6766826923076923 0.7620192307692307 0.08413461538461539 0.06009615384615385
1 0.8329326923076923 0.5817307692307693 0.06490384615384616 0.04567307692307692
1 0.671875 0.5697115384615384 0.0889423076923077 0.07451923076923077
1 0.4987980769230769 0.6586538461538461 0.07451923076923077 0.0625