0 0.5721153846153846 0.04807692307692308 0.09134615384615384 0.08653846153846154
0 0.6959134615384616 0.15625 0.12740384615384615 0.09375
0 0.8197115384615384 0.2704326923076923 0.1346153846153846 0.09615384615384616
0 0.41225961538461536 0.2403846153846154 0.09375 0.07692307692307693
0 0.16105769230769232 0.15865384615384615 0.07932692307692307 0.06971153846153846
2 0.1466346153846154 0.3245192307692308 0.08173076923076923 0.0673076923076923
0 0.17668269230769232 0.27283653846153844 0.08413461538461539 0.06971153846153846
0 0.20192307692307693 0.37740384615384615 0.08173076923076923 0.0625
0 0.5456730769230769 0.4567307692307692 0.10817307692307693 0.08653846153846154
0 0.5540865384615384 0.5841346153846154 0.10576923076923077 0.08413461538461539
0 0.38100961538461536 0.5384615384615384 0.0889423076923077 0.07932692307692307
2 0.6887019230769231 0.06850961538461539 0.10336538461538461 0.09615384615384616
2 0.41346153846153844 0.027644230769230768 0.09134615384615384 0.055288461538461536
2 0.5048076923076923 0.16826923076923078 0.09615384615384616 0.08173076923076923
2 0.375 0.15865384615384615 0.08173076923076923 0.07932692307692307
2 0.2800480769230769 0.2980769230769231 0.07692307692307693 0.07932692307692307
2 0.6622596153846154 0.3870192307692308 0.11298076923076923 0.09375
2 0.1814903846153846 0.453125 0.09134615384615384 0.07932692307692307
2 0.30408653846153844 0.5552884615384616 0.07692307692307693 0.0673076923076923
2 0.2091346153846154 0.6021634615384616 0.07211538461538461 0.07451923076923077
1 0.5901442307692307 0.1971153846153846 0.09615384615384616 0.08413461538461539
1 0.328125 0.009615384615384616 0.07932692307692307 0.019230769230769232
1 0.7572115384615384 0.3329326923076923 0.1201923076923077 0.08653846153846154
1 0.6875 0.5 0.0985576923076923 0.08413461538461539
1 0.3870192307692308 0.4098557692307692 0.09615384615384616 0.08413461538461539
1 0.49158653846153844 0.34375 0.08653846153846154 0.08653846153846154
1 0.27283653846153844 0.20432692307692307 0.08413461538461539 0.08413461538461539
1 0.3004807692307692 0.6634615384615384 0.09615384615384616 0.07451923076923077
1 0.4639423076923077 0.7127403846153846 0.09134615384615384 0.08413461538461539
1 0.16466346153846154 0.5612980769230769 0.07692307692307693 0.07451923076923077