0 0.8546875 0.653125 0.09375 0.115625
0 0.72578125 0.603125 0.1015625 0.13125
0 0.72578125 0.4140625 0.096875 0.11875
0 0.58359375 0.3 0.0796875 0.1125
0 0.471875 0.29296875 0.09375 0.1046875
0 0.47421875 0.146875 0.0953125 0.0984375
0 0.4359375 0.465625 0.090625 0.115625
0 0.36484375 0.64375 0.0890625 0.125
1 0.26484375 0.57421875 0.0859375 0.109375
1 0.37578125 0.3328125 0.08125 0.1109375
1 0.27734375 0.26796875 0.0921875 0.115625
1 0.19375 0.2375 0.0921875 0.090625
1 0.65078125 0.2203125 0.078125 0.0984375
1 0.80546875 0.13671875 0.0796875 0.0875
1 0.3515625 0.79453125 0.1109375 0.1328125
1 0.546875 0.60390625 0.1015625 0.1359375
2 0.65234375 0.77578125 0.1140625 0.1453125
2 0.64140625 0.5046875 0.0921875 0.1328125
2 0.53984375 0.4296875 0.09375 0.1265625
2 0.8515625 0.22265625 0.103125 0.109375
2 0.890625 0.40078125 0.1078125 0.1375
2 0.37578125 0.1015625 0.0875 0.0890625
2 0.17578125 0.45 0.0921875 0.13125
2 0.07890625 0.46484375 0.10625 0.096875