1 0.5697115384615384 0.1310096153846154 0.04326923076923077 0.04326923076923077
2 0.5228365384615384 0.16346153846153846 0.052884615384615384 0.055288461538461536
0 0.5132211538461539 0.11298076923076923 0.05048076923076923 0.05048076923076923
0 0.7079326923076923 0.29086538461538464 0.06490384615384616 0.06009615384615385
0 0.6862980769230769 0.37740384615384615 0.0673076923076923 0.07692307692307693
1 0.5360576923076923 0.6286057692307693 0.05048076923076923 0.055288461538461536
0 0.5048076923076923 0.5661057692307693 0.040865384615384616 0.05048076923076923
0 0.4855769230769231 0.5264423076923077 0.04326923076923077 0.05048076923076923
2 0.6117788461538461 0.5889423076923077 0.052884615384615384 0.04807692307692308
0 0.5889423076923077 0.5456730769230769 0.040865384615384616 0.04567307692307692
1 0.6129807692307693 0.7824519230769231 0.05048076923076923 0.052884615384615384
0 0.5769230769230769 0.7115384615384616 0.04567307692307692 0.06490384615384616
0 0.5985576923076923 0.8449519230769231 0.052884615384615384 0.0673076923076923
0 0.46033653846153844 0.6622596153846154 0.04567307692307692 0.04326923076923077
2 0.6237980769230769 0.24879807692307693 0.055288461538461536 0.05048076923076923
0 0.5853365384615384 0.17548076923076922 0.057692307692307696 0.038461538461538464
1 0.8353365384615384 0.44471153846153844 0.06490384615384616 0.0625
1 0.7487980769230769 0.4651442307692308 0.07211538461538461 0.07211538461538461
1 0.765625 0.34615384615384615 0.06009615384615385 0.0625
1 0.5625 0.09975961538461539 0.05048076923076923 0.04326923076923077
2 0.5084134615384616 0.4699519230769231 0.04567307692307692 0.052884615384615384
1 0.47115384615384615 0.4387019230769231 0.038461538461538464 0.052884615384615384
2 0.4891826923076923 0.8149038461538461 0.052884615384615384 0.06971153846153846
1 0.46634615384615385 0.75 0.05048076923076923 0.057692307692307696
1 0.4074519230769231 0.7548076923076923 0.052884615384615384 0.057692307692307696
2 0.6514423076923077 0.203125 0.06009615384615385 0.055288461538461536
2 0.5408653846153846 0.9086538461538461 0.055288461538461536 0.08653846153846154
2 0.43509615384615385 0.49399038461538464 0.055288461538461536 0.04567307692307692
2 0.453125 0.5985576923076923 0.055288461538461536 0.0673076923076923
2 0.43509615384615385 0.7079326923076923 0.04567307692307692 0.038461538461538464