0 0.49278846153846156 0.12980769230769232 0.07692307692307693 0.06490384615384616
0 0.5216346153846154 0.22235576923076922 0.08533653846153846 0.0625
0 0.44350961538461536 0.390625 0.0829326923076923 0.0673076923076923
0 0.6334134615384616 0.2956730769230769 0.07211538461538461 0.06009615384615385
0 0.765625 0.3713942307692308 0.06850961538461539 0.051682692307692304
0 0.6478365384615384 0.47716346153846156 0.0625 0.052884615384615384
0 0.5612980769230769 0.5132211538461539 0.078125 0.055288461538461536
0 0.30528846153846156 0.53125 0.08774038461538461 0.06009615384615385
0 0.7752403846153846 0.5444711538461539 0.08052884615384616 0.07091346153846154
0 0.5180288461538461 0.6598557692307693 0.06610576923076923 0.06009615384615385
1 0.39663461538461536 0.15745192307692307 0.09495192307692307 0.0673076923076923
1 0.30288461538461536 0.4074519230769231 0.09014423076923077 0.06971153846153846
1 0.6790865384615384 0.35096153846153844 0.07451923076923077 0.051682692307692304
1 0.5552884615384616 0.45072115384615385 0.078125 0.05889423076923077
1 0.8149038461538461 0.4699519230769231 0.06370192307692307 0.051682692307692304
2 0.609375 0.6009615384615384 0.07211538461538461 0.0625
1 0.6598557692307693 0.5492788461538461 0.07692307692307693 0.054086538461538464
1 0.29927884615384615 0.6105769230769231 0.07451923076923077 0.06009615384615385
1 0.2512019230769231 0.7512019230769231 0.08413461538461539 0.07211538461538461
1 0.5612980769230769 0.7151442307692307 0.07211538461538461 0.06009615384615385
1 0.7067307692307693 0.5997596153846154 0.07211538461538461 0.05048076923076923
2 0.39783653846153844 0.2860576923076923 0.10096153846153846 0.06971153846153846
2 0.6346153846153846 0.18990384615384615 0.08413461538461539 0.056490384615384616
2 0.5396634615384616 0.34615384615384615 0.0889423076923077 0.06370192307692307
2 0.43028846153846156 0.5060096153846154 0.07932692307692307 0.06009615384615385
2 0.4206730769230769 0.6165865384615384 0.08413461538461539 0.06129807692307692
2 0.4567307692307692 0.7103365384615384 0.0829326923076923 0.057692307692307696
2 0.3317307692307692 0.7487980769230769 0.08173076923076923 0.06490384615384616
2 0.7524038461538461 0.44350961538461536 0.0673076923076923 0.056490384615384616
2 0.8822115384615384 0.4579326923076923 0.06610576923076923 0.056490384615384616