2 0.27734375 0.5484375 0.0796875 0.09375
2 0.52109375 0.2703125 0.075 0.0796875
2 0.3921875 0.3390625 0.0703125 0.0875
2 0.65234375 0.41328125 0.09375 0.1078125
2 0.76328125 0.36015625 0.0875 0.10625
2 0.81640625 0.29375 0.08125 0.0984375
2 0.7109375 0.26171875 0.0953125 0.0953125
2 0.79765625 0.70859375 0.0953125 0.1359375
0 0.70546875 0.7296875 0.1 0.1375
0 0.75625 0.4953125 0.0984375 0.1109375
0 0.31484375 0.440625 0.078125 0.0921875
0 0.24921875 0.41953125 0.0828125 0.084375
0 0.3546875 0.621875 0.1015625 0.1078125
0 0.26015625 0.70703125 0.11875 0.1265625
0 0.10546875 0.49296875 0.0859375 0.09375
0 0.25625 0.2890625 0.084375 0.0859375
1 0.2140625 0.6265625 0.0921875 0.096875
1 0.54140625 0.57578125 0.0828125 0.1
1 0.51328125 0.7734375 0.0890625 0.11875
1 0.6 0.54140625 0.084375 0.103125
1 0.46953125 0.4515625 0.075 0.0890625
1 0.50546875 0.3859375 0.0796875 0.084375
1 0.59453125 0.26484375 0.0703125 0.0859375
1 0.83984375 0.48359375 0.0890625 0.1125