1 0.715625 0.2875 0.0828125 0.07421875
1 0.3671875 0.33984375 0.09453125 0.0890625
1 0.35546875 0.25234375 0.07421875 0.06796875
1 0.1671875 0.2625 0.08515625 0.078125
1 0.1609375 0.52890625 0.0859375 0.1015625
1 0.23125 0.54140625 0.059375 0.08125
1 0.38515625 0.4734375 0.0765625 0.09296875
1 0.7671875 0.5484375 0.10234375 0.11484375
0 0.6015625 0.55703125 0.07265625 0.1046875
0 0.51953125 0.5609375 0.10078125 0.1
0 0.50390625 0.421875 0.07265625 0.096875
0 0.54609375 0.8578125 0.1015625 0.1203125
0 0.509375 0.31875 0.07578125 0.0703125
0 0.50546875 0.2421875 0.06953125 0.06484375
0 0.3015625 0.45859375 0.084375 0.1
0 0.2 0.65078125 0.1046875 0.134375
2 0.6859375 0.4046875 0.071875 0.09140625
2 0.5859375 0.30390625 0.08046875 0.09375
2 0.30625 0.5703125 0.08984375 0.10390625
2 0.4578125 0.80546875 0.1 0.115625
2 0.5015625 0.696875 0.10625 0.08828125
2 0.2453125 0.3421875 0.08359375 0.1
2 0.1640625 0.353125 0.09375 0.08828125
2 0.290625 0.20703125 0.0671875 0.0734375