2 0.4879807692307692 0.22596153846153846 0.10096153846153846 0.11057692307692307
2 0.5060096153846154 0.10096153846153846 0.08653846153846154 0.10096153846153846
2 0.7884615384615384 0.14423076923076922 0.09615384615384616 0.11057692307692307
2 0.5949519230769231 0.5168269230769231 0.08413461538461539 0.09375
2 0.35096153846153844 0.5096153846153846 0.06490384615384616 0.0889423076923077
2 0.5625 0.7451923076923077 0.07692307692307693 0.0985576923076923
2 0.5240384615384616 0.6538461538461539 0.07692307692307693 0.07692307692307693
2 0.4723557692307692 0.8257211538461539 0.08173076923076923 0.11538461538461539
2 0.6766826923076923 0.7572115384615384 0.09134615384615384 0.10576923076923077
2 0.8088942307692307 0.640625 0.07932692307692307 0.08653846153846154
0 0.7199519230769231 0.20673076923076922 0.09134615384615384 0.11057692307692307
0 0.9014423076923077 0.15264423076923078 0.09375 0.11538461538461539
0 0.7740384615384616 0.5336538461538461 0.07932692307692307 0.11057692307692307
1 0.5877403846153846 0.25721153846153844 0.10576923076923077 0.12740384615384615
0 0.265625 0.3088942307692308 0.1201923076923077 0.13701923076923078
0 0.4266826923076923 0.11778846153846154 0.0985576923076923 0.11298076923076923
0 0.5024038461538461 0.4891826923076923 0.0673076923076923 0.08413461538461539
0 0.40024038461538464 0.47596153846153844 0.0625 0.0673076923076923
0 0.5685096153846154 0.8641826923076923 0.09134615384615384 0.10576923076923077
0 0.6995192307692307 0.9098557692307693 0.09375 0.10576923076923077
0 0.7007211538461539 0.671875 0.08413461538461539 0.09134615384615384
1 0.7644230769230769 0.7980769230769231 0.08653846153846154 0.10096153846153846
1 0.8509615384615384 0.5540865384615384 0.07692307692307693 0.09134615384615384
1 0.6622596153846154 0.5625 0.0673076923076923 0.07451923076923077
1 0.44591346153846156 0.5853365384615384 0.07692307692307693 0.08653846153846154
1 0.3545673076923077 0.6177884615384616 0.06971153846153846 0.09134615384615384
1 0.38822115384615385 0.22956730769230768 0.10817307692307693 0.11057692307692307
1 0.2824519230769231 0.18269230769230768 0.0889423076923077 0.10817307692307693
1 0.5985576923076923 0.14302884615384615 0.09134615384615384 0.10336538461538461
1 0.6899038461538461 0.06370192307692307 0.10576923076923077 0.11057692307692307