2 0.240625 0.7953125 0.0890625 0.0875
2 0.09453125 0.79453125 0.1046875 0.0921875
2 0.13203125 0.73515625 0.090625 0.0796875
2 0.26953125 0.71796875 0.084375 0.0625
2 0.25859375 0.671875 0.0828125 0.05625
2 0.2203125 0.62734375 0.0765625 0.065625
2 0.61484375 0.5796875 0.0671875 0.0578125
2 0.83046875 0.61640625 0.0640625 0.059375
0 0.8296875 0.67421875 0.06875 0.06875
0 0.771875 0.6203125 0.05625 0.046875
0 0.7125 0.68984375 0.0765625 0.0671875
0 0.634375 0.69765625 0.0671875 0.05625
0 0.62109375 0.64375 0.05625 0.0609375
0 0.45859375 0.7078125 0.075 0.06875
0 0.32109375 0.63359375 0.065625 0.0546875
0 0.2796875 0.61171875 0.0515625 0.0515625
1 0.1328125 0.65625 0.0875 0.08125
1 0.38359375 0.77578125 0.096875 0.0828125
1 0.41328125 0.64375 0.075 0.0640625
1 0.56953125 0.69453125 0.0640625 0.0671875
1 0.56875 0.6296875 0.059375 0.0578125
1 0.67734375 0.59921875 0.0609375 0.0609375
1 0.71171875 0.5671875 0.0546875 0.0578125
1 0.78046875 0.57421875 0.046875 0.04375