2 0.35216346153846156 0.17908653846153846 0.0985576923076923 0.07211538461538461
2 0.39302884615384615 0.39663461538461536 0.09375 0.0673076923076923
2 0.5132211538461539 0.23557692307692307 0.0889423076923077 0.0673076923076923
2 0.7271634615384616 0.4050480769230769 0.10096153846153846 0.07451923076923077
2 0.8653846153846154 0.4026442307692308 0.11057692307692307 0.07932692307692307
2 0.4855769230769231 0.5985576923076923 0.10096153846153846 0.07451923076923077
2 0.8581730769230769 0.7391826923076923 0.10576923076923077 0.0889423076923077
2 0.5168269230769231 0.7992788461538461 0.10817307692307693 0.09134615384615384
2 0.6201923076923077 0.8701923076923077 0.10336538461538461 0.09375
2 0.33533653846153844 0.8257211538461539 0.09615384615384616 0.08173076923076923
0 0.7872596153846154 0.2704326923076923 0.10817307692307693 0.08653846153846154
1 0.6394230769230769 0.36778846153846156 0.09615384615384616 0.08173076923076923
1 0.6526442307692307 0.29447115384615385 0.10336538461538461 0.07211538461538461
0 0.6237980769230769 0.24158653846153846 0.09134615384615384 0.06971153846153846
0 0.7632211538461539 0.49038461538461536 0.10576923076923077 0.08173076923076923
0 0.47836538461538464 0.5036057692307693 0.10576923076923077 0.08653846153846154
0 0.2980769230769231 0.5144230769230769 0.0985576923076923 0.06971153846153846
0 0.6802884615384616 0.6009615384615384 0.0889423076923077 0.07451923076923077
0 0.7824519230769231 0.6754807692307693 0.09375 0.0889423076923077
0 0.49038461538461536 0.6875 0.0985576923076923 0.07692307692307693
0 0.22115384615384615 0.8233173076923077 0.10576923076923077 0.08413461538461539
0 0.47716346153846156 0.9266826923076923 0.10096153846153846 0.08653846153846154
1 0.39663461538461536 0.34134615384615385 0.11057692307692307 0.07451923076923077
1 0.6213942307692307 0.48197115384615385 0.09375 0.08173076923076923
1 0.8305288461538461 0.5865384615384616 0.11778846153846154 0.0889423076923077
1 0.32091346153846156 0.6009615384615384 0.08173076923076923 0.07211538461538461
1 0.6454326923076923 0.6971153846153846 0.0889423076923077 0.0673076923076923
1 0.7524038461538461 0.8966346153846154 0.11298076923076923 0.0889423076923077
1 0.3641826923076923 0.7379807692307693 0.09375 0.07932692307692307
1 0.23677884615384615 0.7223557692307693 0.09375 0.08413461538461539