0 0.67578125 0.4171875 0.0796875 0.1015625
0 0.67265625 0.49921875 0.0859375 0.0984375
0 0.63984375 0.815625 0.0984375 0.1125
0 0.4078125 0.63046875 0.0859375 0.0984375
0 0.47890625 0.41484375 0.0890625 0.09375
0 0.21171875 0.4765625 0.1109375 0.115625
0 0.3359375 0.2921875 0.0890625 0.1171875
0 0.33828125 0.19921875 0.0890625 0.0984375
1 0.2421875 0.165625 0.103125 0.121875
1 0.19375 0.3625 0.096875 0.1078125
1 0.45546875 0.26875 0.0796875 0.096875
1 0.4 0.54453125 0.0734375 0.0796875
1 0.32109375 0.56484375 0.075 0.071875
1 0.790625 0.778125 0.090625 0.1140625
1 0.503125 0.684375 0.0734375 0.0953125
1 0.58203125 0.5390625 0.0953125 0.121875
2 0.57734375 0.18828125 0.09375 0.1296875
2 0.50546875 0.3265625 0.0875 0.084375
2 0.33984375 0.6515625 0.0796875 0.1078125
2 0.19375 0.596875 0.115625 0.128125
2 0.390625 0.4625 0.0921875 0.1078125
2 0.42578125 0.71484375 0.1046875 0.1171875
2 0.56328125 0.6890625 0.0828125 0.103125
2 0.71171875 0.7171875 0.103125 0.0984375