2 0.8453125 0.715625 0.1203125 0.1375
2 0.7671875 0.8109375 0.128125 0.14375
2 0.55078125 0.59921875 0.09375 0.0953125
2 0.44375 0.72578125 0.090625 0.134375
2 0.2109375 0.41484375 0.1046875 0.0890625
2 0.325 0.3171875 0.0859375 0.0796875
2 0.225 0.29609375 0.0796875 0.071875
2 0.29921875 0.21484375 0.0671875 0.071875
1 0.64921875 0.63125 0.109375 0.1203125
1 0.57265625 0.5046875 0.08125 0.0921875
1 0.3625 0.55703125 0.0875 0.103125
1 0.2453125 0.6390625 0.1171875 0.1234375
1 0.2546875 0.496875 0.1015625 0.103125
1 0.3546875 0.396875 0.0984375 0.078125
1 0.5515625 0.29609375 0.059375 0.0640625
1 0.39609375 0.2296875 0.071875 0.078125
0 0.68828125 0.3921875 0.0890625 0.0953125
0 0.67109375 0.54296875 0.0859375 0.0953125
0 0.584375 0.41484375 0.08125 0.078125
0 0.43515625 0.490625 0.08125 0.084375
0 0.621875 0.834375 0.1265625 0.15625
0 0.51640625 0.2421875 0.0625 0.059375
0 0.33125 0.8046875 0.1203125 0.153125
0 0.12265625 0.50078125 0.10625 0.11875