1 0.67109375 0.25 0.0953125 0.0890625
1 0.3390625 0.36796875 0.109375 0.1046875
1 0.3109375 0.284375 0.0859375 0.08125
1 0.128125 0.33046875 0.0984375 0.0921875
1 0.17265625 0.59296875 0.103125 0.115625
1 0.24375 0.5921875 0.0734375 0.090625
1 0.38203125 0.49609375 0.0921875 0.10625
1 0.771875 0.496875 0.121875 0.1328125
0 0.6109375 0.53671875 0.090625 0.1171875
0 0.53046875 0.55625 0.11875 0.1171875
0 0.4890625 0.42265625 0.0890625 0.109375
0 0.61328125 0.8421875 0.121875 0.1375
0 0.475 0.3203125 0.0875 0.0828125
0 0.45625 0.24609375 0.08125 0.0765625
0 0.29765625 0.496875 0.1015625 0.1140625
0 0.234375 0.70546875 0.128125 0.1515625
2 0.6640625 0.37109375 0.0875 0.103125
2 0.546875 0.29140625 0.096875 0.1078125
2 0.3234375 0.60625 0.1078125 0.11875
2 0.5171875 0.8078125 0.1203125 0.1328125
2 0.5390625 0.69296875 0.121875 0.10625
2 0.21953125 0.39375 0.1015625 0.1140625
2 0.1421875 0.4203125 0.109375 0.1046875
2 0.23828125 0.25234375 0.0796875 0.084375