0 0.8984375 0.7703125 0.115625 0.115625
0 0.53125 0.684375 0.11875 0.1015625
0 0.665625 0.56875 0.0984375 0.1078125
0 0.45859375 0.34453125 0.08125 0.0765625
0 0.45 0.2890625 0.078125 0.0625
0 0.290625 0.26640625 0.0796875 0.0765625
0 0.10390625 0.4546875 0.1078125 0.103125
0 0.61328125 0.3796875 0.0765625 0.065625
2 0.7515625 0.48125 0.1046875 0.0953125
2 0.5578125 0.4984375 0.096875 0.0859375
2 0.52578125 0.40859375 0.0875 0.078125
2 0.4234375 0.42890625 0.090625 0.078125
2 0.43671875 0.778125 0.153125 0.159375
2 0.30703125 0.72578125 0.1265625 0.128125
2 0.1953125 0.6015625 0.1109375 0.1203125
2 0.8 0.65859375 0.1046875 0.1015625
1 0.61015625 0.86171875 0.14375 0.1484375
1 0.7296875 0.82734375 0.1078125 0.1265625
1 0.6921875 0.7015625 0.1140625 0.1234375
1 0.43828125 0.5265625 0.0953125 0.0921875
1 0.29765625 0.46796875 0.1046875 0.090625
1 0.36328125 0.36796875 0.0765625 0.0734375
1 0.359375 0.25390625 0.0734375 0.0703125
1 0.65703125 0.46171875 0.084375 0.0734375