2 0.040865384615384616 0.07572115384615384 0.08173076923076923 0.09375
2 0.06009615384615385 0.32572115384615385 0.10576923076923077 0.08653846153846154
2 0.13581730769230768 0.4387019230769231 0.10336538461538461 0.07932692307692307
2 0.5228365384615384 0.2608173076923077 0.07451923076923077 0.06490384615384616
2 0.8389423076923077 0.2764423076923077 0.09615384615384616 0.08653846153846154
2 0.7451923076923077 0.3641826923076923 0.0985576923076923 0.08653846153846154
2 0.4519230769230769 0.41586538461538464 0.08413461538461539 0.07211538461538461
2 0.5997596153846154 0.53125 0.06490384615384616 0.07211538461538461
2 0.5420673076923077 0.49278846153846156 0.07932692307692307 0.08653846153846154
2 0.6935096153846154 0.6418269230769231 0.08413461538461539 0.06490384615384616
1 0.1658653846153846 0.09735576923076923 0.0985576923076923 0.09615384615384616
1 0.04927884615384615 0.15144230769230768 0.09375 0.08413461538461539
1 0.19831730769230768 0.37259615384615385 0.09134615384615384 0.08173076923076923
1 0.19230769230769232 0.5444711538461539 0.11298076923076923 0.11057692307692307
1 0.17668269230769232 0.9038461538461539 0.0889423076923077 0.10096153846153846
1 0.7091346153846154 0.21634615384615385 0.10576923076923077 0.07932692307692307
1 0.6574519230769231 0.2860576923076923 0.07932692307692307 0.07451923076923077
1 0.6430288461538461 0.36778846153846156 0.07692307692307693 0.06490384615384616
1 0.5769230769230769 0.43149038461538464 0.07451923076923077 0.0673076923076923
1 0.5168269230769231 0.5877403846153846 0.07692307692307693 0.07692307692307693
0 0.19591346153846154 0.23677884615384615 0.10096153846153846 0.09615384615384616
0 0.07692307692307693 0.23557692307692307 0.10336538461538461 0.07932692307692307
0 0.12620192307692307 0.6478365384615384 0.10096153846153846 0.08653846153846154
0 0.16466346153846154 0.7680288461538461 0.11298076923076923 0.0985576923076923
0 0.8185096153846154 0.17908653846153846 0.09615384615384616 0.06490384615384616
0 0.5600961538461539 0.16826923076923078 0.08413461538461539 0.0625
0 0.9146634615384616 0.3798076923076923 0.0985576923076923 0.08653846153846154
0 0.8040865384615384 0.4963942307692308 0.09134615384615384 0.08413461538461539
0 0.71875 0.47475961538461536 0.08653846153846154 0.07211538461538461
0 0.5276442307692307 0.3473557692307692 0.07932692307692307 0.06971153846153846