1 0.875 0.42734375 0.05390625 0.046875
1 0.7875 0.41328125 0.0390625 0.0359375
1 0.77265625 0.4484375 0.05 0.05
1 0.56484375 0.428125 0.0484375 0.04609375
1 0.4015625 0.3984375 0.04765625 0.03984375
1 0.1640625 0.45 0.05625 0.05078125
1 0.09140625 0.4515625 0.04375 0.0484375
1 0.13125 0.38984375 0.04375 0.04296875
0 0.828125 0.4578125 0.04921875 0.0484375
0 0.703125 0.44921875 0.05 0.0484375
0 0.628125 0.45390625 0.0484375 0.05234375
0 0.634375 0.403125 0.04609375 0.0375
0 0.52734375 0.39765625 0.0390625 0.03828125
0 0.34609375 0.44921875 0.05234375 0.04765625
0 0.246875 0.40703125 0.04921875 0.04375
0 0.1890625 0.40234375 0.046875 0.03359375
2 0.6859375 0.39765625 0.040625 0.0359375
2 0.51484375 0.45078125 0.04296875 0.04453125
2 0.45625 0.421875 0.0484375 0.0484375
2 0.471875 0.38359375 0.03984375 0.0390625
2 0.4078125 0.45390625 0.04765625 0.04765625
2 0.31875 0.4015625 0.040625 0.0375
2 0.28046875 0.453125 0.04296875 0.040625
2 0.21875 0.4625 0.04609375 0.04140625