2 0.7265625 0.18359375 0.1765625 0.15
2 0.60546875 0.1328125 0.16875 0.14375
2 0.5953125 0.35234375 0.1828125 0.16875
2 0.6203125 0.57109375 0.1984375 0.159375
2 0.828125 0.6125 0.190625 0.1296875
0 0.81484375 0.33984375 0.1796875 0.146875
0 0.79453125 0.50546875 0.1796875 0.1328125
0 0.73671875 0.81015625 0.2078125 0.1734375
0 0.428125 0.4890625 0.196875 0.1484375
0 0.20546875 0.38046875 0.1859375 0.1546875
1 0.45 0.13125 0.171875 0.14375
1 0.45 0.29609375 0.171875 0.125
1 0.41328125 0.6125 0.1953125 0.146875
1 0.4671875 0.7328125 0.1859375 0.13125
1 0.56875 0.83046875 0.1859375 0.15