1 0.61953125 0.22265625 0.075 0.0765625
1 0.48671875 0.2578125 0.0640625 0.05625
1 0.48203125 0.615625 0.103125 0.1046875
1 0.49140625 0.77265625 0.1125 0.125
1 0.37265625 0.69140625 0.1078125 0.1390625
1 0.61640625 0.43203125 0.084375 0.084375
1 0.4875 0.43671875 0.096875 0.09375
1 0.67265625 0.35 0.090625 0.084375
2 0.78125 0.40390625 0.0828125 0.084375
2 0.7375 0.47265625 0.1109375 0.084375
2 0.5078125 0.346875 0.090625 0.0734375
2 0.40234375 0.49921875 0.0828125 0.1125
2 0.42890625 0.29140625 0.0640625 0.0796875
2 0.33828125 0.284375 0.0890625 0.0828125
2 0.24765625 0.4484375 0.103125 0.09375
2 0.146875 0.68125 0.1328125 0.14375
0 0.23828125 0.57890625 0.115625 0.1078125
0 0.259375 0.3625 0.0890625 0.0828125
0 0.17109375 0.28984375 0.0984375 0.075
0 0.26171875 0.1984375 0.0828125 0.0640625
0 0.60859375 0.73984375 0.096875 0.1328125
0 0.73359375 0.67578125 0.1234375 0.1375
0 0.88046875 0.5875 0.0921875 0.08125
0 0.63046875 0.56015625 0.1015625 0.1125