2 0.2403846153846154 0.43149038461538464 0.07451923076923077 0.07932692307692307
2 0.3245192307692308 0.4206730769230769 0.0673076923076923 0.09134615384615384
2 0.33533653846153844 0.25961538461538464 0.057692307692307696 0.07692307692307693
2 0.4230769230769231 0.6478365384615384 0.06009615384615385 0.07451923076923077
2 0.4338942307692308 0.7788461538461539 0.06971153846153846 0.07932692307692307
2 0.5997596153846154 0.7259615384615384 0.06009615384615385 0.07211538461538461
2 0.6514423076923077 0.5528846153846154 0.0625 0.07692307692307693
2 0.7163461538461539 0.359375 0.052884615384615384 0.06009615384615385
2 0.47716346153846156 0.5504807692307693 0.04326923076923077 0.057692307692307696
2 0.4519230769230769 0.48677884615384615 0.052884615384615384 0.057692307692307696
1 0.5576923076923077 0.4519230769230769 0.05048076923076923 0.055288461538461536
1 0.5348557692307693 0.39783653846153844 0.04567307692307692 0.04807692307692308
1 0.6358173076923077 0.4699519230769231 0.05048076923076923 0.052884615384615384
1 0.49399038461538464 0.8425480769230769 0.05048076923076923 0.07211538461538461
1 0.6502403846153846 0.6826923076923077 0.057692307692307696 0.06009615384615385
1 0.29447115384615385 0.23677884615384615 0.05048076923076923 0.057692307692307696
1 0.3858173076923077 0.23317307692307693 0.06009615384615385 0.0673076923076923
1 0.4338942307692308 0.10576923076923077 0.05048076923076923 0.0625
1 0.36538461538461536 0.07932692307692307 0.052884615384615384 0.04807692307692308
1 0.21634615384615385 0.6009615384615384 0.08173076923076923 0.08413461538461539
0 0.3713942307692308 0.15504807692307693 0.052884615384615384 0.057692307692307696
0 0.25841346153846156 0.35336538461538464 0.07211538461538461 0.06971153846153846
0 0.3269230769230769 0.33413461538461536 0.052884615384615384 0.07211538461538461
0 0.1814903846153846 0.7307692307692307 0.09615384615384616 0.10336538461538461
0 0.42427884615384615 0.5444711538461539 0.04567307692307692 0.052884615384615384
0 0.5180288461538461 0.6490384615384616 0.0625 0.06971153846153846
0 0.5504807692307693 0.5817307692307693 0.05048076923076923 0.06009615384615385
0 0.5973557692307693 0.38100961538461536 0.05048076923076923 0.06009615384615385
0 0.7403846153846154 0.5444711538461539 0.06009615384615385 0.06971153846153846
0 0.7151442307692307 0.49399038461538464 0.057692307692307696 0.057692307692307696