2 0.43028846153846156 0.17307692307692307 0.0889423076923077 0.07692307692307693
2 0.3762019230769231 0.25721153846153844 0.07932692307692307 0.0673076923076923
0 0.5637019230769231 0.25600961538461536 0.07692307692307693 0.0625
2 0.4987980769230769 0.24278846153846154 0.0673076923076923 0.0625
2 0.4651442307692308 0.34375 0.07692307692307693 0.0673076923076923
2 0.5324519230769231 0.49158653846153844 0.07692307692307693 0.07211538461538461
2 0.47596153846153844 0.5697115384615384 0.08413461538461539 0.07932692307692307
2 0.2932692307692308 0.703125 0.09615384615384616 0.08413461538461539
2 0.7271634615384616 0.5036057692307693 0.08653846153846154 0.06490384615384616
2 0.7427884615384616 0.625 0.06971153846153846 0.06490384615384616
0 0.7716346153846154 0.3545673076923077 0.07451923076923077 0.06009615384615385
2 0.71875 0.3137019230769231 0.06971153846153846 0.06009615384615385
0 0.6742788461538461 0.23798076923076922 0.07932692307692307 0.0673076923076923
0 0.7596153846153846 0.25 0.07451923076923077 0.0673076923076923
0 0.5961538461538461 0.3605769230769231 0.08653846153846154 0.06490384615384616
0 0.19591346153846154 0.5841346153846154 0.09134615384615384 0.08653846153846154
0 0.25961538461538464 0.5084134615384616 0.08653846153846154 0.08173076923076923
0 0.3870192307692308 0.625 0.08653846153846154 0.07692307692307693
0 0.5841346153846154 0.59375 0.08653846153846154 0.06490384615384616
1 0.7151442307692307 0.7740384615384616 0.09134615384615384 0.07692307692307693
0 0.6057692307692307 0.7247596153846154 0.07932692307692307 0.07211538461538461
1 0.421875 0.7319711538461539 0.07692307692307693 0.06971153846153846
1 0.5180288461538461 0.6466346153846154 0.0889423076923077 0.0673076923076923
1 0.6237980769230769 0.5240384615384616 0.07692307692307693 0.06971153846153846
1 0.6838942307692307 0.41586538461538464 0.09134615384615384 0.07211538461538461
1 0.3798076923076923 0.45072115384615385 0.0889423076923077 0.06971153846153846
1 0.2608173076923077 0.41466346153846156 0.10817307692307693 0.06971153846153846
1 0.37740384615384615 0.36177884615384615 0.08653846153846154 0.06490384615384616
1 0.296875 0.2608173076923077 0.08173076923076923 0.07932692307692307
1 0.5396634615384616 0.15625 0.08173076923076923 0.07211538461538461