2 0.609375 0.1875 0.09134615384615384 0.08173076923076923
2 0.6502403846153846 0.27524038461538464 0.08173076923076923 0.07211538461538461
0 0.47475961538461536 0.24759615384615385 0.07692307692307693 0.06490384615384616
2 0.5360576923076923 0.24519230769230768 0.06971153846153846 0.06490384615384616
2 0.5540865384615384 0.3425480769230769 0.07932692307692307 0.07211538461538461
2 0.47115384615384615 0.4723557692307692 0.07932692307692307 0.07692307692307693
2 0.5144230769230769 0.5540865384615384 0.08653846153846154 0.08413461538461539
2 0.6670673076923077 0.703125 0.0985576923076923 0.0889423076923077
2 0.28846153846153844 0.4579326923076923 0.08653846153846154 0.06971153846153846
2 0.25721153846153844 0.5709134615384616 0.07211538461538461 0.06971153846153846
0 0.2668269230769231 0.3125 0.07451923076923077 0.0625
2 0.32091346153846156 0.2824519230769231 0.06971153846153846 0.0625
0 0.3713942307692308 0.21634615384615385 0.08173076923076923 0.06971153846153846
0 0.28966346153846156 0.21754807692307693 0.07692307692307693 0.07211538461538461
0 0.43028846153846156 0.3425480769230769 0.08653846153846154 0.06971153846153846
0 0.7740384615384616 0.6045673076923077 0.09615384615384616 0.09134615384615384
0 0.7247596153846154 0.5252403846153846 0.0889423076923077 0.08653846153846154
0 0.5901442307692307 0.6177884615384616 0.0889423076923077 0.08173076923076923
0 0.4098557692307692 0.5612980769230769 0.08653846153846154 0.06971153846153846
1 0.26322115384615385 0.7127403846153846 0.09375 0.08173076923076923
0 0.3713942307692308 0.6814903846153846 0.08173076923076923 0.07692307692307693
1 0.5432692307692307 0.7127403846153846 0.07932692307692307 0.07451923076923077
1 0.4651442307692308 0.6213942307692307 0.09134615384615384 0.07211538461538461
1 0.38221153846153844 0.49038461538461536 0.07932692307692307 0.07451923076923077
1 0.3401442307692308 0.38221153846153844 0.09134615384615384 0.07692307692307693
1 0.6201923076923077 0.4543269230769231 0.0889423076923077 0.07451923076923077
1 0.7355769230769231 0.4362980769230769 0.10817307692307693 0.07932692307692307
1 0.6334134615384616 0.3713942307692308 0.08653846153846154 0.06971153846153846
1 0.7223557692307693 0.28846153846153844 0.08413461538461539 0.08413461538461539
1 0.5096153846153846 0.15745192307692307 0.08173076923076923 0.07692307692307693