0 0.81953125 0.21796875 0.1765625 0.1171875
0 0.86640625 0.378125 0.1859375 0.1359375
0 0.62421875 0.24375 0.2046875 0.1296875
0 0.48046875 0.27890625 0.2125 0.16875
0 0.32421875 0.32890625 0.2140625 0.1265625
2 0.840625 0.5359375 0.184375 0.1375
2 0.7109375 0.490625 0.1671875 0.15
2 0.303125 0.5234375 0.184375 0.1546875
2 0.76484375 0.77578125 0.1796875 0.1390625
2 0.4359375 0.85546875 0.209375 0.1625
1 0.61015625 0.78046875 0.1609375 0.13125
1 0.51640625 0.62421875 0.19375 0.153125
1 0.2046875 0.684375 0.2296875 0.159375
1 0.46171875 0.4953125 0.190625 0.1359375
1 0.565625 0.10078125 0.2 0.1390625