0 0.7359375 0.27421875 0.08203125 0.08671875
0 0.90546875 0.5421875 0.08125 0.11328125
0 0.73515625 0.8046875 0.09453125 0.11171875
0 0.753125 0.621875 0.07421875 0.11328125
0 0.6765625 0.5703125 0.08125 0.10078125
0 0.646875 0.3609375 0.084375 0.11875
0 0.32890625 0.20546875 0.07890625 0.09921875
0 0.234375 0.4484375 0.08125 0.10390625
1 0.1515625 0.446875 0.0828125 0.09921875
1 0.34453125 0.77890625 0.0828125 0.10390625
1 0.4578125 0.3734375 0.07265625 0.10390625
1 0.39375 0.403125 0.08203125 0.11328125
1 0.50703125 0.184375 0.090625 0.1015625
1 0.78828125 0.36328125 0.084375 0.1015625
1 0.4671875 0.62421875 0.10390625 0.1078125
1 0.51328125 0.5203125 0.07734375 0.10859375
2 0.3125 0.56015625 0.0921875 0.090625
2 0.209375 0.75 0.0828125 0.09453125
2 0.1140625 0.67890625 0.07265625 0.1140625
2 0.19296875 0.6140625 0.078125 0.10234375
2 0.43515625 0.79609375 0.07578125 0.109375
2 0.5875 0.696875 0.08125 0.1015625
2 0.71640625 0.4359375 0.0765625 0.128125
2 0.240625 0.2203125 0.0828125 0.1265625