2 0.6550480769230769 0.2608173076923077 0.07451923076923077 0.07932692307692307
2 0.6766826923076923 0.18028846153846154 0.0673076923076923 0.08173076923076923
2 0.4951923076923077 0.203125 0.06490384615384616 0.06370192307692307
2 0.4338942307692308 0.4891826923076923 0.056490384615384616 0.07211538461538461
2 0.4831730769230769 0.5360576923076923 0.05048076923076923 0.06009615384615385
2 0.5757211538461539 0.5108173076923077 0.054086538461538464 0.055288461538461536
2 0.6694711538461539 0.5576923076923077 0.05048076923076923 0.06490384615384616
2 0.6069711538461539 0.7355769230769231 0.057692307692307696 0.08173076923076923
2 0.4483173076923077 0.7692307692307693 0.057692307692307696 0.078125
2 0.2091346153846154 0.8353365384615384 0.06610576923076923 0.07932692307692307
1 0.25961538461538464 0.14543269230769232 0.07572115384615384 0.07932692307692307
1 0.2668269230769231 0.24278846153846154 0.09014423076923077 0.08173076923076923
1 0.48197115384615385 0.15144230769230768 0.055288461538461536 0.054086538461538464
1 0.8052884615384616 0.22716346153846154 0.06370192307692307 0.08774038461538461
1 0.3161057692307692 0.5685096153846154 0.054086538461538464 0.06610576923076923
1 0.36658653846153844 0.6153846153846154 0.04567307692307692 0.06129807692307692
1 0.3629807692307692 0.7331730769230769 0.056490384615384616 0.07932692307692307
1 0.5649038461538461 0.7872596153846154 0.04927884615384615 0.07091346153846154
1 0.7067307692307693 0.6334134615384616 0.051682692307692304 0.06370192307692307
1 0.4579326923076923 0.2512019230769231 0.07211538461538461 0.06850961538461539
0 0.3629807692307692 0.1935096153846154 0.06490384615384616 0.07091346153846154
0 0.5733173076923077 0.2283653846153846 0.0673076923076923 0.06971153846153846
0 0.5997596153846154 0.15985576923076922 0.06850961538461539 0.06370192307692307
0 0.8930288461538461 0.24639423076923078 0.06129807692307692 0.078125
0 0.4879807692307692 0.47596153846153844 0.052884615384615384 0.0673076923076923
0 0.5612980769230769 0.6165865384615384 0.046875 0.06610576923076923
0 0.4963942307692308 0.6370192307692307 0.056490384615384616 0.07572115384615384
0 0.27403846153846156 0.6526442307692307 0.052884615384615384 0.06971153846153846
0 0.4110576923076923 0.8966346153846154 0.055288461538461536 0.08533653846153846
0 0.36778846153846156 0.8629807692307693 0.054086538461538464 0.07932692307692307