2 0.6682692307692307 0.24278846153846154 0.0625 0.06129807692307692
2 0.59375 0.2644230769230769 0.06850961538461539 0.056490384615384616
2 0.5372596153846154 0.3269230769230769 0.08173076923076923 0.06850961538461539
2 0.4230769230769231 0.25961538461538464 0.0829326923076923 0.078125
2 0.38221153846153844 0.4050480769230769 0.09615384615384616 0.06610576923076923
2 0.6478365384615384 0.3798076923076923 0.07692307692307693 0.06490384615384616
2 0.8088942307692307 0.38822115384615385 0.07211538461538461 0.06370192307692307
2 0.7127403846153846 0.7475961538461539 0.08413461538461539 0.07451923076923077
2 0.5204326923076923 0.6117788461538461 0.0889423076923077 0.06370192307692307
0 0.5012019230769231 0.5516826923076923 0.08413461538461539 0.05889423076923077
2 0.5060096153846154 0.49399038461538464 0.08052884615384616 0.06129807692307692
1 0.7127403846153846 0.29927884615384615 0.09375 0.06129807692307692
1 0.5841346153846154 0.20552884615384615 0.07572115384615384 0.06610576923076923
1 0.6887019230769231 0.5697115384615384 0.08173076923076923 0.0625
1 0.7632211538461539 0.5120192307692307 0.07091346153846154 0.052884615384615384
1 0.8521634615384616 0.5697115384615384 0.0889423076923077 0.06009615384615385
1 0.6935096153846154 0.4723557692307692 0.0625 0.052884615384615384
1 0.6213942307692307 0.5060096153846154 0.078125 0.06490384615384616
1 0.8221153846153846 0.49038461538461536 0.0673076923076923 0.051682692307692304
1 0.8653846153846154 0.4567307692307692 0.07211538461538461 0.06129807692307692
1 0.4855769230769231 0.84375 0.07932692307692307 0.06610576923076923
0 0.3317307692307692 0.4951923076923077 0.09735576923076923 0.07572115384615384
0 0.2776442307692308 0.28365384615384615 0.078125 0.07451923076923077
0 0.5324519230769231 0.42788461538461536 0.0829326923076923 0.06009615384615385
0 0.36538461538461536 0.6971153846153846 0.07692307692307693 0.06971153846153846
0 0.5625 0.7211538461538461 0.09014423076923077 0.06610576923076923
0 0.6081730769230769 0.6586538461538461 0.08052884615384616 0.057692307692307696
0 0.7932692307692307 0.6262019230769231 0.07572115384615384 0.05889423076923077
0 0.8786057692307693 0.3786057692307692 0.07211538461538461 0.06129807692307692
0 0.7632211538461539 0.24639423076923078 0.0889423076923077 0.056490384615384616