1 0.6334134615384616 0.21033653846153846 0.0889423076923077 0.06129807692307692
1 0.3233173076923077 0.296875 0.08052884615384616 0.04807692307692308
1 0.42908653846153844 0.36177884615384615 0.07572115384615384 0.056490384615384616
1 0.5372596153846154 0.4723557692307692 0.0733173076923077 0.06129807692307692
1 0.6069711538461539 0.5913461538461539 0.0829326923076923 0.057692307692307696
1 0.4423076923076923 0.8617788461538461 0.08413461538461539 0.07211538461538461
1 0.2824519230769231 0.5540865384615384 0.09375 0.06009615384615385
1 0.1778846153846154 0.5865384615384616 0.08052884615384616 0.056490384615384616
1 0.20072115384615385 0.7271634615384616 0.078125 0.06490384615384616
2 0.27524038461538464 0.734375 0.06490384615384616 0.06370192307692307
1 0.2776442307692308 0.6370192307692307 0.07091346153846154 0.06129807692307692
2 0.36658653846153844 0.6550480769230769 0.08533653846153846 0.06370192307692307
2 0.3245192307692308 0.8257211538461539 0.08413461538461539 0.057692307692307696
2 0.3918269230769231 0.7632211538461539 0.06370192307692307 0.052884615384615384
2 0.6574519230769231 0.7151442307692307 0.08533653846153846 0.06129807692307692
2 0.6778846153846154 0.36538461538461536 0.06971153846153846 0.054086538461538464
2 0.6598557692307693 0.49278846153846156 0.09975961538461539 0.06370192307692307
2 0.43028846153846156 0.5060096153846154 0.0829326923076923 0.06610576923076923
2 0.37259615384615385 0.4375 0.0829326923076923 0.0625
2 0.21153846153846154 0.3329326923076923 0.08052884615384616 0.06610576923076923
0 0.13221153846153846 0.4387019230769231 0.06490384615384616 0.06610576923076923
0 0.1814903846153846 0.4987980769230769 0.08052884615384616 0.06850961538461539
0 0.2956730769230769 0.38822115384615385 0.07211538461538461 0.05889423076923077
0 0.49278846153846156 0.40625 0.07091346153846154 0.05048076923076923
0 0.5108173076923077 0.2776442307692308 0.06850961538461539 0.055288461538461536
0 0.5024038461538461 0.6466346153846154 0.07091346153846154 0.06490384615384616
0 0.4639423076923077 0.7512019230769231 0.07451923076923077 0.0673076923076923
0 0.5973557692307693 0.7860576923076923 0.07572115384615384 0.06610576923076923
0 0.7163461538461539 0.7884615384615384 0.0829326923076923 0.0625
0 0.7247596153846154 0.6682692307692307 0.06971153846153846 0.06129807692307692