1 0.8421875 0.6453125 0.1234375 0.121875
1 0.44765625 0.75 0.1390625 0.1234375
1 0.25 0.575 0.1796875 0.1359375
1 0.09453125 0.48984375 0.1890625 0.1609375
1 0.8203125 0.4875 0.11875 0.10625
1 0.75703125 0.38046875 0.146875 0.115625
1 0.49609375 0.2734375 0.1578125 0.1421875
0 0.90625 0.496875 0.1109375 0.1078125
0 0.77890625 0.5609375 0.15 0.1109375
0 0.5140625 0.58515625 0.1640625 0.1296875
0 0.56640625 0.503125 0.1703125 0.134375
0 0.36015625 0.4546875 0.2015625 0.1625
0 0.5625 0.38359375 0.1703125 0.1296875
0 0.5390625 0.14765625 0.1640625 0.125
2 0.59453125 0.76484375 0.13125 0.1140625
2 0.6421875 0.665625 0.146875 0.1375
2 0.63203125 0.24375 0.178125 0.15
2 0.2046875 0.20078125 0.1984375 0.1625
2 0.2703125 0.74609375 0.1859375 0.1484375
2 0.709375 0.4671875 0.1578125 0.1203125
2 0.38984375 0.33203125 0.1609375 0.146875