1 0.49759615384615385 0.1814903846153846 0.09615384615384616 0.07932692307692307
1 0.23317307692307693 0.30288461538461536 0.09375 0.09375
1 0.43990384615384615 0.4423076923076923 0.08173076923076923 0.06971153846153846
1 0.5204326923076923 0.5612980769230769 0.07451923076923077 0.0673076923076923
1 0.25961538461538464 0.6201923076923077 0.09134615384615384 0.07211538461538461
1 0.5949519230769231 0.6069711538461539 0.08173076923076923 0.0673076923076923
1 0.8161057692307693 0.5745192307692307 0.07692307692307693 0.06490384615384616
1 0.34975961538461536 0.8076923076923077 0.08173076923076923 0.07451923076923077
1 0.5985576923076923 0.7451923076923077 0.08653846153846154 0.07211538461538461
1 0.6574519230769231 0.5564903846153846 0.09134615384615384 0.07211538461538461
2 0.34375 0.3449519230769231 0.0985576923076923 0.08413461538461539
2 0.5300480769230769 0.328125 0.0889423076923077 0.06490384615384616
2 0.2956730769230769 0.5132211538461539 0.0889423076923077 0.07451923076923077
2 0.4651442307692308 0.5072115384615384 0.0985576923076923 0.07692307692307693
2 0.3798076923076923 0.6009615384615384 0.08413461538461539 0.07211538461538461
2 0.53125 0.6502403846153846 0.07692307692307693 0.07211538461538461
2 0.78125 0.4495192307692308 0.08173076923076923 0.0673076923076923
2 0.7355769230769231 0.6213942307692307 0.08173076923076923 0.07451923076923077
2 0.3076923076923077 0.6983173076923077 0.09134615384615384 0.07692307692307693
2 0.5588942307692307 0.8305288461538461 0.07692307692307693 0.06971153846153846
0 0.4338942307692308 0.3269230769230769 0.08173076923076923 0.0673076923076923
0 0.6694711538461539 0.34975961538461536 0.07932692307692307 0.06971153846153846
0 0.6177884615384616 0.39903846153846156 0.07692307692307693 0.0625
0 0.5456730769230769 0.4362980769230769 0.08173076923076923 0.06971153846153846
0 0.6935096153846154 0.4735576923076923 0.07932692307692307 0.06490384615384616
0 0.7608173076923077 0.5264423076923077 0.09134615384615384 0.07451923076923077
0 0.5528846153846154 0.5120192307692307 0.07692307692307693 0.0673076923076923
0 0.4483173076923077 0.6646634615384616 0.08173076923076923 0.06971153846153846
0 0.4579326923076923 0.8557692307692307 0.08413461538461539 0.06490384615384616
0 0.6899038461538461 0.7235576923076923 0.0889423076923077 0.07692307692307693