0 0.60703125 0.3234375 0.059375 0.0625
0 0.47734375 0.346875 0.0578125 0.0578125
0 0.42734375 0.3765625 0.065625 0.0546875
0 0.29375 0.44765625 0.0734375 0.065625
0 0.70703125 0.65 0.08125 0.096875
0 0.62734375 0.64296875 0.0828125 0.0875
0 0.64375 0.55703125 0.0625 0.0625
0 0.4296875 0.47578125 0.065625 0.0640625
2 0.7734375 0.5375 0.08125 0.090625
2 0.69375 0.51953125 0.075 0.084375
2 0.68125 0.46484375 0.065625 0.065625
2 0.52109375 0.590625 0.090625 0.0953125
2 0.44375 0.55234375 0.08125 0.0796875
2 0.3984375 0.4296875 0.0609375 0.0640625
2 0.40625 0.32578125 0.05 0.0578125
2 0.56875 0.35703125 0.05625 0.046875
1 0.30546875 0.35 0.078125 0.065625
1 0.34296875 0.52109375 0.0703125 0.0625
1 0.3921875 0.634375 0.0890625 0.09375
1 0.58984375 0.41171875 0.0671875 0.065625
1 0.59609375 0.5265625 0.0578125 0.0453125
1 0.49765625 0.4671875 0.0671875 0.0671875
1 0.47265625 0.415625 0.05625 0.0453125
1 0.50859375 0.3046875 0.05625 0.04375