0 0.86953125 0.77734375 0.1015625 0.1046875
0 0.75625 0.48984375 0.0796875 0.084375
0 0.65859375 0.3875 0.09375 0.0859375
0 0.60625 0.41484375 0.0796875 0.0875
0 0.3875 0.521875 0.1078125 0.1125
0 0.6234375 0.534375 0.0875 0.0890625
0 0.39765625 0.3171875 0.0765625 0.078125
0 0.1390625 0.3390625 0.0734375 0.0625
1 0.26953125 0.83203125 0.134375 0.1375
1 0.72578125 0.61640625 0.0859375 0.084375
1 0.571875 0.6515625 0.078125 0.0890625
1 0.36796875 0.65625 0.0921875 0.11875
1 0.184375 0.38359375 0.084375 0.0859375
1 0.409375 0.4109375 0.08125 0.075
1 0.3640625 0.36796875 0.06875 0.06875
1 0.46796875 0.265625 0.078125 0.0703125
2 0.4953125 0.371875 0.0875 0.0875
2 0.4953125 0.475 0.08125 0.0828125
2 0.4515625 0.59375 0.0859375 0.0984375
2 0.05703125 0.73203125 0.1140625 0.1703125
2 0.05625 0.58125 0.1125 0.11875
2 0.1078125 0.44453125 0.13125 0.10625
2 0.3265625 0.27734375 0.0953125 0.1
2 0.675 0.83359375 0.115625 0.1375