2 0.6165865384615384 0.43990384615384615 0.078125 0.06370192307692307
2 0.4723557692307692 0.5673076923076923 0.07451923076923077 0.06971153846153846
2 0.3701923076923077 0.6802884615384616 0.08173076923076923 0.06009615384615385
2 0.2668269230769231 0.30408653846153844 0.08413461538461539 0.0673076923076923
2 0.5925480769230769 0.22596153846153846 0.0829326923076923 0.06009615384615385
2 0.5901442307692307 0.15745192307692307 0.08653846153846154 0.05889423076923077
2 0.7271634615384616 0.38822115384615385 0.0829326923076923 0.0625
2 0.6165865384615384 0.3629807692307692 0.0829326923076923 0.054086538461538464
2 0.7644230769230769 0.5036057692307693 0.07211538461538461 0.06009615384615385
2 0.7572115384615384 0.7019230769230769 0.08413461538461539 0.06971153846153846
1 0.6069711538461539 0.7019230769230769 0.07932692307692307 0.07091346153846154
1 0.4735576923076923 0.6574519230769231 0.0889423076923077 0.07451923076923077
1 0.6033653846153846 0.5829326923076923 0.09375 0.06129807692307692
1 0.5372596153846154 0.5240384615384616 0.07211538461538461 0.04927884615384615
1 0.3473557692307692 0.5096153846153846 0.08413461538461539 0.0625
1 0.4026442307692308 0.38461538461538464 0.08173076923076923 0.06850961538461539
1 0.7788461538461539 0.33052884615384615 0.07572115384615384 0.057692307692307696
1 0.7536057692307693 0.2536057692307692 0.08052884615384616 0.05889423076923077
1 0.8774038461538461 0.31971153846153844 0.06490384615384616 0.06129807692307692
1 0.8028846153846154 0.5829326923076923 0.07211538461538461 0.06971153846153846
0 0.6646634615384616 0.515625 0.08052884615384616 0.06009615384615385
0 0.8353365384615384 0.4362980769230769 0.07692307692307693 0.0625
0 0.9122596153846154 0.40024038461538464 0.07572115384615384 0.04567307692307692
0 0.5120192307692307 0.3894230769230769 0.07572115384615384 0.055288461538461536
0 0.38100961538461536 0.19230769230769232 0.08774038461538461 0.056490384615384616
0 0.48197115384615385 0.1622596153846154 0.078125 0.0625
0 0.3942307692307692 0.29927884615384615 0.07692307692307693 0.0625
0 0.36177884615384615 0.4483173076923077 0.07451923076923077 0.057692307692307696
0 0.6189903846153846 0.2920673076923077 0.0829326923076923 0.06490384615384616
0 0.38461538461538464 0.6189903846153846 0.08173076923076923 0.056490384615384616