1 0.8234375 0.38671875 0.078125 0.09375
1 0.878125 0.625 0.08203125 0.08984375
1 0.61953125 0.44453125 0.08359375 0.07734375
1 0.57734375 0.36796875 0.0734375 0.07265625
1 0.51171875 0.19921875 0.0640625 0.06640625
1 0.21796875 0.47421875 0.07734375 0.09140625
1 0.33203125 0.74765625 0.10546875 0.1265625
0 0.5796875 0.7453125 0.08359375 0.1078125
0 0.55859375 0.51640625 0.071875 0.07578125
0 0.4046875 0.28984375 0.06171875 0.05859375
0 0.37109375 0.41484375 0.0796875 0.07734375
0 0.32265625 0.47734375 0.09140625 0.09140625
0 0.16484375 0.375 0.07578125 0.071875
0 0.134375 0.44296875 0.084375 0.08046875
0 0.24609375 0.26796875 0.0671875 0.0578125
2 0.30703125 0.32109375 0.07890625 0.08046875
2 0.234375 0.6515625 0.1046875 0.1
2 0.42265625 0.609375 0.10078125 0.11484375
2 0.63125 0.62109375 0.09765625 0.11171875
2 0.63046875 0.30546875 0.06953125 0.0609375
2 0.45546875 0.3578125 0.07421875 0.07578125
2 0.39609375 0.19453125 0.0765625 0.0578125
2 0.53203125 0.2921875 0.06328125 0.0546875
1 0.4375 0.50625 0.11953125 0.08671875