0 0.48203125 0.66171875 0.103125 0.1171875
0 0.46328125 0.80078125 0.121875 0.1234375
0 0.56171875 0.546875 0.1015625 0.1046875
0 0.31015625 0.34765625 0.1015625 0.0953125
0 0.2890625 0.4328125 0.090625 0.0921875
0 0.209375 0.45 0.103125 0.109375
0 0.55 0.30078125 0.071875 0.0703125
0 0.48125 0.27734375 0.065625 0.071875
1 0.87578125 0.8234375 0.1546875 0.1640625
1 0.6515625 0.70546875 0.125 0.14375
1 0.74921875 0.43125 0.096875 0.1046875
1 0.66953125 0.3734375 0.071875 0.0734375
1 0.65390625 0.315625 0.0875 0.0765625
1 0.5640625 0.44609375 0.0734375 0.071875
1 0.521875 0.3640625 0.0953125 0.08125
1 0.3203125 0.77734375 0.1078125 0.1515625
2 0.2328125 0.68828125 0.1125 0.1265625
2 0.05859375 0.5453125 0.1171875 0.115625
2 0.41640625 0.5328125 0.0953125 0.1109375
2 0.359375 0.484375 0.0765625 0.0953125
2 0.434375 0.41484375 0.0890625 0.09375
2 0.4265625 0.33984375 0.08125 0.0796875
2 0.41015625 0.27265625 0.075 0.071875
2 0.6484375 0.51484375 0.096875 0.1015625