0 0.2536057692307692 0.24879807692307693 0.08533653846153846 0.07091346153846154
0 0.3894230769230769 0.3629807692307692 0.08173076923076923 0.06850961538461539
0 0.3389423076923077 0.5012019230769231 0.06971153846153846 0.06370192307692307
0 0.3137019230769231 0.6141826923076923 0.07932692307692307 0.0673076923076923
0 0.5949519230769231 0.5432692307692307 0.07091346153846154 0.055288461538461536
0 0.6141826923076923 0.6430288461538461 0.0829326923076923 0.06129807692307692
2 0.6550480769230769 0.5889423076923077 0.07091346153846154 0.056490384615384616
0 0.7103365384615384 0.5588942307692307 0.07091346153846154 0.054086538461538464
0 0.7043269230769231 0.5060096153846154 0.06129807692307692 0.04927884615384615
0 0.7596153846153846 0.5216346153846154 0.06610576923076923 0.051682692307692304
0 0.7884615384615384 0.42788461538461536 0.08052884615384616 0.057692307692307696
1 0.33774038461538464 0.23677884615384615 0.07932692307692307 0.0673076923076923
1 0.5336538461538461 0.21995192307692307 0.06490384615384616 0.06610576923076923
1 0.5997596153846154 0.22355769230769232 0.06009615384615385 0.06009615384615385
1 0.6995192307692307 0.24639423076923078 0.06850961538461539 0.06009615384615385
2 0.6165865384615384 0.4182692307692308 0.0829326923076923 0.0673076923076923
1 0.6766826923076923 0.3629807692307692 0.06370192307692307 0.056490384615384616
1 0.7439903846153846 0.33533653846153844 0.06370192307692307 0.054086538461538464
1 0.4879807692307692 0.42427884615384615 0.08052884615384616 0.06971153846153846
1 0.4254807692307692 0.5444711538461539 0.06971153846153846 0.06850961538461539
1 0.5060096153846154 0.609375 0.08052884615384616 0.06129807692307692
1 0.41947115384615385 0.6670673076923077 0.08413461538461539 0.06129807692307692
2 0.8197115384615384 0.2548076923076923 0.07091346153846154 0.057692307692307696
2 0.5637019230769231 0.3016826923076923 0.08173076923076923 0.0625
2 0.2668269230769231 0.328125 0.08533653846153846 0.0625
2 0.484375 0.35336538461538464 0.08173076923076923 0.06129807692307692
2 0.234375 0.4050480769230769 0.10697115384615384 0.08173076923076923
2 0.8353365384615384 0.4735576923076923 0.07211538461538461 0.054086538461538464
2 0.7980769230769231 0.5877403846153846 0.07572115384615384 0.057692307692307696
2 0.7475961538461539 0.6466346153846154 0.07572115384615384 0.056490384615384616