0 0.83515625 0.6375 0.0890625 0.109375
0 0.59453125 0.66953125 0.08671875 0.1
0 0.41875 0.59296875 0.06875 0.08125
0 0.73046875 0.3546875 0.05546875 0.053125
0 0.6078125 0.3546875 0.0578125 0.0453125
0 0.45078125 0.3671875 0.04375 0.04765625
0 0.2 0.640625 0.07421875 0.07890625
0 0.0796875 0.6515625 0.07265625 0.090625
2 0.27265625 0.6703125 0.07734375 0.109375
2 0.515625 0.66796875 0.0734375 0.08671875
2 0.71171875 0.4296875 0.06328125 0.06171875
2 0.14765625 0.55859375 0.0578125 0.0609375
2 0.55 0.3109375 0.0546875 0.0390625
2 0.4296875 0.46328125 0.065625 0.05703125
2 0.28203125 0.4859375 0.0671875 0.0609375
2 0.15703125 0.46796875 0.0609375 0.053125
1 0.66640625 0.57578125 0.0796875 0.07421875
1 0.6171875 0.4765625 0.0640625 0.0609375
1 0.56171875 0.41953125 0.05546875 0.0578125
1 0.47109375 0.51875 0.05859375 0.06171875
1 0.3890625 0.39375 0.05859375 0.04765625
1 0.24453125 0.4296875 0.053125 0.04453125
1 0.46171875 0.31640625 0.0546875 0.04296875
1 0.64609375 0.31328125 0.05 0.03515625