2 0.87578125 0.50234375 0.15 0.1875
2 0.8984375 0.75390625 0.171875 0.2125
2 0.7671875 0.6359375 0.146875 0.1953125
2 0.2875 0.77265625 0.159375 0.2
2 0.3125 0.159375 0.140625 0.1546875
0 0.61875 0.51796875 0.134375 0.1625
0 0.428125 0.43125 0.1515625 0.1515625
0 0.29921875 0.3296875 0.1515625 0.1875
0 0.259375 0.51875 0.1484375 0.19375
0 0.209375 0.9078125 0.165625 0.184375
1 0.6609375 0.7765625 0.14375 0.18125
1 0.5140625 0.65 0.1515625 0.19375
1 0.4359375 0.76953125 0.1546875 0.2015625
1 0.1328125 0.56171875 0.153125 0.171875
1 0.12578125 0.31953125 0.14375 0.165625