0 0.8125 0.78828125 0.11875 0.159375
0 0.39375 0.8 0.11875 0.1421875
0 0.1640625 0.65234375 0.1125 0.1390625
0 0.22578125 0.35390625 0.0859375 0.0734375
0 0.3125 0.25859375 0.0953125 0.09375
0 0.678125 0.46015625 0.1 0.11875
0 0.81875 0.46171875 0.090625 0.1015625
0 0.47265625 0.59453125 0.109375 0.1140625
2 0.28984375 0.709375 0.1296875 0.153125
2 0.41875 0.475 0.0953125 0.109375
2 0.4984375 0.31640625 0.0859375 0.0953125
2 0.85078125 0.33984375 0.1171875 0.0765625
2 0.115625 0.403125 0.109375 0.103125
2 0.22890625 0.2625 0.0890625 0.09375
2 0.66796875 0.60546875 0.1296875 0.1390625
2 0.69375 0.24453125 0.08125 0.084375
1 0.55078125 0.1875 0.0796875 0.0828125
1 0.578125 0.28515625 0.0875 0.0796875
1 0.72265625 0.3421875 0.1015625 0.0984375
1 0.603125 0.42109375 0.0875 0.1015625
1 0.50625 0.44375 0.10625 0.0984375
1 0.30078125 0.3953125 0.0875 0.0953125
1 0.21875 0.42734375 0.1015625 0.096875
1 0.18046875 0.54453125 0.1140625 0.128125