1 0.8942307692307693 0.26322115384615385 0.11778846153846154 0.11298076923076923
1 0.9651442307692307 0.3942307692307692 0.0625 0.0985576923076923
1 0.9555288461538461 0.7415865384615384 0.0889423076923077 0.0985576923076923
1 0.5276442307692307 0.6670673076923077 0.11298076923076923 0.10817307692307693
1 0.5420673076923077 0.4963942307692308 0.10817307692307693 0.0985576923076923
1 0.046875 0.4483173076923077 0.09375 0.10817307692307693
1 0.45552884615384615 0.31850961538461536 0.09615384615384616 0.0889423076923077
1 0.30288461538461536 0.3173076923076923 0.0985576923076923 0.08413461538461539
2 0.140625 0.30288461538461536 0.11778846153846154 0.09375
2 0.38341346153846156 0.234375 0.10817307692307693 0.08173076923076923
2 0.4387019230769231 0.4254807692307692 0.10336538461538461 0.08413461538461539
2 0.3473557692307692 0.43990384615384615 0.09615384615384616 0.08413461538461539
2 0.17067307692307693 0.49158653846153844 0.09615384615384616 0.0889423076923077
2 0.421875 0.5528846153846154 0.10817307692307693 0.0985576923076923
2 0.6033653846153846 0.375 0.0985576923076923 0.09134615384615384
2 0.9086538461538461 0.4891826923076923 0.14182692307692307 0.11298076923076923
2 0.9555288461538461 0.6694711538461539 0.0889423076923077 0.0889423076923077
0 0.8317307692307693 0.04807692307692308 0.11057692307692307 0.09615384615384616
0 0.9591346153846154 0.5552884615384616 0.08173076923076923 0.09615384615384616
0 0.6286057692307693 0.5925480769230769 0.10336538461538461 0.08413461538461539
0 0.5504807692307693 0.27403846153846156 0.0985576923076923 0.08653846153846154
0 0.23197115384615385 0.5997596153846154 0.11057692307692307 0.09615384615384616
0 0.21033653846153846 0.390625 0.10817307692307693 0.09615384615384616
0 0.24519230769230768 0.19951923076923078 0.11057692307692307 0.10096153846153846
0 0.3485576923076923 0.12620192307692307 0.11778846153846154 0.09134615384615384