1 0.56953125 0.20625 0.078125 0.078125
1 0.44453125 0.2640625 0.065625 0.0578125
1 0.50234375 0.6171875 0.10625 0.1078125
1 0.53828125 0.7703125 0.1171875 0.1296875
1 0.40859375 0.7109375 0.1125 0.1421875
1 0.603125 0.41328125 0.0875 0.0875
1 0.4765625 0.43984375 0.1 0.096875
1 0.64375 0.321875 0.09375 0.0859375
2 0.7609375 0.35625 0.0859375 0.0875
2 0.72890625 0.43203125 0.1125 0.0875
2 0.48125 0.34765625 0.09375 0.0765625
2 0.40390625 0.51640625 0.0859375 0.1140625
2 0.39375 0.30703125 0.065625 0.08125
2 0.303125 0.315625 0.090625 0.0859375
2 0.2421875 0.49296875 0.1046875 0.096875
2 0.18359375 0.73984375 0.1375 0.146875
0 0.25625 0.6234375 0.11875 0.1109375
0 0.2390625 0.40625 0.090625 0.0859375
0 0.1390625 0.35 0.1 0.078125
0 0.21328125 0.24453125 0.084375 0.0671875
0 0.6484375 0.71796875 0.1015625 0.1359375
0 0.7609375 0.6328125 0.128125 0.140625
0 0.88984375 0.5203125 0.0953125 0.084375
0 0.6390625 0.53671875 0.1046875 0.115625