1 0.7578125 0.34140625 0.096875 0.090625
1 0.40625 0.3140625 0.1125 0.1078125
1 0.41484375 0.2265625 0.0875 0.0828125
1 0.22890625 0.19375 0.1 0.0953125
1 0.16328125 0.4515625 0.10625 0.11875
1 0.22890625 0.4796875 0.0765625 0.0921875
1 0.39375 0.4484375 0.0953125 0.1078125
1 0.74921875 0.60703125 0.125 0.134375
0 0.5859375 0.578125 0.09375 0.11875
0 0.50546875 0.5640625 0.1203125 0.1203125
0 0.52109375 0.425 0.0921875 0.1109375
0 0.4640625 0.859375 0.1265625 0.140625
0 0.55 0.32578125 0.0890625 0.0859375
0 0.56328125 0.25 0.0828125 0.078125
0 0.315625 0.41484375 0.1046875 0.1171875
0 0.1734375 0.5796875 0.1328125 0.1546875
2 0.70234375 0.44921875 0.090625 0.1046875
2 0.628125 0.328125 0.1 0.109375
2 0.2953125 0.525 0.1109375 0.121875
2 0.38984375 0.78828125 0.1234375 0.1359375
2 0.45703125 0.6921875 0.1234375 0.109375
2 0.2875 0.2890625 0.1046875 0.115625
2 0.20546875 0.28125 0.1109375 0.1078125
2 0.36171875 0.1671875 0.08125 0.0859375