0 0.42109375 0.29375 0.078125 0.071875
0 0.32421875 0.25546875 0.078125 0.0765625
0 0.1953125 0.36953125 0.075 0.0734375
0 0.446875 0.38203125 0.0875 0.0890625
0 0.6203125 0.55234375 0.096875 0.0984375
0 0.415625 0.50625 0.09375 0.096875
0 0.3421875 0.5953125 0.1015625 0.1015625
0 0.5046875 0.309375 0.0765625 0.0828125
1 0.11796875 0.6109375 0.1046875 0.103125
1 0.07109375 0.52109375 0.1015625 0.0953125
1 0.1546875 0.3046875 0.084375 0.078125
1 0.453125 0.79609375 0.1296875 0.15625
1 0.571875 0.64921875 0.1109375 0.121875
1 0.53203125 0.54609375 0.0859375 0.084375
1 0.578125 0.4328125 0.0859375 0.0921875
1 0.7984375 0.72890625 0.10625 0.103125
2 0.76796875 0.86640625 0.1390625 0.1375
2 0.63828125 0.859375 0.1265625 0.153125
2 0.57734375 0.3078125 0.084375 0.1
2 0.32109375 0.71015625 0.1234375 0.140625
2 0.134375 0.73515625 0.1203125 0.1484375
2 0.18359375 0.46328125 0.0984375 0.0984375
2 0.29609375 0.32109375 0.090625 0.075
2 0.3296875 0.434375 0.096875 0.1015625