2 0.865625 0.58671875 0.153125 0.1890625
2 0.83125 0.8375 0.175 0.2140625
2 0.7296875 0.69296875 0.15 0.196875
2 0.23125 0.71796875 0.1625 0.2015625
2 0.39375 0.12578125 0.1421875 0.15625
0 0.61171875 0.54453125 0.1375 0.1640625
0 0.4453125 0.4171875 0.1546875 0.153125
0 0.3421875 0.28828125 0.1546875 0.190625
0 0.2609375 0.4640625 0.1515625 0.1953125
0 0.12421875 0.8375 0.16875 0.1953125
1 0.59453125 0.80625 0.146875 0.184375
1 0.4796875 0.64921875 0.153125 0.1953125
1 0.3765625 0.74765625 0.1578125 0.2046875
1 0.128125 0.47734375 0.1546875 0.1734375
1 0.17578125 0.23984375 0.1453125 0.1671875