2 0.8377403846153846 0.1622596153846154 0.1201923076923077 0.10576923076923077
2 0.7920673076923077 0.2956730769230769 0.11538461538461539 0.0985576923076923
2 0.35697115384615385 0.22115384615384615 0.08653846153846154 0.07692307692307693
2 0.05048076923076923 0.32091346153846156 0.10096153846153846 0.10336538461538461
2 0.1622596153846154 0.38461538461538464 0.11298076923076923 0.10336538461538461
2 0.46875 0.3581730769230769 0.09615384615384616 0.08653846153846154
2 0.35096153846153844 0.5120192307692307 0.07692307692307693 0.08173076923076923
2 0.40024038461538464 0.4579326923076923 0.09375 0.0985576923076923
2 0.28846153846153844 0.6478365384615384 0.09615384615384616 0.07932692307692307
1 0.671875 0.009615384615384616 0.10817307692307693 0.019230769230769232
1 0.8016826923076923 0.018028846153846152 0.10817307692307693 0.036057692307692304
1 0.7115384615384616 0.24759615384615385 0.10336538461538461 0.09615384615384616
1 0.7644230769230769 0.4182692307692308 0.13221153846153846 0.12980769230769232
1 0.875 0.7716346153846154 0.10336538461538461 0.11538461538461539
1 0.15985576923076922 0.22716346153846154 0.1201923076923077 0.0985576923076923
1 0.22956730769230768 0.28365384615384615 0.09375 0.08653846153846154
1 0.265625 0.3605769230769231 0.0889423076923077 0.07932692307692307
1 0.3485576923076923 0.40625 0.08653846153846154 0.07932692307692307
1 0.45072115384615385 0.546875 0.0889423076923077 0.0889423076923077
0 0.6766826923076923 0.11057692307692307 0.11778846153846154 0.11057692307692307
0 0.7956730769230769 0.07692307692307693 0.11538461538461539 0.09615384615384616
0 0.8569711538461539 0.5024038461538461 0.11538461538461539 0.10096153846153846
0 0.8497596153846154 0.6334134615384616 0.12980769230769232 0.11778846153846154
0 0.046875 0.21875 0.09375 0.08173076923076923
0 0.2956730769230769 0.13942307692307693 0.09375 0.07692307692307693
0 0.026442307692307692 0.43990384615384615 0.052884615384615384 0.09615384615384616
0 0.13942307692307693 0.5324519230769231 0.10576923076923077 0.10096153846153846
0 0.21875 0.4879807692307692 0.0985576923076923 0.08653846153846154
0 0.375 0.3088942307692308 0.09134615384615384 0.08173076923076923