0 0.578125 0.77109375 0.1125 0.0921875
0 0.4171875 0.65546875 0.1203125 0.096875
0 0.57578125 0.5734375 0.1046875 0.08125
0 0.11328125 0.4890625 0.1125 0.0859375
0 0.578125 0.32421875 0.125 0.109375
0 0.76875 0.303125 0.10625 0.0921875
0 0.4796875 0.18203125 0.1203125 0.090625
0 0.35703125 0.821875 0.1296875 0.103125
2 0.30703125 0.753125 0.1265625 0.0828125
2 0.303125 0.68203125 0.125 0.09375
2 0.6171875 0.64765625 0.1296875 0.09375
2 0.46015625 0.42421875 0.1234375 0.1078125
2 0.384375 0.4671875 0.125 0.0890625
2 0.22109375 0.2921875 0.1046875 0.090625
2 0.7578125 0.54375 0.128125 0.103125
2 0.61171875 0.1859375 0.1265625 0.0984375
1 0.46875 0.26484375 0.1265625 0.1046875
1 0.64921875 0.415625 0.1140625 0.09375
1 0.7265625 0.3796875 0.125 0.0890625
1 0.328125 0.22109375 0.15 0.121875
1 0.25546875 0.415625 0.1234375 0.10625
1 0.2765625 0.578125 0.1265625 0.1
1 0.4703125 0.54921875 0.115625 0.096875
1 0.52890625 0.69140625 0.1203125 0.1