0 0.34453125 0.72890625 0.1328125 0.1390625
0 0.7296875 0.7640625 0.125 0.1390625
0 0.80625 0.55 0.090625 0.1109375
0 0.85390625 0.4328125 0.084375 0.0890625
0 0.6328125 0.37421875 0.0859375 0.090625
0 0.7328125 0.36328125 0.0890625 0.0953125
0 0.45546875 0.384375 0.0875 0.075
0 0.2484375 0.4203125 0.075 0.078125
2 0.453125 0.8796875 0.1453125 0.1609375
2 0.1890625 0.79453125 0.1359375 0.1484375
2 0.55 0.5109375 0.0890625 0.096875
2 0.64375 0.5890625 0.090625 0.10625
2 0.94765625 0.6453125 0.1046875 0.125
2 0.5375 0.4328125 0.0859375 0.0890625
2 0.36875 0.3578125 0.0859375 0.0890625
2 0.4171875 0.45234375 0.103125 0.1171875
1 0.2921875 0.525 0.084375 0.0875
1 0.22421875 0.5515625 0.090625 0.084375
1 0.39140625 0.5859375 0.1 0.096875
1 0.5140625 0.659375 0.1109375 0.115625
1 0.621875 0.83359375 0.146875 0.1796875
1 0.66796875 0.490625 0.090625 0.0984375
1 0.921875 0.51015625 0.1046875 0.1125
1 0.48671875 0.29765625 0.08125 0.08125