2 0.8449519230769231 0.12860576923076922 0.0889423076923077 0.07572115384615384
2 0.8305288461538461 0.34375 0.08774038461538461 0.07091346153846154
2 0.7692307692307693 0.44591346153846156 0.08533653846153846 0.06490384615384616
2 0.4266826923076923 0.3088942307692308 0.0625 0.052884615384615384
2 0.15384615384615385 0.33653846153846156 0.07932692307692307 0.07091346153846154
2 0.23918269230769232 0.40865384615384615 0.08173076923076923 0.07091346153846154
2 0.4951923076923077 0.43990384615384615 0.06971153846153846 0.05889423076923077
2 0.37259615384615385 0.5456730769230769 0.054086538461538464 0.06009615384615385
2 0.4206730769230769 0.5108173076923077 0.06490384615384616 0.07091346153846154
2 0.2956730769230769 0.6466346153846154 0.07091346153846154 0.051682692307692304
1 0.7283653846153846 0.15144230769230768 0.0829326923076923 0.07932692307692307
1 0.8305288461538461 0.1935096153846154 0.078125 0.06971153846153846
1 0.7127403846153846 0.3918269230769231 0.07451923076923077 0.06610576923076923
1 0.7259615384615384 0.5396634615384616 0.09375 0.09134615384615384
1 0.7548076923076923 0.8485576923076923 0.07211538461538461 0.0829326923076923
1 0.26322115384615385 0.27884615384615385 0.0889423076923077 0.06490384615384616
1 0.3112980769230769 0.33774038461538464 0.06610576923076923 0.06009615384615385
1 0.3269230769230769 0.40625 0.06490384615384616 0.052884615384615384
1 0.38822115384615385 0.45913461538461536 0.06129807692307692 0.055288461538461536
1 0.44711538461538464 0.5913461538461539 0.0625 0.0625
0 0.7079326923076923 0.27403846153846156 0.0829326923076923 0.078125
0 0.8112980769230769 0.2668269230769231 0.08533653846153846 0.06370192307692307
0 0.7872596153846154 0.6262019230769231 0.0829326923076923 0.06971153846153846
0 0.7596153846153846 0.7319711538461539 0.09375 0.08052884615384616
0 0.16706730769230768 0.25240384615384615 0.08052884615384616 0.051682692307692304
0 0.390625 0.23076923076923078 0.07091346153846154 0.05048076923076923
0 0.09375 0.42908653846153844 0.0829326923076923 0.06971153846153846
0 0.19471153846153846 0.5252403846153846 0.07572115384615384 0.06850961538461539
0 0.2668269230769231 0.5036057692307693 0.07091346153846154 0.06009615384615385
0 0.4254807692307692 0.38341346153846156 0.06610576923076923 0.056490384615384616