0 0.815625 0.8796875 0.11875 0.146875
0 0.82734375 0.6109375 0.0890625 0.1
0 0.61171875 0.5859375 0.103125 0.1328125
0 0.54609375 0.53828125 0.0796875 0.0890625
0 0.596875 0.46640625 0.0703125 0.0703125
0 0.421875 0.60234375 0.0890625 0.08125
0 0.19453125 0.58203125 0.1 0.1078125
0 0.2953125 0.42109375 0.0703125 0.0765625
1 0.70546875 0.54765625 0.0734375 0.1109375
1 0.60234375 0.759375 0.11875 0.13125
1 0.44140625 0.8046875 0.1109375 0.125
1 0.48046875 0.69765625 0.096875 0.1
1 0.615625 0.38671875 0.0734375 0.0796875
1 0.36953125 0.3734375 0.071875 0.075
1 0.359375 0.46953125 0.078125 0.1078125
1 0.3703125 0.2390625 0.0578125 0.065625
2 0.49921875 0.36796875 0.0828125 0.0765625
2 0.4640625 0.43125 0.084375 0.078125
2 0.24765625 0.70078125 0.1203125 0.1375
2 0.0921875 0.5765625 0.0890625 0.1140625
2 0.11796875 0.46171875 0.115625 0.084375
2 0.2078125 0.48046875 0.090625 0.075
2 0.4265625 0.265625 0.059375 0.0515625
2 0.69453125 0.425 0.090625 0.084375