1 0.86328125 0.38203125 0.059375 0.053125
1 0.775 0.37890625 0.04375 0.040625
1 0.7640625 0.415625 0.05625 0.05625
1 0.55546875 0.42109375 0.053125 0.0515625
1 0.38984375 0.4109375 0.0515625 0.0453125
1 0.16015625 0.49140625 0.0625 0.0578125
1 0.08828125 0.5015625 0.05 0.053125
1 0.1203125 0.4359375 0.0484375 0.0484375
0 0.8203125 0.41796875 0.0546875 0.0546875
0 0.6953125 0.425 0.05625 0.0546875
0 0.621875 0.43828125 0.0546875 0.0578125
0 0.621875 0.3875 0.05 0.0421875
0 0.51484375 0.3953125 0.04375 0.0421875
0 0.34140625 0.46796875 0.0578125 0.053125
0 0.2375 0.43828125 0.0546875 0.05
0 0.1796875 0.440625 0.05 0.0390625
2 0.671875 0.37578125 0.0453125 0.040625
2 0.50859375 0.44921875 0.0484375 0.05
2 0.446875 0.428125 0.0546875 0.0546875
2 0.4578125 0.3875 0.04375 0.04375
2 0.403125 0.465625 0.053125 0.053125
2 0.3078125 0.42421875 0.0453125 0.0421875
2 0.2765625 0.48046875 0.046875 0.0453125
2 0.21640625 0.496875 0.0515625 0.046875