2 0.2800480769230769 0.35216346153846156 0.078125 0.06971153846153846
2 0.1778846153846154 0.39663461538461536 0.09735576923076923 0.07091346153846154
2 0.6826923076923077 0.4014423076923077 0.0673076923076923 0.06610576923076923
2 0.5120192307692307 0.47475961538461536 0.07211538461538461 0.04927884615384615
2 0.6165865384615384 0.48197115384615385 0.07451923076923077 0.06009615384615385
0 0.6959134615384616 0.515625 0.057692307692307696 0.055288461538461536
2 0.7572115384615384 0.4651442307692308 0.06971153846153846 0.056490384615384616
2 0.5228365384615384 0.546875 0.08052884615384616 0.057692307692307696
2 0.453125 0.5901442307692307 0.06971153846153846 0.052884615384615384
2 0.5408653846153846 0.75 0.07692307692307693 0.05889423076923077
2 0.6502403846153846 0.7596153846153846 0.08052884615384616 0.06009615384615385
0 0.265625 0.18269230769230768 0.0889423076923077 0.06370192307692307
0 0.4014423076923077 0.3629807692307692 0.08173076923076923 0.05889423076923077
0 0.5012019230769231 0.3317307692307692 0.0733173076923077 0.0625
0 0.6153846153846154 0.35096153846153844 0.0673076923076923 0.06129807692307692
0 0.3161057692307692 0.5925480769230769 0.0733173076923077 0.06370192307692307
0 0.42788461538461536 0.5492788461538461 0.07091346153846154 0.04326923076923077
0 0.5661057692307693 0.6514423076923077 0.06971153846153846 0.052884615384615384
0 0.6995192307692307 0.6274038461538461 0.07451923076923077 0.054086538461538464
0 0.7932692307692307 0.5649038461538461 0.078125 0.055288461538461536
1 0.38341346153846156 0.20072115384615385 0.07451923076923077 0.0673076923076923
1 0.2127403846153846 0.28846153846153844 0.09495192307692307 0.07451923076923077
1 0.5552884615384616 0.25721153846153844 0.078125 0.0625
1 0.3641826923076923 0.4651442307692308 0.07692307692307693 0.07091346153846154
1 0.234375 0.5516826923076923 0.078125 0.05048076923076923
1 0.6322115384615384 0.5709134615384616 0.09014423076923077 0.054086538461538464
1 0.4206730769230769 0.7007211538461539 0.07451923076923077 0.0625
1 0.47115384615384615 0.7740384615384616 0.0673076923076923 0.06009615384615385
1 0.7716346153846154 0.6670673076923077 0.06850961538461539 0.052884615384615384
1 0.7439903846153846 0.7596153846153846 0.06850961538461539 0.06370192307692307