1 0.84921875 0.384375 0.065625 0.0625
1 0.7796875 0.39765625 0.053125 0.0515625
1 0.65703125 0.33203125 0.040625 0.040625
1 0.34375 0.33984375 0.0453125 0.0421875
1 0.3265625 0.39765625 0.04375 0.0546875
1 0.290625 0.328125 0.05 0.0453125
1 0.103125 0.3765625 0.0546875 0.0515625
1 0.44296875 0.38515625 0.0484375 0.04375
2 0.14609375 0.32734375 0.04375 0.0390625
2 0.21015625 0.38515625 0.0515625 0.046875
2 0.3984375 0.35078125 0.05 0.0453125
2 0.45 0.34140625 0.034375 0.0328125
2 0.58984375 0.39140625 0.0515625 0.0484375
2 0.51953125 0.36484375 0.0484375 0.0328125
2 0.690625 0.3625 0.0484375 0.034375
2 0.67421875 0.40546875 0.0390625 0.0421875
0 0.16484375 0.38125 0.0484375 0.0453125
0 0.2015625 0.33828125 0.0484375 0.040625
0 0.259375 0.3890625 0.053125 0.053125
0 0.39453125 0.39765625 0.04375 0.0453125
0 0.55 0.33828125 0.04375 0.03125
0 0.52421875 0.40703125 0.05 0.046875
0 0.61484375 0.3421875 0.0484375 0.0453125
0 0.75390625 0.353125 0.046875 0.0390625