2 0.90703125 0.546875 0.046875 0.05
2 0.71484375 0.46640625 0.0578125 0.0609375
2 0.5578125 0.4703125 0.05625 0.0515625
2 0.52109375 0.49375 0.071875 0.065625
2 0.46953125 0.4234375 0.0625 0.0578125
2 0.415625 0.48203125 0.0765625 0.065625
2 0.2546875 0.43671875 0.06875 0.05625
2 0.63203125 0.4703125 0.0515625 0.0484375
0 0.7609375 0.4875 0.053125 0.05625
0 0.7265625 0.51875 0.0578125 0.0515625
0 0.67109375 0.5140625 0.059375 0.0515625
0 0.6734375 0.47109375 0.0421875 0.046875
0 0.65078125 0.43671875 0.04375 0.040625
0 0.4109375 0.42578125 0.065625 0.0578125
0 0.13828125 0.4296875 0.0734375 0.0625
0 0.853125 0.51875 0.0421875 0.0375
1 0.875 0.553125 0.04375 0.0453125
1 0.8765625 0.4953125 0.0421875 0.0375
1 0.81953125 0.47890625 0.046875 0.0421875
1 0.8109375 0.51875 0.0515625 0.0546875
1 0.77265625 0.44921875 0.053125 0.04375
1 0.54296875 0.41953125 0.0515625 0.046875
1 0.33515625 0.45703125 0.06875 0.0671875
1 0.265625 0.3875 0.071875 0.0640625