0 0.4890625 0.72421875 0.13125 0.171875
0 0.7453125 0.67578125 0.1234375 0.1546875
0 0.396875 0.53203125 0.128125 0.165625
0 0.4875 0.26875 0.115625 0.1609375
0 0.4 0.2046875 0.121875 0.153125
1 0.64140625 0.3046875 0.115625 0.134375
1 0.646875 0.75546875 0.121875 0.178125
1 0.384375 0.36484375 0.1265625 0.146875
1 0.2578125 0.6859375 0.14375 0.1609375
1 0.25859375 0.85859375 0.128125 0.1640625
2 0.0890625 0.5390625 0.1515625 0.1796875
2 0.88125 0.67421875 0.128125 0.175
2 0.7796875 0.40703125 0.1109375 0.1609375
2 0.52734375 0.4484375 0.1234375 0.153125
2 0.509375 0.0921875 0.125 0.1453125