2 0.6045673076923077 0.1346153846153846 0.07692307692307693 0.07451923076923077
2 0.5204326923076923 0.1658653846153846 0.08173076923076923 0.06971153846153846
2 0.46033653846153844 0.24278846153846154 0.0985576923076923 0.08413461538461539
2 0.3245192307692308 0.17427884615384615 0.10096153846153846 0.09615384615384616
2 0.28846153846153844 0.34375 0.11538461538461539 0.08413461538461539
2 0.5913461538461539 0.2932692307692308 0.09375 0.07932692307692307
2 0.7764423076923077 0.28966346153846156 0.0889423076923077 0.07932692307692307
2 0.6959134615384616 0.7091346153846154 0.10096153846153846 0.09134615384615384
2 0.4639423076923077 0.5697115384615384 0.10817307692307693 0.07932692307692307
0 0.4362980769230769 0.5024038461538461 0.10096153846153846 0.07451923076923077
2 0.4375 0.43509615384615385 0.09615384615384616 0.07692307692307693
1 0.6598557692307693 0.19591346153846154 0.11057692307692307 0.07692307692307693
1 0.5048076923076923 0.09975961538461539 0.09134615384615384 0.08173076923076923
1 0.6538461538461539 0.5072115384615384 0.0985576923076923 0.07932692307692307
1 0.734375 0.43509615384615385 0.08653846153846154 0.0673076923076923
1 0.8401442307692307 0.49399038461538464 0.10576923076923077 0.07451923076923077
1 0.6502403846153846 0.3954326923076923 0.07692307692307693 0.0673076923076923
1 0.5709134615384616 0.43990384615384615 0.09375 0.08173076923076923
1 0.7992788461538461 0.4050480769230769 0.08173076923076923 0.06490384615384616
1 0.8473557692307693 0.36538461538461536 0.08653846153846154 0.07692307692307693
1 0.4411057692307692 0.8377403846153846 0.09615384615384616 0.08173076923076923
0 0.23918269230769232 0.45072115384615385 0.11778846153846154 0.09615384615384616
0 0.15985576923076922 0.2127403846153846 0.09615384615384616 0.09134615384615384
0 0.4639423076923077 0.3581730769230769 0.10096153846153846 0.07451923076923077
0 0.29447115384615385 0.6790865384615384 0.09375 0.08413461538461539
0 0.5204326923076923 0.6911057692307693 0.10817307692307693 0.08173076923076923
0 0.5685096153846154 0.6153846153846154 0.09615384615384616 0.07211538461538461
0 0.7764423076923077 0.5637019230769231 0.09134615384615384 0.07211538461538461
0 0.8557692307692307 0.27403846153846156 0.08653846153846154 0.07451923076923077
0 0.7115384615384616 0.1310096153846154 0.10576923076923077 0.07211538461538461