2 0.8485576923076923 0.4831730769230769 0.07932692307692307 0.0673076923076923
2 0.8245192307692307 0.40625 0.06129807692307692 0.06009615384615385
2 0.4074519230769231 0.19110576923076922 0.12139423076923077 0.09254807692307693
2 0.6153846153846154 0.30408653846153844 0.09615384615384616 0.08653846153846154
2 0.3473557692307692 0.36658653846153844 0.09615384615384616 0.09254807692307693
2 0.25721153846153844 0.36177884615384615 0.10096153846153846 0.09014423076923077
2 0.34615384615384615 0.5408653846153846 0.11899038461538461 0.0889423076923077
2 0.7091346153846154 0.6021634615384616 0.0733173076923077 0.06971153846153846
2 0.4230769230769231 0.8161057692307693 0.07451923076923077 0.08653846153846154
2 0.234375 0.8473557692307693 0.1141826923076923 0.09615384615384616
1 0.36538461538461536 0.07692307692307693 0.11658653846153846 0.09615384615384616
1 0.19471153846153846 0.21995192307692307 0.13701923076923078 0.09254807692307693
1 0.4987980769230769 0.27163461538461536 0.0985576923076923 0.07692307692307693
1 0.7896634615384616 0.2848557692307692 0.07932692307692307 0.078125
1 0.4651442307692308 0.4879807692307692 0.09375 0.08052884615384616
1 0.5961538461538461 0.5985576923076923 0.0889423076923077 0.08173076923076923
1 0.6189903846153846 0.6694711538461539 0.0889423076923077 0.06850961538461539
1 0.4699519230769231 0.6983173076923077 0.09014423076923077 0.078125
1 0.5709134615384616 0.8100961538461539 0.08533653846153846 0.07692307692307693
1 0.6490384615384616 0.18629807692307693 0.07451923076923077 0.08774038461538461
0 0.5480769230769231 0.15264423076923078 0.09254807692307693 0.07692307692307693
0 0.47596153846153844 0.3798076923076923 0.1141826923076923 0.09375
0 0.5877403846153846 0.4206730769230769 0.078125 0.07932692307692307
0 0.6670673076923077 0.4362980769230769 0.07211538461538461 0.08052884615384616
0 0.7439903846153846 0.375 0.07091346153846154 0.07572115384615384
0 0.7608173076923077 0.5408653846153846 0.06370192307692307 0.06009615384615385
0 0.7896634615384616 0.5925480769230769 0.052884615384615384 0.07572115384615384
0 0.7247596153846154 0.7067307692307693 0.06971153846153846 0.07932692307692307
0 0.29927884615384615 0.7043269230769231 0.12620192307692307 0.09975961538461539
0 0.15504807692307693 0.6081730769230769 0.10697115384615384 0.11298076923076923