0 0.63046875 0.33984375 0.05234375 0.05625
0 0.49921875 0.3453125 0.0515625 0.05078125
0 0.4453125 0.36796875 0.059375 0.04609375
0 0.303125 0.41953125 0.065625 0.0578125
0 0.684375 0.67734375 0.0703125 0.08828125
0 0.60625 0.659375 0.0734375 0.07734375
0 0.634375 0.5765625 0.0546875 0.05546875
0 0.43359375 0.46640625 0.05859375 0.05703125
2 0.765625 0.575 0.07109375 0.08125
2 0.6890625 0.54609375 0.065625 0.0765625
2 0.684375 0.490625 0.0578125 0.05859375
2 0.50859375 0.59296875 0.0796875 0.08515625
2 0.43671875 0.54375 0.071875 0.0703125
2 0.409375 0.41640625 0.053125 0.0578125
2 0.43125 0.3140625 0.04375 0.0515625
2 0.58828125 0.36796875 0.0515625 0.03984375
1 0.328125 0.32421875 0.07109375 0.05703125
1 0.34140625 0.49921875 0.0640625 0.05390625
1 0.37421875 0.61796875 0.078125 0.084375
1 0.6015625 0.425 0.06015625 0.05703125
1 0.59140625 0.53984375 0.053125 0.03828125
1 0.50234375 0.4671875 0.06015625 0.059375
1 0.484375 0.4125 0.05078125 0.0390625
1 0.5359375 0.3078125 0.0515625 0.03671875