2 0.8828125 0.4953125 0.1359375 0.1359375
2 0.7703125 0.559375 0.1671875 0.1265625
2 0.21640625 0.62578125 0.1796875 0.1375
2 0.38125 0.92109375 0.2015625 0.1546875
2 0.6859375 0.73359375 0.1953125 0.15
1 0.63828125 0.47578125 0.153125 0.1390625
1 0.5125 0.39375 0.184375 0.128125
1 0.2703125 0.2359375 0.2171875 0.171875
1 0.53359375 0.85703125 0.190625 0.1640625
1 0.37890625 0.7171875 0.1890625 0.1671875
0 0.80546875 0.246875 0.1921875 0.15625
0 0.53125 0.63984375 0.1890625 0.1390625
0 0.209375 0.51875 0.1859375 0.1546875
0 0.51484375 0.2265625 0.196875 0.15625
0 0.6265625 0.10546875 0.1921875 0.1515625