0 0.67421875 0.54921875 0.0828125 0.1
0 0.6296875 0.32109375 0.0703125 0.10625
0 0.58125 0.26953125 0.0625 0.084375
0 0.65390625 0.12734375 0.0671875 0.0890625
0 0.41328125 0.38359375 0.08125 0.1078125
0 0.51171875 0.54140625 0.084375 0.1078125
0 0.2765625 0.6609375 0.0734375 0.0953125
0 0.34609375 0.29765625 0.090625 0.1078125
1 0.29765625 0.77265625 0.0859375 0.1
1 0.11796875 0.67734375 0.090625 0.096875
1 0.22265625 0.50234375 0.0921875 0.1015625
1 0.31171875 0.41328125 0.0859375 0.09375
1 0.4375 0.27265625 0.075 0.109375
1 0.78359375 0.59453125 0.078125 0.0953125
1 0.8703125 0.71484375 0.084375 0.121875
1 0.5125 0.82421875 0.0890625 0.1109375
2 0.56796875 0.69609375 0.0890625 0.1390625
2 0.4328125 0.65859375 0.0890625 0.1109375
2 0.43046875 0.78359375 0.09375 0.1390625
2 0.19921875 0.64140625 0.0828125 0.1125
2 0.70625 0.78984375 0.090625 0.13125
2 0.7953125 0.48359375 0.075 0.1265625
2 0.5875 0.5109375 0.071875 0.115625
2 0.53203125 0.3484375 0.103125 0.1046875