2 0.27421875 0.46953125 0.084375 0.096875
2 0.5984375 0.29140625 0.0796875 0.084375
2 0.45390625 0.31171875 0.075 0.090625
2 0.6734375 0.4703125 0.0984375 0.1109375
2 0.7953125 0.45859375 0.09375 0.1109375
2 0.86796875 0.41484375 0.0859375 0.1015625
2 0.7796875 0.3484375 0.1 0.1
2 0.70859375 0.79765625 0.103125 0.140625
0 0.6140625 0.7859375 0.1078125 0.140625
0 0.74296875 0.58359375 0.1046875 0.115625
0 0.34609375 0.38125 0.084375 0.0953125
0 0.29140625 0.33828125 0.0875 0.0875
0 0.321875 0.56484375 0.10625 0.1125
0 0.20390625 0.6125 0.125 0.13125
0 0.13125 0.35859375 0.0921875 0.096875
0 0.34375 0.21796875 0.0890625 0.0890625
1 0.18828125 0.52109375 0.096875 0.1015625
1 0.51328125 0.58515625 0.0875 0.103125
1 0.41875 0.76171875 0.096875 0.121875
1 0.5796875 0.57265625 0.090625 0.1078125
1 0.48828125 0.44375 0.0796875 0.0921875
1 0.54375 0.39453125 0.084375 0.0890625
1 0.66953125 0.31171875 0.075 0.0890625
1 0.825 0.60078125 0.0953125 0.115625