2 0.89765625 0.671875 0.11796875 0.11484375
2 0.89765625 0.5546875 0.0875 0.1015625
2 0.671875 0.4875 0.0875 0.08515625
2 0.52734375 0.60859375 0.1 0.1203125
2 0.46796875 0.35546875 0.059375 0.08359375
2 0.3984375 0.25390625 0.0640625 0.06953125
2 0.69765625 0.228125 0.06640625 0.07421875
2 0.6671875 0.271875 0.06484375 0.0796875
1 0.4125 0.61640625 0.096875 0.11796875
1 0.275 0.59140625 0.121875 0.12109375
1 0.25859375 0.421875 0.0859375 0.1171875
1 0.28203125 0.32109375 0.08359375 0.08359375
1 0.40234375 0.3671875 0.07109375 0.0703125
1 0.4296875 0.48671875 0.09375 0.11640625
1 0.5109375 0.2265625 0.0703125 0.0734375
1 0.6078125 0.3046875 0.065625 0.0796875
0 0.65390625 0.66953125 0.09140625 0.1
0 0.41171875 0.81328125 0.11015625 0.14375
0 0.3546875 0.1875 0.08515625 0.0796875
0 0.27265625 0.21875 0.07578125 0.0796875
0 0.165625 0.2484375 0.06875 0.0796875
0 0.11015625 0.3921875 0.09375 0.115625
0 0.4578125 0.28125 0.0796875 0.07265625
0 0.66953125 0.4046875 0.0875 0.08515625