2 0.7980769230769231 0.31490384615384615 0.08173076923076923 0.054086538461538464
2 0.8112980769230769 0.453125 0.06129807692307692 0.04807692307692308
2 0.5877403846153846 0.4735576923076923 0.0625 0.04927884615384615
2 0.6778846153846154 0.375 0.07091346153846154 0.06129807692307692
2 0.5853365384615384 0.3088942307692308 0.078125 0.055288461538461536
2 0.6394230769230769 0.25721153846153844 0.06971153846153846 0.046875
2 0.31490384615384615 0.6129807692307693 0.08173076923076923 0.06009615384615385
2 0.41947115384615385 0.75 0.08052884615384616 0.06009615384615385
2 0.6538461538461539 0.6358173076923077 0.06009615384615385 0.052884615384615384
2 0.6165865384615384 0.5901442307692307 0.06009615384615385 0.04807692307692308
0 0.40024038461538464 0.6574519230769231 0.07091346153846154 0.052884615384615384
0 0.4651442307692308 0.6310096153846154 0.0673076923076923 0.05048076923076923
0 0.34375 0.5300480769230769 0.07451923076923077 0.052884615384615384
0 0.43149038461538464 0.4675480769230769 0.06370192307692307 0.05048076923076923
0 0.35697115384615385 0.4098557692307692 0.07091346153846154 0.056490384615384616
0 0.4735576923076923 0.3870192307692308 0.07692307692307693 0.055288461538461536
1 0.7283653846153846 0.59375 0.05889423076923077 0.04447115384615385
0 0.7668269230769231 0.5372596153846154 0.06490384615384616 0.046875
1 0.6682692307692307 0.4855769230769231 0.056490384615384616 0.046875
0 0.7283653846153846 0.4987980769230769 0.06490384615384616 0.04927884615384615
0 0.5372596153846154 0.8112980769230769 0.0733173076923077 0.054086538461538464
0 0.7163461538461539 0.24879807692307693 0.06850961538461539 0.054086538461538464
1 0.44711538461538464 0.3004807692307692 0.08533653846153846 0.056490384615384616
1 0.28125 0.3076923076923077 0.0829326923076923 0.06610576923076923
1 0.5985576923076923 0.2127403846153846 0.06370192307692307 0.042067307692307696
1 0.6814903846153846 0.7271634615384616 0.06971153846153846 0.057692307692307696
1 0.5456730769230769 0.671875 0.057692307692307696 0.05048076923076923
1 0.5132211538461539 0.546875 0.0829326923076923 0.0673076923076923
1 0.6045673076923077 0.4026442307692308 0.07211538461538461 0.04807692307692308
1 0.7836538461538461 0.3894230769230769 0.06971153846153846 0.06009615384615385