0 0.6765625 0.53984375 0.07734375 0.0953125
0 0.6203125 0.31484375 0.065625 0.10234375
0 0.56875 0.265625 0.05859375 0.08125
0 0.634375 0.11953125 0.06328125 0.0859375
0 0.40703125 0.38828125 0.0765625 0.1046875
0 0.5140625 0.540625 0.0796875 0.10390625
0 0.28515625 0.67265625 0.06875 0.09140625
0 0.3359375 0.30625 0.0859375 0.10390625
1 0.3125 0.7828125 0.08046875 0.09609375
1 0.128125 0.696875 0.0859375 0.0921875
1 0.2234375 0.5171875 0.08671875 0.096875
1 0.3078125 0.4234375 0.08203125 0.08984375
1 0.42578125 0.2765625 0.06953125 0.10625
1 0.78828125 0.5796875 0.07421875 0.09140625
1 0.88125 0.6953125 0.07890625 0.11796875
1 0.5296875 0.8234375 0.0828125 0.10703125
2 0.578125 0.6921875 0.0828125 0.13515625
2 0.44140625 0.66171875 0.0828125 0.10703125
2 0.4453125 0.78671875 0.0875 0.134375
2 0.20703125 0.65703125 0.07734375 0.109375
2 0.72109375 0.77890625 0.084375 0.1265625
2 0.79375 0.46796875 0.06796875 0.1234375
2 0.58828125 0.50625 0.06640625 0.1125
2 0.52421875 0.346875 0.0984375 0.1