2 0.6298076923076923 0.0889423076923077 0.0889423076923077 0.0889423076923077
2 0.5420673076923077 0.13221153846153846 0.09615384615384616 0.08173076923076923
2 0.4831730769230769 0.21875 0.11538461538461539 0.10096153846153846
2 0.3293269230769231 0.15865384615384615 0.11778846153846154 0.11298076923076923
2 0.3076923076923077 0.3449519230769231 0.13221153846153846 0.10096153846153846
2 0.6310096153846154 0.2620192307692308 0.10817307692307693 0.09375
2 0.8329326923076923 0.2403846153846154 0.10096153846153846 0.09134615384615384
2 0.7836538461538461 0.7043269230769231 0.11778846153846154 0.10817307692307693
2 0.5192307692307693 0.5745192307692307 0.12259615384615384 0.09615384615384616
0 0.4831730769230769 0.5036057692307693 0.11538461538461539 0.0889423076923077
2 0.47836538461538464 0.43149038461538464 0.11057692307692307 0.09134615384615384
1 0.6959134615384616 0.15144230769230768 0.12740384615384615 0.09375
1 0.5192307692307693 0.06009615384615385 0.10576923076923077 0.09615384615384616
1 0.7199519230769231 0.4879807692307692 0.11298076923076923 0.09375
1 0.8004807692307693 0.40384615384615385 0.0985576923076923 0.07932692307692307
1 0.921875 0.4567307692307692 0.1201923076923077 0.09134615384615384
1 0.7055288461538461 0.36778846153846156 0.08653846153846154 0.07692307692307693
1 0.6225961538461539 0.4230769230769231 0.10817307692307693 0.09615384615384616
1 0.8677884615384616 0.36538461538461536 0.09375 0.07692307692307693
1 0.9146634615384616 0.31490384615384615 0.10096153846153846 0.0889423076923077
1 0.5204326923076923 0.8677884615384616 0.11057692307692307 0.09615384615384616
0 0.26322115384615385 0.4675480769230769 0.1346153846153846 0.11298076923076923
0 0.15384615384615385 0.21514423076923078 0.11057692307692307 0.10576923076923077
0 0.4987980769230769 0.3449519230769231 0.11538461538461539 0.0889423076923077
0 0.3449519230769231 0.7091346153846154 0.10817307692307693 0.10096153846153846
0 0.5925480769230769 0.7007211538461539 0.125 0.0985576923076923
0 0.6370192307692307 0.6141826923076923 0.11057692307692307 0.08653846153846154
0 0.859375 0.5384615384615384 0.10336538461538461 0.08653846153846154
0 0.9146634615384616 0.21634615384615385 0.10096153846153846 0.0889423076923077
0 0.7463942307692307 0.07572115384615384 0.12259615384615384 0.08653846153846154