2 0.8269230769230769 0.27884615384615385 0.08653846153846154 0.07091346153846154
2 0.7115384615384616 0.26322115384615385 0.11177884615384616 0.0829326923076923
2 0.8209134615384616 0.44471153846153844 0.09495192307692307 0.08173076923076923
2 0.7139423076923077 0.47716346153846156 0.0985576923076923 0.07451923076923077
2 0.7043269230769231 0.6358173076923077 0.09615384615384616 0.06610576923076923
2 0.4230769230769231 0.4963942307692308 0.057692307692307696 0.046875
2 0.2668269230769231 0.5637019230769231 0.08653846153846154 0.055288461538461536
0 0.29447115384615385 0.4963942307692308 0.08052884615384616 0.051682692307692304
2 0.3473557692307692 0.44591346153846156 0.07091346153846154 0.054086538461538464
2 0.23557692307692307 0.44350961538461536 0.07572115384615384 0.06610576923076923
2 0.21394230769230768 0.2608173076923077 0.0829326923076923 0.06850961538461539
1 0.8485576923076923 0.18509615384615385 0.0985576923076923 0.0733173076923077
1 0.7259615384615384 0.1466346153846154 0.1201923076923077 0.08533653846153846
1 0.7055288461538461 0.37259615384615385 0.10817307692307693 0.08173076923076923
1 0.8221153846153846 0.6370192307692307 0.0829326923076923 0.07091346153846154
1 0.8076923076923077 0.8353365384615384 0.09495192307692307 0.06971153846153846
1 0.7115384615384616 0.8605769230769231 0.0829326923076923 0.0829326923076923
1 0.7319711538461539 0.5733173076923077 0.08533653846153846 0.06610576923076923
1 0.36658653846153844 0.6141826923076923 0.07091346153846154 0.052884615384615384
1 0.19591346153846154 0.3737980769230769 0.07932692307692307 0.057692307692307696
1 0.34134615384615385 0.23317307692307693 0.07451923076923077 0.04927884615384615
0 0.8088942307692307 0.3605769230769231 0.09375 0.06971153846153846
0 0.8161057692307693 0.5492788461538461 0.09254807692307693 0.08413461538461539
0 0.6454326923076923 0.5480769230769231 0.09014423076923077 0.08173076923076923
0 0.7944711538461539 0.7223557692307693 0.08173076923076923 0.06971153846153846
0 0.7043269230769231 0.75 0.109375 0.07572115384615384
0 0.4375 0.5793269230769231 0.0625 0.05048076923076923
0 0.49278846153846156 0.45913461538461536 0.06971153846153846 0.052884615384615384
0 0.3317307692307692 0.3161057692307692 0.07692307692307693 0.05889423076923077
0 0.30649038461538464 0.3762019230769231 0.08052884615384616 0.057692307692307696