2 0.8203125 0.75 0.13125 0.146875
2 0.73359375 0.8375 0.140625 0.153125
2 0.53984375 0.6046875 0.1 0.103125
2 0.42109375 0.71875 0.1015625 0.140625
2 0.221875 0.38515625 0.1109375 0.0984375
2 0.3453125 0.3 0.0921875 0.0859375
2 0.2484375 0.26796875 0.084375 0.078125
2 0.3296875 0.1953125 0.071875 0.0765625
1 0.634375 0.64609375 0.11875 0.1296875
1 0.571875 0.51171875 0.0890625 0.0984375
1 0.3578125 0.5421875 0.096875 0.1109375
1 0.23203125 0.61171875 0.128125 0.1328125
1 0.25625 0.47109375 0.109375 0.1109375
1 0.36640625 0.38203125 0.103125 0.0875
1 0.571875 0.303125 0.0640625 0.06875
1 0.425 0.2203125 0.078125 0.084375
0 0.6984375 0.4125 0.0953125 0.1015625
0 0.665625 0.5609375 0.09375 0.1015625
0 0.59296875 0.42421875 0.0875 0.084375
0 0.4359375 0.484375 0.0875 0.090625
0 0.58671875 0.8453125 0.1390625 0.165625
0 0.54296875 0.2453125 0.0671875 0.0640625
0 0.30078125 0.78515625 0.134375 0.1625
0 0.125 0.4609375 0.1171875 0.1265625