0 0.6574519230769231 0.23076923076923078 0.09134615384615384 0.06971153846153846
0 0.4338942307692308 0.23197115384615385 0.08653846153846154 0.0673076923076923
0 0.6286057692307693 0.5288461538461539 0.08173076923076923 0.06971153846153846
0 0.6911057692307693 0.4338942307692308 0.07932692307692307 0.0625
1 0.5528846153846154 0.515625 0.07932692307692307 0.06490384615384616
0 0.5985576923076923 0.4543269230769231 0.09134615384615384 0.0673076923076923
0 0.4423076923076923 0.5444711538461539 0.08173076923076923 0.07211538461538461
0 0.4651442307692308 0.49038461538461536 0.09375 0.06009615384615385
0 0.3389423076923077 0.5685096153846154 0.08173076923076923 0.0673076923076923
0 0.6153846153846154 0.6177884615384616 0.07932692307692307 0.0625
0 0.7307692307692307 0.5360576923076923 0.07932692307692307 0.06971153846153846
2 0.5829326923076923 0.32091346153846156 0.0889423076923077 0.07932692307692307
2 0.5240384615384616 0.41225961538461536 0.09134615384615384 0.0673076923076923
2 0.7151442307692307 0.3293269230769231 0.08413461538461539 0.06971153846153846
2 0.8245192307692307 0.47836538461538464 0.07451923076923077 0.06490384615384616
2 0.7860576923076923 0.6262019230769231 0.08413461538461539 0.07451923076923077
2 0.6802884615384616 0.7067307692307693 0.09134615384615384 0.0673076923076923
2 0.703125 0.6466346153846154 0.09615384615384616 0.07211538461538461
2 0.75 0.7271634615384616 0.07211538461538461 0.06971153846153846
2 0.5240384615384616 0.6442307692307693 0.09375 0.07211538461538461
2 0.31009615384615385 0.6862980769230769 0.0889423076923077 0.07451923076923077
1 0.2932692307692308 0.38100961538461536 0.08653846153846154 0.07692307692307693
1 0.3137019230769231 0.4567307692307692 0.08413461538461539 0.07211538461538461
1 0.44350961538461536 0.4375 0.08413461538461539 0.06490384615384616
1 0.46634615384615385 0.3137019230769231 0.09615384615384616 0.07932692307692307
1 0.8329326923076923 0.39903846153846156 0.0673076923076923 0.06009615384615385
1 0.6430288461538461 0.7896634615384616 0.08413461538461539 0.06971153846153846
1 0.5649038461538461 0.7331730769230769 0.09134615384615384 0.06971153846153846
1 0.3954326923076923 0.7007211538461539 0.0889423076923077 0.07692307692307693
1 0.8425480769230769 0.5673076923076923 0.07211538461538461 0.06490384615384616