0 0.36658653846153844 0.037259615384615384 0.11778846153846154 0.07451923076923077
0 0.6358173076923077 0.06129807692307692 0.11057692307692307 0.09134615384615384
0 0.35697115384615385 0.3918269230769231 0.10576923076923077 0.09375
0 0.296875 0.26802884615384615 0.10096153846153846 0.08413461538461539
1 0.45072115384615385 0.3858173076923077 0.10096153846153846 0.0889423076923077
0 0.40384615384615385 0.30649038461538464 0.11538461538461539 0.09375
0 0.578125 0.4387019230769231 0.10817307692307693 0.09615384615384616
0 0.5588942307692307 0.36899038461538464 0.11778846153846154 0.08413461538461539
0 0.6995192307692307 0.4831730769230769 0.10576923076923077 0.09134615384615384
0 0.3605769230769231 0.5024038461538461 0.10096153846153846 0.08413461538461539
0 0.23317307692307693 0.38341346153846156 0.10336538461538461 0.09375
2 0.4411057692307692 0.14903846153846154 0.11778846153846154 0.10576923076923077
2 0.5 0.265625 0.11538461538461539 0.09375
2 0.28125 0.13822115384615385 0.11057692307692307 0.09375
2 0.12860576923076922 0.3016826923076923 0.09615384615384616 0.08653846153846154
2 0.15264423076923078 0.48677884615384615 0.10817307692307693 0.10096153846153846
2 0.26802884615384615 0.5985576923076923 0.11538461538461539 0.09134615384615384
2 0.25 0.5228365384615384 0.125 0.0985576923076923
2 0.1814903846153846 0.6141826923076923 0.09375 0.0889423076923077
2 0.4675480769230769 0.5480769230769231 0.12259615384615384 0.0985576923076923
2 0.7175480769230769 0.6298076923076923 0.11538461538461539 0.10096153846153846
1 0.7836538461538461 0.26322115384615385 0.11298076923076923 0.10336538461538461
1 0.7463942307692307 0.34975961538461536 0.11057692307692307 0.0985576923076923
1 0.59375 0.3088942307692308 0.10817307692307693 0.0889423076923077
1 0.5853365384615384 0.15745192307692307 0.125 0.10817307692307693
1 0.12860576923076922 0.20432692307692307 0.0889423076923077 0.08173076923076923
1 0.3004807692307692 0.7043269230769231 0.11057692307692307 0.09375
1 0.40384615384615385 0.6466346153846154 0.11778846153846154 0.09615384615384616
1 0.6129807692307693 0.6334134615384616 0.11778846153846154 0.10576923076923077
1 0.09375 0.40625 0.09375 0.08653846153846154