2 0.15985576923076922 0.35096153846153844 0.09375 0.06971153846153846
2 0.16466346153846154 0.49759615384615385 0.07211538461538461 0.06009615384615385
2 0.40384615384615385 0.4855769230769231 0.07211538461538461 0.06009615384615385
2 0.29447115384615385 0.39663461538461536 0.08413461538461539 0.07451923076923077
2 0.38100961538461536 0.3125 0.09134615384615384 0.06971153846153846
2 0.31850961538461536 0.2668269230769231 0.07932692307692307 0.06009615384615385
2 0.7091346153846154 0.5913461538461539 0.09375 0.07451923076923077
2 0.6201923076923077 0.7512019230769231 0.09375 0.07451923076923077
2 0.3581730769230769 0.6670673076923077 0.07211538461538461 0.06490384615384616
2 0.3894230769230769 0.6129807692307693 0.06971153846153846 0.06009615384615385
0 0.6286057692307693 0.6514423076923077 0.08173076923076923 0.06490384615384616
0 0.5552884615384616 0.6334134615384616 0.07692307692307693 0.0625
0 0.6682692307692307 0.5108173076923077 0.08413461538461539 0.0673076923076923
0 0.5661057692307693 0.4567307692307692 0.07451923076923077 0.0625
0 0.6358173076923077 0.38461538461538464 0.08173076923076923 0.06971153846153846
0 0.5108173076923077 0.3786057692307692 0.0889423076923077 0.06971153846153846
1 0.27403846153846156 0.6334134615384616 0.06971153846153846 0.055288461538461536
0 0.2247596153846154 0.5805288461538461 0.07451923076923077 0.057692307692307696
1 0.32091346153846156 0.5108173076923077 0.0673076923076923 0.057692307692307696
0 0.25961538461538464 0.5336538461538461 0.07692307692307693 0.06009615384615385
0 0.5060096153846154 0.8341346153846154 0.08413461538461539 0.0673076923076923
0 0.234375 0.2692307692307692 0.07932692307692307 0.06490384615384616
1 0.5252403846153846 0.28365384615384615 0.0985576923076923 0.07211538461538461
1 0.7007211538461539 0.2668269230769231 0.09615384615384616 0.08173076923076923
1 0.35336538461538464 0.21394230769230768 0.07211538461538461 0.052884615384615384
1 0.3425480769230769 0.765625 0.08173076923076923 0.06971153846153846
1 0.47716346153846156 0.6887019230769231 0.0673076923076923 0.06009615384615385
1 0.49158653846153844 0.5528846153846154 0.09615384615384616 0.08173076923076923
1 0.375 0.41466346153846156 0.08413461538461539 0.06009615384615385
1 0.18509615384615385 0.42788461538461536 0.08173076923076923 0.07451923076923077