1 0.821875 0.3296875 0.0796875 0.06875
1 0.64140625 0.19296875 0.059375 0.0515625
1 0.446875 0.259375 0.0625 0.05625
1 0.61875 0.6203125 0.090625 0.109375
1 0.70859375 0.55078125 0.1078125 0.0890625
1 0.184375 0.59375 0.0875 0.09375
1 0.18671875 0.409375 0.0921875 0.071875
1 0.33515625 0.3515625 0.065625 0.0796875
2 0.25078125 0.48046875 0.090625 0.1
2 0.409375 0.36328125 0.0765625 0.0890625
2 0.46796875 0.346875 0.075 0.065625
2 0.48828125 0.4390625 0.090625 0.09375
2 0.5234375 0.52734375 0.0921875 0.090625
2 0.8015625 0.47265625 0.0921875 0.09375
2 0.72578125 0.4234375 0.078125 0.071875
2 0.6 0.25546875 0.0671875 0.053125
0 0.69375 0.48203125 0.096875 0.0640625
0 0.584375 0.45703125 0.0828125 0.0890625
0 0.509375 0.6734375 0.1078125 0.1296875
0 0.265625 0.31484375 0.075 0.065625
0 0.3921875 0.225 0.0546875 0.05
0 0.1546875 0.49609375 0.090625 0.1
0 0.7609375 0.2625 0.0734375 0.0671875
0 0.51171875 0.29609375 0.06875 0.0734375