0 0.303125 0.69453125 0.1125 0.1203125
0 0.675 0.803125 0.1046875 0.1234375
0 0.790625 0.6078125 0.0734375 0.1
0 0.86015625 0.5015625 0.0703125 0.0765625
0 0.6546875 0.40234375 0.0734375 0.0796875
0 0.7546875 0.41015625 0.075 0.0828125
0 0.478125 0.37734375 0.078125 0.0625
0 0.26796875 0.3734375 0.0640625 0.0671875
2 0.38125 0.8640625 0.121875 0.140625
2 0.13828125 0.7296875 0.1140625 0.1296875
2 0.546875 0.5203125 0.0734375 0.084375
2 0.62421875 0.61484375 0.075 0.09375
2 0.91484375 0.7296875 0.0921875 0.109375
2 0.55 0.44140625 0.0734375 0.0765625
2 0.3984375 0.33515625 0.0734375 0.0765625
2 0.428125 0.4375 0.0859375 0.103125
1 0.29140625 0.48515625 0.071875 0.075
1 0.21953125 0.49765625 0.0796875 0.071875
1 0.3765625 0.5640625 0.0859375 0.0828125
1 0.48359375 0.65859375 0.0953125 0.1015625
1 0.55625 0.85078125 0.11875 0.1609375
1 0.6671875 0.52265625 0.0765625 0.0859375
1 0.9125 0.590625 0.0875 0.096875
1 0.52578125 0.2984375 0.0703125 0.06875