2 0.1971153846153846 0.31971153846153844 0.08173076923076923 0.07211538461538461
2 0.2620192307692308 0.22716346153846154 0.07932692307692307 0.06971153846153846
2 0.4050480769230769 0.23076923076923078 0.09134615384615384 0.07451923076923077
2 0.5612980769230769 0.2800480769230769 0.08653846153846154 0.07932692307692307
2 0.6514423076923077 0.3473557692307692 0.10096153846153846 0.07932692307692307
2 0.609375 0.4375 0.08413461538461539 0.07692307692307693
2 0.40625 0.45913461538461536 0.08413461538461539 0.07211538461538461
2 0.27283653846153844 0.6069711538461539 0.0889423076923077 0.07451923076923077
2 0.4831730769230769 0.8052884615384616 0.09375 0.07451923076923077
2 0.765625 0.7427884615384616 0.09615384615384616 0.07932692307692307
0 0.31490384615384615 0.8425480769230769 0.0889423076923077 0.07211538461538461
0 0.5649038461538461 0.6346153846153846 0.08653846153846154 0.07211538461538461
0 0.47475961538461536 0.5456730769230769 0.09615384615384616 0.07932692307692307
0 0.5576923076923077 0.49399038461538464 0.08173076923076923 0.06490384615384616
0 0.28125 0.5060096153846154 0.07932692307692307 0.0673076923076923
0 0.4651442307692308 0.38221153846153844 0.08413461538461539 0.0673076923076923
0 0.30288461538461536 0.3269230769230769 0.08173076923076923 0.06490384615384616
0 0.3485576923076923 0.16706730769230768 0.07932692307692307 0.06009615384615385
0 0.42427884615384615 0.11057692307692307 0.0889423076923077 0.06971153846153846
0 0.5228365384615384 0.12259615384615384 0.07692307692307693 0.0673076923076923
1 0.20673076923076922 0.7019230769230769 0.09134615384615384 0.07451923076923077
1 0.30528846153846156 0.6754807692307693 0.07932692307692307 0.07211538461538461
1 0.4723557692307692 0.6911057692307693 0.09615384615384616 0.07211538461538461
1 0.37259615384615385 0.5913461538461539 0.08413461538461539 0.07692307692307693
1 0.7620192307692307 0.48677884615384615 0.10096153846153846 0.06490384615384616
1 0.7632211538461539 0.4338942307692308 0.08173076923076923 0.0625
1 0.19230769230769232 0.5012019230769231 0.0889423076923077 0.0673076923076923
1 0.23798076923076922 0.4411057692307692 0.08413461538461539 0.06009615384615385
1 0.3737980769230769 0.38221153846153844 0.09134615384615384 0.06490384615384616
1 0.27163461538461536 0.125 0.09134615384615384 0.06971153846153846