0 0.17734375 0.56171875 0.15546875 0.14765625
0 0.3109375 0.446875 0.11796875 0.11875
0 0.3390625 0.23984375 0.09921875 0.09296875
0 0.43984375 0.2 0.09296875 0.08359375
1 0.1984375 0.3453125 0.103125 0.11015625
1 0.590625 0.4296875 0.09921875 0.09765625
1 0.73046875 0.4703125 0.12578125 0.13203125
1 0.5078125 0.303125 0.10859375 0.09609375
2 0.428125 0.57578125 0.1296875 0.13203125
2 0.7453125 0.68203125 0.1421875 0.1484375
2 0.65234375 0.2515625 0.10546875 0.0859375
2 0.70859375 0.18046875 0.08671875 0.08359375