2 0.16875 0.7125 0.096875 0.0953125
2 0.0421875 0.67109375 0.084375 0.1015625
2 0.08203125 0.625 0.096875 0.0859375
2 0.21875 0.64609375 0.0890625 0.0703125
2 0.2203125 0.5984375 0.0875 0.0640625
2 0.19609375 0.5453125 0.08125 0.071875
2 0.5890625 0.6078125 0.071875 0.0640625
2 0.78515625 0.70234375 0.06875 0.0640625
0 0.76875 0.75859375 0.075 0.075
0 0.728125 0.690625 0.0609375 0.0515625
0 0.65234375 0.74140625 0.08125 0.0734375
0 0.57421875 0.72734375 0.071875 0.0625
0 0.5765625 0.671875 0.0609375 0.065625
0 0.403125 0.68828125 0.08125 0.075
0 0.29140625 0.57890625 0.06875 0.059375
0 0.2578125 0.546875 0.0546875 0.05625
1 0.10390625 0.5484375 0.0953125 0.0890625
1 0.3125 0.73359375 0.103125 0.0921875
1 0.3765625 0.61484375 0.0796875 0.0703125
1 0.51328125 0.70625 0.0703125 0.0734375
1 0.53046875 0.64375 0.0640625 0.0625
1 0.64296875 0.64375 0.0671875 0.065625
1 0.68515625 0.62265625 0.059375 0.0625
1 0.74921875 0.6484375 0.05 0.0484375