1 0.51484375 0.6421875 0.1375 0.146875
1 0.6515625 0.68515625 0.125 0.15
1 0.77265625 0.72734375 0.121875 0.1671875
1 0.70546875 0.88828125 0.134375 0.1640625
1 0.621875 0.8265625 0.1375 0.15625
1 0.50078125 0.7875 0.146875 0.1609375
1 0.38203125 0.8015625 0.1453125 0.1765625
1 0.3890625 0.6359375 0.1453125 0.1609375
2 0.44453125 0.4203125 0.13125 0.1578125
2 0.571875 0.45546875 0.1359375 0.1828125
2 0.7109375 0.540625 0.1359375 0.1296875
2 0.84609375 0.54609375 0.1265625 0.1625
2 0.89921875 0.38046875 0.1359375 0.1609375
2 0.80390625 0.3140625 0.1375 0.159375
2 0.6265625 0.28203125 0.146875 0.1578125
2 0.5046875 0.259375 0.1453125 0.1609375
0 0.36875 0.215625 0.1375 0.1421875
0 0.3125 0.403125 0.1453125 0.1640625
0 0.271875 0.57421875 0.1421875 0.175
0 0.2234375 0.7671875 0.125 0.1484375
0 0.065625 0.72890625 0.13125 0.1765625
0 0.10625 0.5765625 0.15 0.165625
0 0.165625 0.36875 0.159375 0.1765625
0 0.22734375 0.23125 0.1375 0.1625