1 0.653125 0.2390625 0.0984375 0.09375
1 0.33046875 0.3796875 0.1140625 0.1109375
1 0.29609375 0.2984375 0.0890625 0.084375
1 0.1171875 0.35703125 0.103125 0.096875
1 0.1796875 0.615625 0.109375 0.1203125
1 0.25078125 0.609375 0.078125 0.09375
1 0.38203125 0.50390625 0.0984375 0.109375
1 0.7703125 0.47734375 0.128125 0.1375
0 0.6125 0.52890625 0.096875 0.1203125
0 0.534375 0.55390625 0.1234375 0.1234375
0 0.48359375 0.4234375 0.0953125 0.1125
0 0.6375 0.83359375 0.1296875 0.1421875
0 0.4625 0.32265625 0.090625 0.0875
0 0.43828125 0.24921875 0.084375 0.08125
0 0.29765625 0.51171875 0.1078125 0.11875
0 0.24921875 0.7234375 0.1359375 0.15625
2 0.6546875 0.36015625 0.09375 0.10625
2 0.53203125 0.28828125 0.1015625 0.1109375
2 0.33125 0.61796875 0.1140625 0.1234375
2 0.53828125 0.80625 0.1265625 0.1375
2 0.55234375 0.68984375 0.125 0.1125
2 0.21328125 0.41328125 0.10625 0.11875
2 0.1375 0.4453125 0.1140625 0.109375
2 0.221875 0.27109375 0.084375 0.0890625