0 0.83046875 0.64921875 0.0921875 0.1125
0 0.58828125 0.67265625 0.090625 0.103125
0 0.415625 0.58984375 0.071875 0.084375
0 0.73515625 0.3625 0.0578125 0.0546875
0 0.6125 0.35859375 0.059375 0.046875
0 0.45546875 0.365625 0.0453125 0.0484375
0 0.1953125 0.6296875 0.0765625 0.08125
0 0.075 0.63671875 0.075 0.09375
2 0.2671875 0.6625 0.08125 0.1125
2 0.509375 0.66875 0.0765625 0.0890625
2 0.7140625 0.4375 0.065625 0.0640625
2 0.14609375 0.54609375 0.059375 0.0625
2 0.55625 0.3125 0.05625 0.040625
2 0.43125 0.4609375 0.0671875 0.059375
2 0.2828125 0.478125 0.06875 0.0625
2 0.15859375 0.45625 0.0625 0.0546875
1 0.66328125 0.58125 0.0828125 0.0765625
1 0.61796875 0.48046875 0.065625 0.0625
1 0.56484375 0.421875 0.0578125 0.059375
1 0.4703125 0.51796875 0.0609375 0.0640625
1 0.39296875 0.38984375 0.0609375 0.05
1 0.246875 0.42109375 0.0546875 0.046875
1 0.46796875 0.31484375 0.05625 0.0453125
1 0.65234375 0.31875 0.0515625 0.0375