0 0.87109375 0.290625 0.1921875 0.1453125
0 0.884375 0.45703125 0.20625 0.165625
0 0.675 0.275 0.2234375 0.1625
0 0.5265625 0.2796875 0.2375 0.2015625
0 0.3640625 0.29609375 0.23125 0.1609375
2 0.82578125 0.60625 0.2046875 0.165625
2 0.7078125 0.53515625 0.1890625 0.175
2 0.303125 0.48203125 0.2078125 0.1828125
2 0.7015625 0.825 0.2 0.1671875
2 0.36328125 0.834375 0.2328125 0.1953125
1 0.55 0.796875 0.1796875 0.15625
1 0.48984375 0.625 0.215625 0.1828125
1 0.17265625 0.61875 0.2515625 0.1953125
1 0.46328125 0.4875 0.2109375 0.165625
1 0.646875 0.1234375 0.2203125 0.171875