1 0.71796875 0.73984375 0.08125 0.0953125
1 0.6078125 0.525 0.0625 0.0765625
1 0.51640625 0.53515625 0.08125 0.0828125
1 0.5 0.45078125 0.06875 0.0734375
1 0.3734375 0.3515625 0.0703125 0.0609375
1 0.471875 0.28203125 0.065625 0.0625
1 0.1671875 0.3453125 0.071875 0.0546875
1 0.31015625 0.17265625 0.05 0.05
2 0.25390625 0.2015625 0.0578125 0.0578125
2 0.2984375 0.296875 0.05625 0.0640625
2 0.21796875 0.61015625 0.09375 0.0765625
2 0.3484375 0.44765625 0.075 0.071875
2 0.59921875 0.375 0.075 0.0671875
2 0.51796875 0.80625 0.0890625 0.1421875
2 0.665625 0.83515625 0.1015625 0.0921875
2 0.64765625 0.6921875 0.071875 0.084375
0 0.61953125 0.76171875 0.0859375 0.0765625
0 0.71171875 0.6421875 0.084375 0.0984375
0 0.43203125 0.64140625 0.1 0.109375
0 0.3734375 0.78203125 0.0921875 0.1234375
0 0.35625 0.5234375 0.08125 0.084375
0 0.234375 0.53828125 0.0859375 0.084375
0 0.221875 0.4296875 0.0859375 0.0984375
0 0.59453125 0.45390625 0.0828125 0.065625