0 0.796875 0.10697115384615384 0.1045673076923077 0.0829326923076923
0 0.8365384615384616 0.46634615384615385 0.09014423076923077 0.07451923076923077
0 0.8028846153846154 0.578125 0.09615384615384616 0.0829326923076923
0 0.7956730769230769 0.6658653846153846 0.10216346153846154 0.078125
0 0.23798076923076922 0.5180288461538461 0.08413461538461539 0.06129807692307692
0 0.32091346153846156 0.5336538461538461 0.06610576923076923 0.05048076923076923
1 0.375 0.5108173076923077 0.06129807692307692 0.04807692307692308
0 0.42908653846153844 0.49158653846153844 0.07091346153846154 0.057692307692307696
0 0.4735576923076923 0.53125 0.06971153846153846 0.054086538461538464
0 0.31850961538461536 0.34615384615384615 0.07932692307692307 0.06971153846153846
0 0.34615384615384615 0.6346153846153846 0.07091346153846154 0.052884615384615384
2 0.234375 0.3076923076923077 0.07451923076923077 0.06610576923076923
2 0.22115384615384615 0.3942307692307692 0.08533653846153846 0.06370192307692307
2 0.2692307692307692 0.4375 0.08173076923076923 0.06370192307692307
2 0.30649038461538464 0.4855769230769231 0.05889423076923077 0.046875
1 0.21153846153846154 0.65625 0.057692307692307696 0.054086538461538464
2 0.26322115384615385 0.6538461538461539 0.056490384615384616 0.052884615384615384
2 0.25961538461538464 0.6021634615384616 0.07692307692307693 0.057692307692307696
2 0.30649038461538464 0.7644230769230769 0.09014423076923077 0.0673076923076923
2 0.39783653846153844 0.5841346153846154 0.078125 0.04927884615384615
2 0.7355769230769231 0.3557692307692308 0.1045673076923077 0.08774038461538461
2 0.6826923076923077 0.7548076923076923 0.11658653846153846 0.09134615384615384
1 0.40024038461538464 0.33653846153846156 0.07091346153846154 0.06610576923076923
1 0.6742788461538461 0.6322115384615384 0.10697115384615384 0.0829326923076923
1 0.8052884615384616 0.828125 0.10336538461538461 0.10216346153846154
1 0.6610576923076923 0.5168269230769231 0.10697115384615384 0.08173076923076923
1 0.7307692307692307 0.44591346153846156 0.1141826923076923 0.08774038461538461
1 0.84375 0.30528846153846156 0.10697115384615384 0.07692307692307693
1 0.7127403846153846 0.2548076923076923 0.11658653846153846 0.09375
1 0.6814903846153846 0.15144230769230768 0.10697115384615384 0.08774038461538461