0 0.5841346153846154 0.030048076923076924 0.09134615384615384 0.055288461538461536
0 0.5456730769230769 0.12259615384615384 0.10336538461538461 0.07932692307692307
0 0.6213942307692307 0.32211538461538464 0.10096153846153846 0.08413461538461539
0 0.4098557692307692 0.1971153846153846 0.08653846153846154 0.07451923076923077
0 0.2548076923076923 0.27283653846153844 0.08173076923076923 0.06490384615384616
0 0.38100961538461536 0.4050480769230769 0.07451923076923077 0.06490384615384616
0 0.47596153846153844 0.4519230769230769 0.09375 0.06971153846153846
0 0.7680288461538461 0.49399038461538464 0.10576923076923077 0.07451923076923077
0 0.2283653846153846 0.4699519230769231 0.09615384615384616 0.08653846153846154
0 0.5144230769230769 0.6237980769230769 0.07932692307692307 0.07451923076923077
1 0.6935096153846154 0.057692307692307696 0.11538461538461539 0.08653846153846154
1 0.7800480769230769 0.35096153846153844 0.10817307692307693 0.08653846153846154
1 0.3545673076923077 0.25721153846153844 0.0889423076923077 0.06490384615384616
1 0.4891826923076923 0.38100961538461536 0.09375 0.07451923076923077
1 0.18990384615384615 0.38341346153846156 0.07692307692307693 0.06490384615384616
2 0.41466346153846156 0.5492788461538461 0.0889423076923077 0.07692307692307693
1 0.36177884615384615 0.4855769230769231 0.09375 0.0673076923076923
1 0.7692307692307693 0.5841346153846154 0.0889423076923077 0.07451923076923077
1 0.8125 0.75 0.10096153846153846 0.0889423076923077
1 0.46033653846153844 0.6838942307692307 0.08653846153846154 0.07451923076923077
1 0.30288461538461536 0.5408653846153846 0.08653846153846154 0.0625
2 0.6826923076923077 0.20432692307692307 0.12259615384615384 0.08653846153846154
2 0.4182692307692308 0.07572115384615384 0.10096153846153846 0.07211538461538461
2 0.5144230769230769 0.2620192307692308 0.10817307692307693 0.07932692307692307
2 0.6274038461538461 0.4543269230769231 0.09615384615384616 0.07451923076923077
2 0.6298076923076923 0.5829326923076923 0.10096153846153846 0.07692307692307693
2 0.5805288461538461 0.6862980769230769 0.10096153846153846 0.07211538461538461
2 0.7199519230769231 0.7403846153846154 0.0985576923076923 0.08173076923076923
2 0.26322115384615385 0.35697115384615385 0.08173076923076923 0.06971153846153846
2 0.1141826923076923 0.3629807692307692 0.07932692307692307 0.06971153846153846