0 0.84140625 0.53125 0.0828125 0.084375
0 0.775 0.37421875 0.0828125 0.084375
0 0.64296875 0.34453125 0.053125 0.053125
0 0.6859375 0.4453125 0.0796875 0.065625
0 0.60546875 0.55390625 0.096875 0.084375
0 0.396875 0.56484375 0.084375 0.0796875
0 0.39140625 0.35078125 0.05 0.046875
0 0.425 0.3125 0.053125 0.040625
1 0.17734375 0.52734375 0.0671875 0.065625
1 0.265625 0.43828125 0.0625 0.071875
1 0.25078125 0.36328125 0.05 0.0484375
1 0.51015625 0.290625 0.05 0.0390625
1 0.60234375 0.45625 0.0671875 0.0703125
1 0.53828125 0.3890625 0.0640625 0.053125
1 0.4203125 0.396875 0.065625 0.05
1 0.6953125 0.31953125 0.0546875 0.0453125
2 0.74375 0.63359375 0.1015625 0.096875
2 0.5875 0.64375 0.0859375 0.090625
2 0.5390625 0.465625 0.071875 0.0578125
2 0.45 0.49140625 0.0765625 0.059375
2 0.27421875 0.528125 0.06875 0.0625
2 0.30390625 0.3609375 0.0625 0.05
2 0.1953125 0.3734375 0.0578125 0.05625
2 0.596875 0.29921875 0.0515625 0.0421875