1 0.6538461538461539 0.2283653846153846 0.0829326923076923 0.06971153846153846
1 0.5240384615384616 0.27524038461538464 0.07451923076923077 0.05889423076923077
1 0.7704326923076923 0.30408653846153844 0.08173076923076923 0.0625
1 0.5036057692307693 0.3713942307692308 0.08533653846153846 0.06129807692307692
1 0.6574519230769231 0.5516826923076923 0.057692307692307696 0.057692307692307696
1 0.7283653846153846 0.5444711538461539 0.06850961538461539 0.06009615384615385
1 0.27163461538461536 0.36177884615384615 0.09735576923076923 0.0673076923076923
1 0.32211538461538464 0.671875 0.07451923076923077 0.06850961538461539
1 0.5228365384615384 0.09254807692307693 0.0829326923076923 0.06129807692307692
1 0.7692307692307693 0.45552884615384615 0.057692307692307696 0.04927884615384615
2 0.65625 0.12980769230769232 0.08413461538461539 0.0625
2 0.41466346153846156 0.27163461538461536 0.08774038461538461 0.0733173076923077
2 0.6899038461538461 0.31850961538461536 0.06610576923076923 0.057692307692307696
2 0.43149038461538464 0.45913461538461536 0.0733173076923077 0.06009615384615385
2 0.5084134615384616 0.5336538461538461 0.07211538461538461 0.055288461538461536
2 0.3161057692307692 0.6033653846153846 0.07692307692307693 0.04807692307692308
2 0.5432692307692307 0.6141826923076923 0.07932692307692307 0.06009615384615385
2 0.40865384615384615 0.7259615384615384 0.08052884615384616 0.0625
2 0.5961538461538461 0.6850961538461539 0.078125 0.054086538461538464
2 0.6911057692307693 0.6971153846153846 0.07692307692307693 0.06610576923076923
0 0.6105769230769231 0.3545673076923077 0.06971153846153846 0.06009615384615385
0 0.36538461538461536 0.4050480769230769 0.0733173076923077 0.04927884615384615
0 0.3112980769230769 0.484375 0.08653846153846154 0.052884615384615384
0 0.7560096153846154 0.40024038461538464 0.07211538461538461 0.054086538461538464
0 0.6526442307692307 0.4579326923076923 0.0829326923076923 0.051682692307692304
0 0.5913461538461539 0.5360576923076923 0.06610576923076923 0.057692307692307696
0 0.41225961538461536 0.5612980769230769 0.07211538461538461 0.04927884615384615
0 0.7512019230769231 0.6418269230769231 0.09134615384615384 0.06370192307692307
0 0.5673076923076923 0.765625 0.0733173076923077 0.056490384615384616
0 0.53125 0.8545673076923077 0.06971153846153846 0.054086538461538464