2 0.34921875 0.275 0.1796875 0.13046875
2 0.1703125 0.37421875 0.1796875 0.13984375
2 0.68203125 0.71875 0.16171875 0.12578125
2 0.78046875 0.5859375 0.16015625 0.11328125
2 0.3609375 0.571875 0.1390625 0.121875
1 0.90546875 0.4671875 0.14765625 0.12109375
1 0.7625 0.44921875 0.14375 0.10390625
1 0.4984375 0.56171875 0.1453125 0.1078125
1 0.11640625 0.59609375 0.1421875 0.125
1 0.20546875 0.7015625 0.16953125 0.1203125
0 0.40390625 0.78984375 0.16171875 0.1203125
0 0.45859375 0.41796875 0.14921875 0.125
0 0.6453125 0.3484375 0.15234375 0.0984375
0 0.56640625 0.246875 0.15390625 0.1265625
0 0.721875 0.190625 0.1578125 0.115625