2 0.49375 0.37734375 0.084375 0.1
2 0.1515625 0.3484375 0.1171875 0.1015625
2 0.271875 0.253125 0.0890625 0.0921875
2 0.6609375 0.20234375 0.0734375 0.075
2 0.56171875 0.7125 0.103125 0.15
2 0.72265625 0.33203125 0.084375 0.065625
2 0.10625 0.5359375 0.13125 0.1046875
2 0.853125 0.83046875 0.1390625 0.1390625
0 0.65 0.49453125 0.1125 0.121875
0 0.38671875 0.56484375 0.1171875 0.1140625
0 0.61796875 0.36796875 0.0875 0.109375
0 0.5921875 0.2828125 0.0921875 0.0953125
0 0.8921875 0.534375 0.0921875 0.1234375
0 0.79453125 0.45 0.096875 0.0859375
0 0.76796875 0.3875 0.0859375 0.065625
0 0.134375 0.6484375 0.128125 0.1328125
1 0.4109375 0.1828125 0.0765625 0.084375
1 0.50078125 0.15234375 0.06875 0.0625
1 0.39765625 0.3 0.09375 0.09375
1 0.5109375 0.5 0.115625 0.1109375
1 0.6625 0.78125 0.1203125 0.15
1 0.85 0.7046875 0.115625 0.1125
1 0.96171875 0.6015625 0.0703125 0.0984375
1 0.74296875 0.27109375 0.0765625 0.071875