0 0.909375 0.640625 0.1109375 0.0984375
0 0.70625 0.51171875 0.0703125 0.0765625
0 0.5109375 0.55078125 0.0875 0.0765625
0 0.19375 0.77578125 0.1046875 0.1140625
0 0.421875 0.4296875 0.09375 0.0796875
0 0.25703125 0.41015625 0.071875 0.0546875
0 0.3515625 0.33984375 0.078125 0.0578125
0 0.08984375 0.45390625 0.0796875 0.0578125
2 0.23203125 0.56796875 0.09375 0.0953125
2 0.14375 0.53828125 0.0984375 0.090625
2 0.371875 0.52421875 0.075 0.0734375
2 0.28046875 0.4796875 0.0765625 0.0765625
2 0.15859375 0.37109375 0.05625 0.0546875
2 0.10625 0.39140625 0.08125 0.0515625
2 0.52421875 0.35390625 0.0765625 0.0625
2 0.25390625 0.26875 0.06875 0.04375
1 0.42109375 0.65859375 0.1140625 0.1109375
1 0.6671875 0.6421875 0.09375 0.1015625
1 0.76953125 0.58203125 0.0796875 0.096875
1 0.66796875 0.38203125 0.0640625 0.0765625
1 0.58046875 0.41875 0.0796875 0.0734375
1 0.3140625 0.3828125 0.06875 0.05
1 0.28203125 0.31484375 0.0625 0.0515625
1 0.1484375 0.31328125 0.0828125 0.0578125