0 0.5576923076923077 0.16466346153846154 0.09254807692307693 0.0733173076923077
0 0.6382211538461539 0.20432692307692307 0.09014423076923077 0.07932692307692307
0 0.6947115384615384 0.15504807692307693 0.09014423076923077 0.07451923076923077
0 0.3737980769230769 0.32211538461538464 0.06490384615384616 0.057692307692307696
0 0.1935096153846154 0.26802884615384615 0.06370192307692307 0.052884615384615384
0 0.1310096153846154 0.43149038461538464 0.07932692307692307 0.06009615384615385
0 0.5492788461538461 0.4987980769230769 0.052884615384615384 0.04927884615384615
0 0.5949519230769231 0.4543269230769231 0.055288461538461536 0.052884615384615384
0 0.4675480769230769 0.5492788461538461 0.06129807692307692 0.056490384615384616
0 0.9158653846153846 0.29447115384615385 0.06490384615384616 0.0625
2 0.5408653846153846 0.0829326923076923 0.0985576923076923 0.0733173076923077
2 0.2932692307692308 0.2860576923076923 0.06610576923076923 0.05889423076923077
2 0.5384615384615384 0.3737980769230769 0.057692307692307696 0.039663461538461536
2 0.46634615384615385 0.39302884615384615 0.07091346153846154 0.04807692307692308
2 0.4639423076923077 0.3137019230769231 0.0733173076923077 0.055288461538461536
2 0.4651442307692308 0.48197115384615385 0.06850961538461539 0.054086538461538464
2 0.2283653846153846 0.4807692307692308 0.08052884615384616 0.052884615384615384
2 0.34975961538461536 0.5817307692307693 0.07211538461538461 0.0625
2 0.9158653846153846 0.39903846153846156 0.05048076923076923 0.06610576923076923
1 0.3485576923076923 0.4338942307692308 0.078125 0.055288461538461536
1 0.27403846153846156 0.38461538461538464 0.07572115384615384 0.06129807692307692
1 0.18269230769230768 0.359375 0.0829326923076923 0.06009615384615385
1 0.35697115384615385 0.5192307692307693 0.07091346153846154 0.057692307692307696
1 0.24759615384615385 0.5733173076923077 0.07692307692307693 0.06009615384615385
1 0.7740384615384616 0.16826923076923078 0.06009615384615385 0.057692307692307696
1 0.7992788461538461 0.23317307692307693 0.07211538461538461 0.06370192307692307
1 0.7668269230769231 0.3112980769230769 0.0625 0.06610576923076923
1 0.8365384615384616 0.296875 0.06490384615384616 0.06610576923076923
1 0.8786057692307693 0.36658653846153844 0.04567307692307692 0.052884615384615384