2 0.23557692307692307 0.23677884615384615 0.09134615384615384 0.06971153846153846
2 0.3329326923076923 0.4074519230769231 0.08653846153846154 0.06490384615384616
2 0.3870192307692308 0.23798076923076922 0.08173076923076923 0.06490384615384616
2 0.6165865384615384 0.31971153846153844 0.09375 0.07451923076923077
2 0.7331730769230769 0.2776442307692308 0.10336538461538461 0.07692307692307693
2 0.46875 0.5504807692307693 0.09375 0.07211538461538461
2 0.8233173076923077 0.5612980769230769 0.0985576923076923 0.08413461538461539
2 0.5528846153846154 0.7115384615384616 0.10096153846153846 0.08653846153846154
2 0.6622596153846154 0.7403846153846154 0.09615384615384616 0.0889423076923077
2 0.40865384615384615 0.7872596153846154 0.09134615384615384 0.07932692307692307
0 0.6274038461538461 0.18629807692307693 0.10096153846153846 0.08413461538461539
1 0.5324519230769231 0.3125 0.0889423076923077 0.07932692307692307
1 0.5216346153846154 0.24759615384615385 0.09615384615384616 0.06971153846153846
0 0.48197115384615385 0.21033653846153846 0.08413461538461539 0.0673076923076923
0 0.6706730769230769 0.3786057692307692 0.0985576923076923 0.07932692307692307
0 0.43509615384615385 0.4735576923076923 0.0985576923076923 0.08173076923076923
0 0.28725961538461536 0.5336538461538461 0.0889423076923077 0.06971153846153846
0 0.6334134615384616 0.49759615384615385 0.08173076923076923 0.07211538461538461
0 0.7415865384615384 0.5300480769230769 0.08653846153846154 0.08413461538461539
0 0.4987980769230769 0.6262019230769231 0.09134615384615384 0.07451923076923077
0 0.3112980769230769 0.8185096153846154 0.0985576923076923 0.08173076923076923
0 0.5564903846153846 0.8305288461538461 0.09375 0.08173076923076923
1 0.31971153846153844 0.3605769230769231 0.10096153846153846 0.07211538461538461
1 0.5492788461538461 0.41466346153846156 0.0889423076923077 0.07932692307692307
1 0.7560096153846154 0.4411057692307692 0.10817307692307693 0.08653846153846154
1 0.33052884615384615 0.6021634615384616 0.07692307692307693 0.0673076923076923
1 0.6334134615384616 0.5877403846153846 0.08173076923076923 0.0673076923076923
1 0.7800480769230769 0.7259615384615384 0.10576923076923077 0.08413461538461539
1 0.4074519230769231 0.7043269230769231 0.0889423076923077 0.07692307692307693
1 0.2956730769230769 0.7283653846153846 0.0889423076923077 0.07932692307692307