1 0.0625 0.43028846153846156 0.08413461538461539 0.07211538461538461
1 0.016826923076923076 0.35697115384615385 0.03365384615384615 0.0625
1 0.17668269230769232 0.43149038461538464 0.07692307692307693 0.07211538461538461
1 0.14783653846153846 0.5456730769230769 0.07692307692307693 0.07692307692307693
1 0.28846153846153844 0.7836538461538461 0.0985576923076923 0.07692307692307693
1 0.24158653846153846 0.7199519230769231 0.08653846153846154 0.0625
1 0.3942307692307692 0.9375 0.0985576923076923 0.08413461538461539
0 0.6382211538461539 0.4014423076923077 0.06971153846153846 0.057692307692307696
1 0.5685096153846154 0.37740384615384615 0.0625 0.0625
0 0.47115384615384615 0.36538461538461536 0.06971153846153846 0.055288461538461536
1 0.46634615384615385 0.30408653846153844 0.07211538461538461 0.052884615384615384
1 0.6442307692307693 0.21033653846153846 0.07451923076923077 0.0625
2 0.796875 0.24639423076923078 0.08413461538461539 0.07692307692307693
2 0.5637019230769231 0.18990384615384615 0.07211538461538461 0.057692307692307696
2 0.6418269230769231 0.3088942307692308 0.06971153846153846 0.0673076923076923
2 0.5637019230769231 0.4675480769230769 0.07211538461538461 0.055288461538461536
2 0.8521634615384616 0.4362980769230769 0.08653846153846154 0.06971153846153846
2 0.7151442307692307 0.4206730769230769 0.08173076923076923 0.057692307692307696
2 0.6670673076923077 0.59375 0.07451923076923077 0.06009615384615385
2 0.5793269230769231 0.5901442307692307 0.07211538461538461 0.0625
2 0.2800480769230769 0.6646634615384616 0.09615384615384616 0.06971153846153846
2 0.10336538461538461 0.35216346153846156 0.0673076923076923 0.06490384615384616
0 0.07692307692307693 0.2620192307692308 0.08173076923076923 0.06971153846153846
0 0.25240384615384615 0.5072115384615384 0.08173076923076923 0.07692307692307693
0 0.17908653846153846 0.6454326923076923 0.07932692307692307 0.06971153846153846
0 0.4362980769230769 0.8521634615384616 0.10576923076923077 0.08653846153846154
0 0.84375 0.6081730769230769 0.0985576923076923 0.0673076923076923
0 0.7536057692307693 0.49399038461538464 0.08173076923076923 0.06490384615384616
0 0.6225961538461539 0.5372596153846154 0.0625 0.04807692307692308
0 0.8173076923076923 0.35096153846153844 0.08653846153846154 0.06971153846153846