0 0.60546875 0.62421875 0.1046875 0.1109375
0 0.3734375 0.5859375 0.096875 0.10625
0 0.40625 0.4984375 0.0953125 0.0890625
0 0.484375 0.3578125 0.0828125 0.078125
0 0.60625 0.30859375 0.0765625 0.0734375
0 0.65859375 0.396875 0.078125 0.0796875
0 0.25234375 0.39375 0.09375 0.0734375
0 0.85078125 0.4109375 0.103125 0.109375
1 0.82734375 0.54453125 0.0953125 0.1015625
1 0.48203125 0.696875 0.1234375 0.1203125
1 0.271875 0.5890625 0.103125 0.0984375
1 0.26015625 0.75546875 0.134375 0.1203125
1 0.16171875 0.6609375 0.115625 0.1109375
1 0.140625 0.55 0.1125 0.0921875
1 0.22265625 0.453125 0.0921875 0.0796875
1 0.49609375 0.478125 0.0921875 0.0921875
2 0.26328125 0.51796875 0.1 0.0890625
2 0.428125 0.840625 0.128125 0.1203125
2 0.71171875 0.8203125 0.1203125 0.140625
2 0.75859375 0.64765625 0.103125 0.121875
2 0.67578125 0.53984375 0.090625 0.103125
2 0.56953125 0.48515625 0.075 0.09375
2 0.7296875 0.45625 0.0859375 0.0890625
2 0.74921875 0.36015625 0.090625 0.090625