1 0.884375 0.53984375 0.115625 0.1359375
1 0.47578125 0.340625 0.0890625 0.0796875
1 0.35390625 0.24765625 0.0796875 0.0796875
1 0.1765625 0.575 0.09375 0.103125
1 0.23984375 0.43125 0.090625 0.078125
1 0.1546875 0.43359375 0.0859375 0.10625
1 0.3625 0.446875 0.08125 0.103125
1 0.784375 0.6484375 0.1015625 0.115625
0 0.44609375 0.41640625 0.0984375 0.084375
0 0.39765625 0.33671875 0.0734375 0.0796875
0 0.2765625 0.278125 0.0828125 0.0796875
0 0.55859375 0.278125 0.0875 0.084375
0 0.4953125 0.25859375 0.059375 0.0734375
0 0.775 0.49296875 0.0984375 0.1
0 0.365625 0.684375 0.121875 0.134375
0 0.278125 0.53984375 0.0953125 0.1140625
2 0.81015625 0.378125 0.0953125 0.0953125
2 0.61328125 0.375 0.0984375 0.103125
2 0.62734375 0.5484375 0.1046875 0.1203125
2 0.53125 0.51953125 0.0890625 0.10625
2 0.44453125 0.546875 0.096875 0.1125
2 0.57265625 0.70703125 0.1234375 0.1625
2 0.4375 0.809375 0.125 0.1421875
2 0.22578125 0.68515625 0.1125 0.1203125