1 0.3088942307692308 0.19230769230769232 0.0985576923076923 0.08413461538461539
1 0.46033653846153844 0.24158653846153846 0.0889423076923077 0.07211538461538461
1 0.17668269230769232 0.2848557692307692 0.0985576923076923 0.07692307692307693
1 0.4891826923076923 0.35216346153846156 0.10096153846153846 0.07451923076923077
1 0.3173076923076923 0.5685096153846154 0.06971153846153846 0.06971153846153846
1 0.234375 0.5637019230769231 0.08173076923076923 0.07211538461538461
1 0.7584134615384616 0.33052884615384615 0.11538461538461539 0.08173076923076923
1 0.7127403846153846 0.6947115384615384 0.0889423076923077 0.08173076923076923
1 0.45552884615384615 0.03365384615384615 0.0985576923076923 0.0673076923076923
1 0.18389423076923078 0.46153846153846156 0.06971153846153846 0.06009615384615385
2 0.3016826923076923 0.07932692307692307 0.10096153846153846 0.07692307692307693
2 0.5877403846153846 0.23317307692307693 0.10576923076923077 0.08653846153846154
2 0.2692307692307692 0.29927884615384615 0.07932692307692307 0.06971153846153846
2 0.5769230769230769 0.4519230769230769 0.08653846153846154 0.07211538461538461
2 0.4891826923076923 0.5408653846153846 0.08653846153846154 0.0673076923076923
2 0.7163461538461539 0.6153846153846154 0.09134615384615384 0.057692307692307696
2 0.453125 0.6358173076923077 0.09375 0.07211538461538461
2 0.6141826923076923 0.7608173076923077 0.09615384615384616 0.07451923076923077
2 0.39302884615384615 0.7211538461538461 0.09375 0.0673076923076923
2 0.28365384615384615 0.7391826923076923 0.09134615384615384 0.07932692307692307
0 0.3629807692307692 0.33774038461538464 0.08173076923076923 0.07211538461538461
0 0.6514423076923077 0.3858173076923077 0.08653846153846154 0.06009615384615385
0 0.7163461538461539 0.47716346153846156 0.10336538461538461 0.06490384615384616
0 0.19591346153846154 0.39663461538461536 0.08653846153846154 0.06490384615384616
0 0.31971153846153844 0.45913461538461536 0.0985576923076923 0.0625
0 0.39302884615384615 0.546875 0.07932692307692307 0.06971153846153846
0 0.6021634615384616 0.5697115384615384 0.08653846153846154 0.06009615384615385
0 0.21153846153846154 0.6766826923076923 0.11057692307692307 0.07932692307692307
0 0.43028846153846156 0.8137019230769231 0.08653846153846154 0.06971153846153846
0 0.47596153846153844 0.9146634615384616 0.08173076923076923 0.06490384615384616