1 0.8461538461538461 0.28725961538461536 0.06490384615384616 0.06129807692307692
1 0.9338942307692307 0.3762019230769231 0.06009615384615385 0.046875
1 0.6334134615384616 0.41947115384615385 0.07572115384615384 0.06370192307692307
1 0.36658653846153844 0.42427884615384615 0.08413461538461539 0.06009615384615385
1 0.12980769230769232 0.5588942307692307 0.08653846153846154 0.0673076923076923
1 0.8137019230769231 0.5793269230769231 0.07572115384615384 0.052884615384615384
1 0.6069711538461539 0.5204326923076923 0.0733173076923077 0.05889423076923077
1 0.4963942307692308 0.6346153846153846 0.07572115384615384 0.06129807692307692
1 0.7067307692307693 0.22355769230769232 0.0625 0.06009615384615385
0 0.6526442307692307 0.7379807692307693 0.07451923076923077 0.06850961538461539
1 0.6826923076923077 0.6790865384615384 0.08653846153846154 0.0625
2 0.4014423076923077 0.7475961538461539 0.08653846153846154 0.0673076923076923
2 0.21514423076923078 0.5997596153846154 0.08413461538461539 0.06009615384615385
2 0.36899038461538464 0.5192307692307693 0.08413461538461539 0.06490384615384616
2 0.43149038461538464 0.5913461538461539 0.08052884615384616 0.056490384615384616
2 0.703125 0.6069711538461539 0.0673076923076923 0.0625
2 0.4831730769230769 0.39302884615384615 0.0733173076923077 0.056490384615384616
2 0.6081730769230769 0.25961538461538464 0.08052884615384616 0.06129807692307692
0 0.41225961538461536 0.32211538461538464 0.08653846153846154 0.052884615384615384
2 0.45552884615384615 0.28365384615384615 0.06850961538461539 0.057692307692307696
0 0.7572115384615384 0.37259615384615385 0.09975961538461539 0.051682692307692304
2 0.75 0.3233173076923077 0.078125 0.052884615384615384
2 0.7704326923076923 0.23677884615384615 0.06009615384615385 0.051682692307692304
0 0.2608173076923077 0.3557692307692308 0.09375 0.06370192307692307
0 0.5324519230769231 0.3088942307692308 0.07932692307692307 0.05889423076923077
0 0.8473557692307693 0.4735576923076923 0.07451923076923077 0.0625
0 0.7367788461538461 0.5084134615384616 0.06850961538461539 0.056490384615384616
0 0.49278846153846156 0.7211538461538461 0.06971153846153846 0.05889423076923077
0 0.328125 0.6875 0.08774038461538461 0.06129807692307692
0 0.4675480769230769 0.5036057692307693 0.08653846153846154 0.06009615384615385