0 0.7692307692307693 0.13581730769230768 0.07932692307692307 0.078125
0 0.3798076923076923 0.31850961538461536 0.07211538461538461 0.054086538461538464
0 0.22355769230769232 0.3425480769230769 0.08052884615384616 0.05889423076923077
0 0.25 0.44350961538461536 0.08052884615384616 0.06490384615384616
0 0.7403846153846154 0.41346153846153844 0.06370192307692307 0.06610576923076923
0 0.7139423076923077 0.4891826923076923 0.07091346153846154 0.07692307692307693
0 0.7127403846153846 0.5889423076923077 0.09375 0.0625
0 0.8509615384615384 0.5793269230769231 0.07091346153846154 0.0733173076923077
0 0.8004807692307693 0.7536057692307693 0.06490384615384616 0.06490384615384616
0 0.7584134615384616 0.8713942307692307 0.0889423076923077 0.078125
1 0.35096153846153844 0.21394230769230768 0.07572115384615384 0.052884615384615384
1 0.3125 0.37740384615384615 0.06971153846153846 0.054086538461538464
1 0.44471153846153844 0.3701923076923077 0.0733173076923077 0.052884615384615384
1 0.3858173076923077 0.47115384615384615 0.06850961538461539 0.052884615384615384
1 0.31490384615384615 0.5168269230769231 0.06850961538461539 0.06129807692307692
1 0.35216346153846156 0.5733173076923077 0.06129807692307692 0.054086538461538464
1 0.41346153846153844 0.6826923076923077 0.06490384615384616 0.057692307692307696
2 0.17668269230769232 0.4951923076923077 0.0733173076923077 0.06490384615384616
1 0.7896634615384616 0.5396634615384616 0.078125 0.06610576923076923
1 0.8269230769230769 0.43509615384615385 0.07091346153846154 0.06009615384615385
1 0.7139423076923077 0.2824519230769231 0.07572115384615384 0.06971153846153846
2 0.7896634615384616 0.2247596153846154 0.08774038461538461 0.06610576923076923
2 0.7920673076923077 0.3161057692307692 0.08774038461538461 0.06610576923076923
2 0.7584134615384616 0.6550480769230769 0.07451923076923077 0.06971153846153846
2 0.8341346153846154 0.6766826923076923 0.07451923076923077 0.06490384615384616
2 0.7139423076923077 0.7415865384615384 0.09375 0.07572115384615384
2 0.4483173076923077 0.5925480769230769 0.07091346153846154 0.05889423076923077
2 0.2800480769230769 0.5985576923076923 0.07091346153846154 0.05889423076923077
2 0.25961538461538464 0.6730769230769231 0.06370192307692307 0.054086538461538464
2 0.32211538461538464 0.7055288461538461 0.06129807692307692 0.054086538461538464