0 0.62265625 0.41171875 0.0828125 0.0828125
0 0.54609375 0.38203125 0.1 0.09375
0 0.575 0.6 0.09375 0.13125
0 0.76015625 0.53125 0.0875 0.1
0 0.29453125 0.35625 0.078125 0.071875
0 0.153125 0.36796875 0.090625 0.0953125
0 0.1484375 0.5390625 0.096875 0.1015625
0 0.20078125 0.62578125 0.1234375 0.1125
2 0.18828125 0.87578125 0.1171875 0.16875
2 0.4046875 0.51171875 0.0953125 0.0984375
2 0.52578125 0.48515625 0.090625 0.096875
2 0.40546875 0.42734375 0.0921875 0.0875
2 0.41875 0.31171875 0.09375 0.0859375
2 0.50703125 0.271875 0.078125 0.075
2 0.7625 0.2984375 0.075 0.0828125
2 0.66953125 0.5796875 0.103125 0.1203125
1 0.4734375 0.60546875 0.090625 0.1
1 0.38125 0.665625 0.1 0.1
1 0.40625 0.90546875 0.1265625 0.1421875
1 0.309375 0.50078125 0.090625 0.090625
1 0.42734375 0.22421875 0.06875 0.0609375
1 0.62265625 0.20546875 0.0609375 0.065625
1 0.55234375 0.1921875 0.0796875 0.075
1 0.78203125 0.43984375 0.0859375 0.0921875