2 0.646875 0.31796875 0.0984375 0.09921875
2 0.32578125 0.1828125 0.103125 0.0953125
2 0.496875 0.76328125 0.13515625 0.1609375
2 0.58359375 0.55703125 0.12109375 0.1578125
0 0.63984375 0.790625 0.14375 0.2046875
0 0.796875 0.53203125 0.11015625 0.1171875
0 0.39765625 0.346875 0.12734375 0.11328125
1 0.7765625 0.3609375 0.0921875 0.11640625
1 0.42890625 0.196875 0.0875 0.08671875
1 0.36171875 0.5171875 0.11796875 0.140625
1 0.2484375 0.51640625 0.11953125 0.15625
0 0.5828125 0.20546875 0.10234375 0.0859375