1 0.690625 0.26875 0.07578125 0.0890625
1 0.5515625 0.4890625 0.06640625 0.1
1 0.66796875 0.6375 0.06171875 0.0984375
1 0.553125 0.60625 0.05390625 0.06953125
1 0.4875 0.596875 0.05546875 0.07421875
1 0.38828125 0.6765625 0.05390625 0.08203125
1 0.16640625 0.59375 0.05234375 0.07578125
1 0.2296875 0.46875 0.0609375 0.08046875
0 0.64140625 0.39375 0.06640625 0.08125
0 0.5109375 0.32109375 0.0546875 0.07265625
0 0.453125 0.4609375 0.059375 0.0703125
0 0.29375 0.528125 0.059375 0.08203125
0 0.29765625 0.6703125 0.08125 0.09296875
0 0.34375 0.81796875 0.065625 0.10234375
0 0.59375 0.75390625 0.05078125 0.09140625
0 0.60390625 0.65625 0.05703125 0.0890625
2 0.45546875 0.7875 0.0640625 0.08046875
2 0.66015625 0.7765625 0.06953125 0.0984375
2 0.75625 0.653125 0.0703125 0.0984375
2 0.66328125 0.4953125 0.07734375 0.0859375
2 0.5703125 0.36328125 0.065625 0.08046875
2 0.45703125 0.38359375 0.0578125 0.08125
2 0.41171875 0.31328125 0.05703125 0.07421875
2 0.37421875 0.47734375 0.0640625 0.08671875