1 0.76328125 0.67265625 0.1015625 0.1453125
1 0.7875 0.503125 0.0765625 0.0828125
1 0.67734375 0.5578125 0.084375 0.0828125
1 0.36015625 0.62890625 0.1 0.0953125
1 0.10625 0.59296875 0.0984375 0.0984375
1 0.46953125 0.4515625 0.09375 0.090625
1 0.74765625 0.35390625 0.08125 0.08125
1 0.61640625 0.14453125 0.084375 0.08125
2 0.6859375 0.26640625 0.0609375 0.0703125
2 0.61328125 0.27578125 0.078125 0.0765625
2 0.68828125 0.4171875 0.096875 0.084375
2 0.56484375 0.48828125 0.084375 0.0984375
2 0.31328125 0.51484375 0.09375 0.0953125
2 0.20703125 0.48046875 0.0921875 0.0859375
2 0.4296875 0.35859375 0.0640625 0.0921875
2 0.359375 0.2875 0.0828125 0.0703125
0 0.56640625 0.3984375 0.078125 0.0796875
0 0.534375 0.28828125 0.071875 0.08125
0 0.42734375 0.24453125 0.071875 0.0734375
0 0.3109375 0.41953125 0.075 0.0859375
0 0.34921875 0.35625 0.0875 0.0734375
0 0.6015625 0.71328125 0.109375 0.10625
0 0.46640625 0.66484375 0.0890625 0.1203125
0 0.58984375 0.6234375 0.09375 0.0953125