0 0.503125 0.47734375 0.0796875 0.0984375
0 0.615625 0.31328125 0.1125 0.1140625
0 0.66328125 0.2390625 0.0890625 0.1109375
0 0.29609375 0.2109375 0.0953125 0.1109375
0 0.27265625 0.34609375 0.10625 0.115625
0 0.44765625 0.57734375 0.11875 0.134375
0 0.5 0.72421875 0.1265625 0.1484375
0 0.30078125 0.65546875 0.1078125 0.1421875
1 0.72578125 0.653125 0.1046875 0.125
1 0.65625 0.69921875 0.1046875 0.1265625
1 0.60625 0.590625 0.1046875 0.1171875
1 0.2140625 0.66015625 0.1046875 0.1265625
1 0.3375 0.4671875 0.10625 0.13125
1 0.709375 0.140625 0.0921875 0.1109375
1 0.8109375 0.2140625 0.09375 0.1046875
1 0.48359375 0.90234375 0.11875 0.1484375
2 0.8390625 0.44453125 0.10625 0.125
2 0.6125 0.4828125 0.096875 0.1265625
2 0.39609375 0.7875 0.1171875 0.1234375
2 0.46796875 0.36796875 0.103125 0.1203125
2 0.51875 0.24140625 0.1203125 0.13125
2 0.3734375 0.33515625 0.1 0.11875
2 0.3890625 0.15390625 0.103125 0.1296875
2 0.14765625 0.5046875 0.121875 0.1453125