1 0.915625 0.5265625 0.05625 0.065625
1 0.825 0.49921875 0.0578125 0.0640625
1 0.7171875 0.4984375 0.0625 0.06875
1 0.59453125 0.4984375 0.05 0.0640625
1 0.53203125 0.4953125 0.071875 0.0640625
1 0.490625 0.4140625 0.046875 0.053125
1 0.21171875 0.44140625 0.04375 0.0421875
1 0.13203125 0.49140625 0.053125 0.065625
0 0.06875 0.46484375 0.059375 0.06875
0 0.228125 0.49765625 0.053125 0.0609375
0 0.2921875 0.43203125 0.04375 0.053125
0 0.25546875 0.40703125 0.040625 0.046875
0 0.37421875 0.45078125 0.0515625 0.059375
0 0.64453125 0.4265625 0.053125 0.05625
0 0.70625 0.4296875 0.046875 0.059375
0 0.77734375 0.4265625 0.05625 0.0640625
2 0.82890625 0.42265625 0.053125 0.065625
2 0.65546875 0.503125 0.065625 0.065625
2 0.55703125 0.4390625 0.0671875 0.05
2 0.44375 0.4234375 0.05 0.053125
2 0.46015625 0.48203125 0.0625 0.0578125
2 0.403125 0.51640625 0.065625 0.0578125
2 0.32890625 0.50078125 0.0671875 0.065625
2 0.12578125 0.41875 0.0609375 0.046875