1 0.69609375 0.47421875 0.146875 0.15625
1 0.59921875 0.83671875 0.17109375 0.21953125
1 0.34765625 0.2640625 0.11171875 0.134375
1 0.5078125 0.17421875 0.1140625 0.10234375
2 0.84765625 0.30703125 0.13359375 0.128125
2 0.56953125 0.29609375 0.14453125 0.1265625
2 0.3953125 0.11015625 0.1046875 0.11796875
0 0.56171875 0.62890625 0.15 0.20078125
0 0.421875 0.43515625 0.1203125 0.15
0 0.29921875 0.396875 0.11875 0.11328125
0 0.22421875 0.61875 0.1625 0.19296875
2 0.1796875 0.33984375 0.12734375 0.1421875