0 0.9015625 0.66171875 0.115625 0.1046875
0 0.70546875 0.521875 0.0734375 0.0796875
0 0.5078125 0.5515625 0.0921875 0.08125
0 0.1796875 0.759375 0.1109375 0.11875
0 0.425 0.42578125 0.096875 0.084375
0 0.26171875 0.396875 0.0734375 0.0578125
0 0.36015625 0.33203125 0.08125 0.0625
0 0.09296875 0.43203125 0.08125 0.0625
2 0.22890625 0.55390625 0.0984375 0.0984375
2 0.1421875 0.51953125 0.103125 0.0953125
2 0.37109375 0.51796875 0.0796875 0.0765625
2 0.28203125 0.46796875 0.0796875 0.08125
2 0.165625 0.35390625 0.0578125 0.05625
2 0.1125 0.37109375 0.0828125 0.05625
2 0.53203125 0.3546875 0.0796875 0.0671875
2 0.26640625 0.25625 0.071875 0.0484375
1 0.41328125 0.6546875 0.11875 0.1171875
1 0.659375 0.65078125 0.0984375 0.1046875
1 0.76484375 0.59609375 0.084375 0.1015625
1 0.6734375 0.390625 0.06875 0.0796875
1 0.584375 0.42265625 0.0828125 0.078125
1 0.3203125 0.3734375 0.0703125 0.053125
1 0.2921875 0.30390625 0.0640625 0.0546875
1 0.15859375 0.2953125 0.0859375 0.0625