1 0.1921875 0.7796875 0.1375 0.18125
0 0.075 0.70078125 0.140625 0.1609375
0 0.31328125 0.6359375 0.1265625 0.1421875
0 0.34375 0.49375 0.109375 0.125
0 0.4859375 0.53828125 0.128125 0.1375
0 0.77421875 0.1921875 0.0875 0.0890625
0 0.86015625 0.33984375 0.075 0.0625
0 0.8109375 0.28046875 0.075 0.071875
0 0.68046875 0.25078125 0.06875 0.0734375
1 0.49609375 0.4203125 0.0921875 0.1046875
1 0.56328125 0.31953125 0.0828125 0.0890625
1 0.61796875 0.28046875 0.0765625 0.0765625
1 0.709375 0.33984375 0.0875 0.08125
1 0.67265625 0.40859375 0.1 0.1078125
1 0.6046875 0.4796875 0.09375 0.0984375
1 0.9375 0.42421875 0.0921875 0.0953125
2 0.80859375 0.61015625 0.125 0.146875
2 0.6203125 0.6140625 0.1265625 0.1421875
2 0.703125 0.51484375 0.1046875 0.10625
2 0.77734375 0.47421875 0.0984375 0.1
2 0.815625 0.38671875 0.0953125 0.0953125
2 0.45703125 0.3296875 0.0890625 0.09375
2 0.3578125 0.38046875 0.1046875 0.09375
2 0.2734375 0.41484375 0.0984375 0.0984375