1 0.79453125 0.7265625 0.121875 0.11875
1 0.846875 0.63828125 0.1 0.103125
1 0.47265625 0.48046875 0.0875 0.0765625
1 0.32578125 0.35703125 0.096875 0.084375
1 0.41328125 0.221875 0.08125 0.071875
1 0.471875 0.18203125 0.071875 0.0703125
1 0.5546875 0.2609375 0.0765625 0.0703125
1 0.92734375 0.4390625 0.0921875 0.0953125
2 0.92421875 0.653125 0.0859375 0.0953125
2 0.890625 0.5484375 0.0953125 0.0953125
2 0.55234375 0.72578125 0.121875 0.128125
2 0.3078125 0.51796875 0.0890625 0.103125
2 0.09609375 0.5703125 0.121875 0.121875
2 0.53203125 0.36484375 0.08125 0.0828125
2 0.40703125 0.28515625 0.0984375 0.0796875
2 0.61796875 0.2015625 0.065625 0.0625
0 0.75625 0.36640625 0.0859375 0.06875
0 0.6890625 0.30234375 0.0796875 0.06875
0 0.71015625 0.3984375 0.08125 0.08125
0 0.65546875 0.42421875 0.090625 0.0859375
0 0.721875 0.578125 0.115625 0.0953125
0 0.575 0.475 0.0859375 0.0796875
0 0.5359375 0.56875 0.1015625 0.096875
0 0.3890625 0.64296875 0.115625 0.14375