1 0.8389423076923077 0.1201923076923077 0.09134615384615384 0.07692307692307693
1 0.5444711538461539 0.12259615384615384 0.09375 0.09375
1 0.4639423076923077 0.16706730769230768 0.09134615384615384 0.09134615384615384
1 0.46153846153846156 0.4182692307692308 0.10336538461538461 0.0889423076923077
1 0.7091346153846154 0.3317307692307692 0.07932692307692307 0.0673076923076923
1 0.7716346153846154 0.35216346153846156 0.08413461538461539 0.07211538461538461
1 0.8137019230769231 0.4266826923076923 0.10336538461538461 0.0889423076923077
1 0.84375 0.3485576923076923 0.09134615384615384 0.07932692307692307
1 0.8737980769230769 0.5685096153846154 0.08653846153846154 0.07932692307692307
1 0.6634615384615384 0.71875 0.09134615384615384 0.08653846153846154
0 0.35096153846153844 0.13942307692307693 0.09615384615384616 0.08653846153846154
0 0.25240384615384615 0.19230769230769232 0.10817307692307693 0.09615384615384616
0 0.25841346153846156 0.3641826923076923 0.10576923076923077 0.0889423076923077
0 0.44471153846153844 0.30649038461538464 0.08413461538461539 0.07932692307692307
0 0.6105769230769231 0.23197115384615385 0.08413461538461539 0.07932692307692307
0 0.6165865384615384 0.45552884615384615 0.10336538461538461 0.08653846153846154
0 0.7271634615384616 0.4831730769230769 0.08653846153846154 0.07211538461538461
0 0.6346153846153846 0.5889423076923077 0.08653846153846154 0.06971153846153846
0 0.8112980769230769 0.6454326923076923 0.09134615384615384 0.08413461538461539
0 0.640625 0.8497596153846154 0.08653846153846154 0.07451923076923077
2 0.35697115384615385 0.24158653846153846 0.08653846153846154 0.07692307692307693
2 0.5168269230769231 0.28125 0.10096153846153846 0.09375
2 0.33533653846153844 0.46875 0.09615384615384616 0.08413461538461539
2 0.4495192307692308 0.5336538461538461 0.10817307692307693 0.09615384615384616
2 0.44350961538461536 0.7055288461538461 0.13701923076923078 0.11298076923076923
2 0.6694711538461539 0.29086538461538464 0.08653846153846154 0.06490384615384616
2 0.9086538461538461 0.28966346153846156 0.08173076923076923 0.07451923076923077
2 0.609375 0.5420673076923077 0.09615384615384616 0.07692307692307693
2 0.8605769230769231 0.5108173076923077 0.07932692307692307 0.06490384615384616
2 0.7524038461538461 0.8293269230769231 0.1201923076923077 0.09134615384615384