0 0.8461538461538461 0.3401442307692308 0.06971153846153846 0.054086538461538464
0 0.5252403846153846 0.33533653846153844 0.07932692307692307 0.054086538461538464
0 0.38341346153846156 0.24879807692307693 0.06129807692307692 0.0625
0 0.2848557692307692 0.2620192307692308 0.0889423076923077 0.0733173076923077
0 0.19591346153846154 0.36538461538461536 0.07451923076923077 0.06129807692307692
0 0.35697115384615385 0.43509615384615385 0.07572115384615384 0.0625
0 0.3112980769230769 0.6334134615384616 0.078125 0.0625
0 0.71875 0.5745192307692307 0.0889423076923077 0.06129807692307692
0 0.7800480769230769 0.46033653846153844 0.06370192307692307 0.055288461538461536
0 0.6286057692307693 0.4831730769230769 0.0733173076923077 0.056490384615384616
1 0.6478365384615384 0.23798076923076922 0.07692307692307693 0.04927884615384615
1 0.6983173076923077 0.3173076923076923 0.078125 0.054086538461538464
1 0.19951923076923078 0.46634615384615385 0.08774038461538461 0.055288461538461536
1 0.8088942307692307 0.53125 0.07932692307692307 0.06009615384615385
1 0.6838942307692307 0.6538461538461539 0.07091346153846154 0.06971153846153846
1 0.6021634615384616 0.6430288461538461 0.0733173076923077 0.057692307692307696
1 0.5612980769230769 0.4387019230769231 0.07091346153846154 0.06009615384615385
1 0.46153846153846156 0.4879807692307692 0.06610576923076923 0.057692307692307696
1 0.36658653846153844 0.5360576923076923 0.07572115384615384 0.05048076923076923
1 0.7932692307692307 0.27163461538461536 0.06490384615384616 0.0625
2 0.5108173076923077 0.26322115384615385 0.0829326923076923 0.055288461538461536
2 0.4675480769230769 0.18028846153846154 0.0733173076923077 0.0625
2 0.32572115384615385 0.3389423076923077 0.07451923076923077 0.051682692307692304
2 0.4831730769230769 0.3954326923076923 0.06971153846153846 0.05048076923076923
2 0.5625 0.5204326923076923 0.06971153846153846 0.056490384615384616
2 0.4495192307692308 0.6045673076923077 0.07692307692307693 0.055288461538461536
2 0.44471153846153844 0.703125 0.08173076923076923 0.06370192307692307
2 0.7752403846153846 0.6802884615384616 0.0673076923076923 0.06370192307692307
2 0.7043269230769231 0.5168269230769231 0.078125 0.04807692307692308
2 0.7151442307692307 0.41225961538461536 0.06971153846153846 0.06129807692307692