1 0.825 0.33515625 0.078125 0.06875
1 0.646875 0.1953125 0.0578125 0.0515625
1 0.45078125 0.25859375 0.0609375 0.05625
1 0.6171875 0.62265625 0.0890625 0.1078125
1 0.7078125 0.5546875 0.10625 0.0875
1 0.1828125 0.58828125 0.0859375 0.0921875
1 0.18828125 0.40390625 0.090625 0.0703125
1 0.3375 0.3484375 0.065625 0.078125
2 0.2515625 0.47578125 0.0890625 0.0984375
2 0.41171875 0.36171875 0.075 0.0890625
2 0.4703125 0.34609375 0.0734375 0.0640625
2 0.4890625 0.43828125 0.0890625 0.0921875
2 0.52265625 0.528125 0.090625 0.0890625
2 0.8015625 0.478125 0.090625 0.0921875
2 0.72734375 0.42734375 0.0765625 0.0703125
2 0.60390625 0.25703125 0.065625 0.0515625
0 0.69375 0.48515625 0.096875 0.0625
0 0.58515625 0.45859375 0.08125 0.0875
0 0.50625 0.6734375 0.1046875 0.128125
0 0.26875 0.3109375 0.0734375 0.065625
0 0.39765625 0.22265625 0.0546875 0.05
0 0.1546875 0.48984375 0.0890625 0.0984375
0 0.76484375 0.2671875 0.071875 0.065625
0 0.515625 0.29609375 0.06875 0.071875