0 0.94296875 0.6890625 0.09921875 0.0984375
0 0.565625 0.675 0.10546875 0.08359375
0 0.67578125 0.5359375 0.0828125 0.09375
0 0.4296875 0.35546875 0.07109375 0.0640625
0 0.4109375 0.30234375 0.06953125 0.05078125
0 0.25 0.3109375 0.06875 0.06484375
0 0.10234375 0.53125 0.09375 0.08671875
0 0.58828125 0.36015625 0.0671875 0.05390625
2 0.74375 0.43359375 0.090625 0.0796875
2 0.55625 0.4875 0.084375 0.071875
2 0.5078125 0.40546875 0.07734375 0.0640625
2 0.4109375 0.44453125 0.0796875 0.06484375
2 0.490625 0.78515625 0.1296875 0.13671875
2 0.35390625 0.75859375 0.10703125 0.11015625
2 0.2203125 0.6578125 0.09296875 0.10390625
2 0.825 0.5984375 0.0890625 0.08671875
1 0.67734375 0.834375 0.12109375 0.12734375
1 0.7875 0.77734375 0.0875 0.1125
1 0.72734375 0.6609375 0.09453125 0.1078125
1 0.44453125 0.5375 0.08203125 0.07734375
1 0.2953125 0.50703125 0.0921875 0.07421875
1 0.340625 0.39609375 0.065625 0.06171875
1 0.31484375 0.28515625 0.0625 0.059375
1 0.646875 0.4328125 0.07421875 0.0609375