0 0.7359375 0.39609375 0.05703125 0.05625
0 0.65625 0.771875 0.08984375 0.09140625
0 0.575 0.44921875 0.06640625 0.075
0 0.52109375 0.35703125 0.05703125 0.04765625
0 0.3828125 0.315625 0.0546875 0.04609375
0 0.33515625 0.35234375 0.0578125 0.053125
0 0.31640625 0.47421875 0.06015625 0.0515625
0 0.21328125 0.43671875 0.06875 0.0609375
1 0.778125 0.5234375 0.07421875 0.071875
1 0.65703125 0.33984375 0.06328125 0.04609375
1 0.465625 0.36875 0.0484375 0.05078125
1 0.47265625 0.303125 0.04765625 0.04296875
1 0.4109375 0.4484375 0.0703125 0.0625
1 0.2078125 0.55 0.078125 0.078125
1 0.52109375 0.603125 0.0921875 0.078125
1 0.2125 0.66171875 0.09375 0.09375
2 0.65703125 0.55546875 0.0828125 0.07109375
2 0.63671875 0.40859375 0.0546875 0.0640625
2 0.56484375 0.31484375 0.0625 0.04609375
2 0.5015625 0.46796875 0.065625 0.06015625
2 0.4171875 0.5734375 0.071875 0.08359375
2 0.3578125 0.6625 0.07578125 0.08203125
2 0.30546875 0.75390625 0.09140625 0.103125
2 0.12109375 0.51484375 0.07421875 0.0734375