0 0.59453125 0.31640625 0.0625 0.065625
0 0.4671875 0.34921875 0.0609375 0.0609375
0 0.41875 0.38203125 0.0671875 0.0578125
0 0.290625 0.4625 0.0765625 0.0703125
0 0.7171875 0.63515625 0.0875 0.1015625
0 0.63671875 0.63359375 0.0875 0.090625
0 0.64765625 0.546875 0.065625 0.065625
0 0.428125 0.48125 0.06875 0.0671875
2 0.77578125 0.51796875 0.0859375 0.09375
2 0.69453125 0.50546875 0.0796875 0.0890625
2 0.678125 0.45234375 0.06875 0.06875
2 0.528125 0.5890625 0.0953125 0.1
2 0.446875 0.55625 0.084375 0.084375
2 0.39375 0.43671875 0.0640625 0.0671875
2 0.39375 0.33203125 0.053125 0.059375
2 0.55859375 0.35234375 0.059375 0.05
1 0.2953125 0.3640625 0.08125 0.0703125
1 0.34453125 0.53203125 0.0734375 0.065625
1 0.4015625 0.64140625 0.09375 0.0984375
1 0.58359375 0.40546875 0.0703125 0.06875
1 0.59765625 0.5203125 0.059375 0.0484375
1 0.4953125 0.4671875 0.071875 0.0703125
1 0.46640625 0.41796875 0.0578125 0.0484375
1 0.4953125 0.3046875 0.0578125 0.046875