2 0.7921875 0.2421875 0.1703125 0.14375
2 0.68515625 0.165625 0.1625 0.1359375
2 0.62578125 0.37734375 0.1765625 0.1609375
2 0.6015625 0.596875 0.1921875 0.1515625
2 0.79453125 0.68359375 0.1859375 0.1203125
0 0.84296875 0.41484375 0.175 0.1390625
0 0.78515625 0.57109375 0.175 0.125
0 0.6609375 0.85546875 0.2015625 0.165625
0 0.4328125 0.47265625 0.1921875 0.1390625
0 0.23984375 0.3171875 0.1796875 0.146875
1 0.53359375 0.1296875 0.165625 0.1359375
1 0.496875 0.290625 0.1671875 0.11875
1 0.38984375 0.58984375 0.1890625 0.1375
1 0.415625 0.71953125 0.18125 0.121875
1 0.4921875 0.8375 0.18125 0.1421875