2 0.528125 0.80234375 0.1375 0.15625
2 0.365625 0.74609375 0.103125 0.1125
2 0.1859375 0.91015625 0.153125 0.1625
2 0.38359375 0.596875 0.0921875 0.1078125
2 0.475 0.4953125 0.0953125 0.0921875
2 0.671875 0.65859375 0.1140625 0.125
2 0.596875 0.67734375 0.1046875 0.121875
2 0.4046875 0.3625 0.071875 0.0625
1 0.21484375 0.6234375 0.1046875 0.1015625
1 0.28125 0.69140625 0.0953125 0.1046875
1 0.84921875 0.62109375 0.1109375 0.1203125
1 0.74609375 0.5703125 0.103125 0.09375
1 0.62734375 0.578125 0.096875 0.0859375
1 0.4109375 0.503125 0.06875 0.06875
1 0.390625 0.45625 0.071875 0.0609375
1 0.36796875 0.3203125 0.084375 0.075
0 0.9203125 0.5484375 0.1234375 0.125
0 0.6609375 0.45234375 0.084375 0.08125
0 0.67421875 0.521875 0.084375 0.0859375
0 0.7625 0.74375 0.1203125 0.1359375
0 0.290625 0.86328125 0.1203125 0.125
0 0.47890625 0.58515625 0.1109375 0.1078125
0 0.4765625 0.4296875 0.078125 0.075
0 0.3984375 0.4125 0.0859375 0.0703125