2 0.90234375 0.4234375 0.1734375 0.1359375
2 0.775 0.478125 0.1953125 0.146875
2 0.715625 0.28828125 0.1703125 0.1640625
2 0.35234375 0.54921875 0.1859375 0.1359375
2 0.790625 0.82109375 0.1890625 0.1578125
0 0.8890625 0.29375 0.16875 0.153125
0 0.73984375 0.12890625 0.1796875 0.1578125
0 0.56015625 0.5234375 0.146875 0.11875
0 0.40234375 0.728125 0.2 0.1625
0 0.1328125 0.42265625 0.2046875 0.1625
1 0.409375 0.3546875 0.1890625 0.1421875
1 0.42421875 0.4671875 0.153125 0.103125
1 0.37578125 0.87109375 0.14375 0.1375
1 0.68671875 0.565625 0.1640625 0.140625
1 0.5359375 0.615625 0.16875 0.125