0 0.46953125 0.72265625 0.11796875 0.16171875
0 0.72890625 0.69609375 0.1109375 0.14609375
0 0.39453125 0.52265625 0.11484375 0.15625
0 0.5078125 0.26875 0.103125 0.15234375
0 0.42578125 0.196875 0.109375 0.14375
1 0.6578125 0.31796875 0.1046875 0.12578125
1 0.62421875 0.7671875 0.10703125 0.16953125
1 0.396875 0.35546875 0.11484375 0.13671875
1 0.2421875 0.6640625 0.13125 0.15078125
1 0.228125 0.8359375 0.11484375 0.1546875
2 0.0875 0.503125 0.13671875 0.16796875
2 0.86484375 0.70703125 0.11484375 0.16484375
2 0.78671875 0.43203125 0.0984375 0.15234375
2 0.53203125 0.45078125 0.1109375 0.14453125
2 0.54453125 0.09453125 0.1140625 0.1359375