0 0.7734375 0.21796875 0.0359375 0.03125
0 0.728125 0.2125 0.040625 0.0375
0 0.65 0.30078125 0.05 0.040625
0 0.59453125 0.27109375 0.0484375 0.046875
0 0.53359375 0.3609375 0.0609375 0.0484375
0 0.40390625 0.4484375 0.071875 0.06875
0 0.2375 0.425 0.0703125 0.0765625
0 0.1703125 0.58359375 0.084375 0.08125
1 0.125 0.5078125 0.0859375 0.0765625
1 0.234375 0.5265625 0.0703125 0.0703125
1 0.309375 0.3859375 0.0671875 0.06875
1 0.3859375 0.3734375 0.065625 0.065625
1 0.51796875 0.31953125 0.0453125 0.04375
1 0.703125 0.25703125 0.04375 0.04375
1 0.75234375 0.1875 0.03125 0.0328125
1 0.7171875 0.17734375 0.0390625 0.034375
2 0.6765625 0.22265625 0.04375 0.0359375
2 0.6421875 0.2578125 0.04375 0.0515625
2 0.62890625 0.21171875 0.0390625 0.0359375
2 0.56796875 0.325 0.0609375 0.053125
2 0.5046875 0.2734375 0.053125 0.0453125
2 0.44453125 0.321875 0.059375 0.0578125
2 0.46640625 0.39921875 0.0671875 0.05625
2 0.31953125 0.46875 0.0703125 0.0734375