2 0.215625 0.771875 0.0828125 0.08125
2 0.0703125 0.7578125 0.0984375 0.08359375
2 0.11328125 0.70234375 0.084375 0.071875
2 0.2515625 0.696875 0.0796875 0.05625
2 0.24453125 0.65 0.07890625 0.04921875
2 0.21015625 0.60234375 0.071875 0.059375
2 0.6078125 0.5890625 0.0625 0.053125
2 0.81875 0.64453125 0.059375 0.05390625
0 0.81328125 0.70234375 0.06328125 0.0640625
0 0.76015625 0.64375 0.053125 0.04296875
0 0.6953125 0.7078125 0.07109375 0.0609375
0 0.61640625 0.70859375 0.0625 0.0515625
0 0.6078125 0.65390625 0.0515625 0.05625
0 0.440625 0.703125 0.0703125 0.0625
0 0.31015625 0.6171875 0.0609375 0.04921875
0 0.27109375 0.5921875 0.046875 0.04765625
1 0.1203125 0.6234375 0.08203125 0.07421875
1 0.36015625 0.76484375 0.08984375 0.07578125
1 0.40078125 0.6359375 0.06953125 0.05859375
1 0.55234375 0.7 0.059375 0.0625
1 0.55703125 0.63515625 0.05546875 0.053125
1 0.66796875 0.6140625 0.05703125 0.05625
1 0.70546875 0.58515625 0.05078125 0.05390625
1 0.77265625 0.5984375 0.04296875 0.040625