0 0.35859375 0.33125 0.0765625 0.0703125
0 0.25390625 0.32578125 0.0765625 0.075
0 0.16953125 0.47578125 0.0734375 0.071875
0 0.41171875 0.40546875 0.0875 0.0875
0 0.63046875 0.51015625 0.0953125 0.096875
0 0.42265625 0.53359375 0.0921875 0.0953125
0 0.38125 0.64140625 0.1015625 0.1015625
0 0.44296875 0.31875 0.0765625 0.08125
1 0.175 0.7296875 0.103125 0.1015625
1 0.1015625 0.659375 0.1 0.09375
1 0.109375 0.428125 0.0828125 0.0765625
1 0.55234375 0.7953125 0.1265625 0.1546875
1 0.61640625 0.6171875 0.109375 0.121875
1 0.5453125 0.5328125 0.084375 0.0828125
1 0.55234375 0.4109375 0.084375 0.090625
1 0.85625 0.61875 0.1046875 0.103125
2 0.87265625 0.759375 0.1359375 0.1359375
2 0.74765625 0.79453125 0.125 0.1515625
2 0.5109375 0.29296875 0.0828125 0.0984375
2 0.39921875 0.75703125 0.121875 0.1390625
2 0.23046875 0.84140625 0.11875 0.146875
2 0.1890625 0.56796875 0.096875 0.096875
2 0.2484375 0.39765625 0.0890625 0.075
2 0.31796875 0.49296875 0.0953125 0.1015625