0 0.91640625 0.74140625 0.1109375 0.109375
0 0.54375 0.68203125 0.115625 0.0953125
0 0.6703125 0.55703125 0.09375 0.103125
0 0.44765625 0.34765625 0.078125 0.071875
0 0.4359375 0.29296875 0.075 0.059375
0 0.275 0.28203125 0.0765625 0.0734375
0 0.1015625 0.4828125 0.103125 0.096875
0 0.6046875 0.371875 0.0734375 0.0609375
2 0.75 0.4640625 0.1 0.090625
2 0.55703125 0.49453125 0.0921875 0.08125
2 0.51953125 0.40703125 0.084375 0.0734375
2 0.41875 0.434375 0.0875 0.0734375
2 0.45625 0.78203125 0.1453125 0.1515625
2 0.3234375 0.7390625 0.1203125 0.121875
2 0.203125 0.62265625 0.1046875 0.1140625
2 0.8109375 0.6375 0.0984375 0.096875
1 0.63515625 0.853125 0.1359375 0.140625
1 0.7515625 0.81015625 0.1 0.121875
1 0.70625 0.6875 0.10625 0.11875
1 0.440625 0.53046875 0.090625 0.0875
1 0.29609375 0.48203125 0.1 0.084375
1 0.3546875 0.37734375 0.0734375 0.06875
1 0.3421875 0.2640625 0.06875 0.0671875
1 0.65390625 0.4515625 0.08125 0.06875