0 0.83359375 0.6953125 0.1 0.1203125
0 0.71171875 0.6296875 0.1078125 0.1359375
0 0.73515625 0.4421875 0.103125 0.1234375
0 0.6078125 0.31171875 0.0859375 0.115625
0 0.496875 0.29140625 0.0984375 0.109375
0 0.51796875 0.14609375 0.1 0.103125
0 0.440625 0.4578125 0.096875 0.1203125
0 0.3484375 0.6265625 0.0953125 0.128125
1 0.2578125 0.54453125 0.090625 0.1140625
1 0.39765625 0.31953125 0.0859375 0.1140625
1 0.3078125 0.2421875 0.0984375 0.1203125
1 0.228125 0.20234375 0.096875 0.0953125
1 0.68359375 0.240625 0.0828125 0.1015625
1 0.84765625 0.1765625 0.084375 0.0921875
1 0.3171875 0.77421875 0.1171875 0.1390625
1 0.53359375 0.60859375 0.109375 0.140625
2 0.61796875 0.79296875 0.1203125 0.15
2 0.63984375 0.521875 0.0984375 0.1375
2 0.54765625 0.43515625 0.1 0.13125
2 0.8828125 0.26796875 0.109375 0.1140625
2 0.9 0.44921875 0.115625 0.1421875
2 0.425 0.08984375 0.0921875 0.09375
2 0.18359375 0.4109375 0.0984375 0.1359375
2 0.08671875 0.41328125 0.109375 0.1015625