2 0.88515625 0.36171875 0.1578125 0.1125
2 0.76875 0.43515625 0.1796875 0.1203125
2 0.6796875 0.25703125 0.15 0.1421875
2 0.36171875 0.571875 0.171875 0.1109375
2 0.8375 0.771875 0.1703125 0.134375
0 0.85234375 0.23515625 0.15 0.13125
0 0.67890625 0.09609375 0.1609375 0.134375
0 0.56328125 0.51328125 0.1328125 0.1
0 0.43984375 0.740625 0.18125 0.1359375
0 0.125 0.48125 0.1875 0.1359375
1 0.3875 0.3703125 0.175 0.115625
1 0.41953125 0.4796875 0.1421875 0.0828125
1 0.43515625 0.8859375 0.128125 0.11875
1 0.69453125 0.53515625 0.1484375 0.1203125
1 0.55390625 0.60859375 0.15625 0.103125