1 0.45390625 0.60703125 0.0921875 0.11875
1 0.3765625 0.425 0.078125 0.084375
1 0.796875 0.5296875 0.0859375 0.071875
1 0.825 0.4640625 0.08125 0.0828125
1 0.69296875 0.38671875 0.08125 0.071875
1 0.33828125 0.2625 0.0671875 0.06875
1 0.5109375 0.31171875 0.0734375 0.0703125
1 0.4984375 0.51953125 0.084375 0.071875
0 0.54765625 0.76171875 0.103125 0.125
0 0.34453125 0.8 0.1234375 0.1234375
0 0.29765625 0.63828125 0.1046875 0.11875
0 0.359375 0.52890625 0.090625 0.078125
0 0.25703125 0.37734375 0.0796875 0.08125
0 0.4703125 0.44765625 0.084375 0.0640625
0 0.8140625 0.60390625 0.0984375 0.090625
0 0.55078125 0.653125 0.10625 0.0984375
2 0.72109375 0.5890625 0.1015625 0.0984375
2 0.56796875 0.4640625 0.0921875 0.0796875
2 0.62734375 0.43984375 0.071875 0.08125
2 0.5765625 0.3875 0.0765625 0.065625
2 0.5765625 0.2953125 0.0734375 0.071875
2 0.4546875 0.26015625 0.0671875 0.065625
2 0.3234375 0.32578125 0.075 0.0640625
2 0.2546875 0.47265625 0.078125 0.084375