2 0.8375 0.28203125 0.1515625 0.11640625
2 0.70859375 0.3875 0.125 0.096875
2 0.8921875 0.59375 0.13046875 0.09296875
2 0.49453125 0.54453125 0.11015625 0.08046875
2 0.41484375 0.40625 0.13671875 0.11796875
2 0.153125 0.39140625 0.13828125 0.115625
2 0.56796875 0.3328125 0.13203125 0.08203125
1 0.63828125 0.16484375 0.15234375 0.1125
1 0.62109375 0.2578125 0.11796875 0.0703125
1 0.29921875 0.521875 0.1234375 0.09765625
1 0.57578125 0.40546875 0.115625 0.06796875
1 0.6921875 0.80390625 0.10078125 0.08984375
1 0.3828125 0.72890625 0.11796875 0.0890625
0 0.27578125 0.403125 0.12109375 0.1015625
0 0.6 0.49375 0.12109375 0.09921875
0 0.7828125 0.49453125 0.12265625 0.0953125
0 0.753125 0.63671875 0.1515625 0.096875
0 0.6 0.62890625 0.14375 0.09765625
0 0.5859375 0.80859375 0.1125 0.09921875
0 0.4921875 0.80546875 0.128125 0.10859375
1 0.921875 0.49140625 0.13046875 0.0953125