2 0.865625 0.315625 0.1671875 0.1265625
2 0.75859375 0.403125 0.1890625 0.134375
2 0.64921875 0.23671875 0.1609375 0.1546875
2 0.371875 0.58828125 0.18125 0.125
2 0.86796875 0.728125 0.18125 0.1484375
0 0.8171875 0.19375 0.1609375 0.14375
0 0.628125 0.07734375 0.171875 0.1484375
0 0.5640625 0.50546875 0.140625 0.1109375
0 0.46953125 0.74609375 0.1921875 0.1515625
0 0.12578125 0.5265625 0.1984375 0.15
1 0.37265625 0.38515625 0.1828125 0.13125
1 0.41796875 0.48984375 0.1484375 0.0953125
1 0.4828125 0.890625 0.1375 0.1296875
1 0.69765625 0.51171875 0.1578125 0.13125
1 0.56640625 0.6015625 0.1640625 0.115625