0 0.68046875 0.51484375 0.090625 0.1046875
0 0.59375 0.3 0.0796875 0.1109375
0 0.53515625 0.25859375 0.06875 0.0890625
0 0.58046875 0.1046875 0.075 0.09375
0 0.3921875 0.40234375 0.090625 0.1140625
0 0.51953125 0.53828125 0.09375 0.1140625
0 0.3109375 0.70078125 0.08125 0.1
0 0.3109375 0.33125 0.1 0.115625
1 0.35390625 0.80625 0.09375 0.10625
1 0.159375 0.746875 0.0984375 0.103125
1 0.22890625 0.55546875 0.1 0.1078125
1 0.29921875 0.45078125 0.09375 0.1
1 0.3953125 0.2890625 0.084375 0.115625
1 0.796875 0.5390625 0.0859375 0.1015625
1 0.9046875 0.640625 0.0953125 0.128125
1 0.57421875 0.81640625 0.096875 0.1171875
2 0.60390625 0.6796875 0.1015625 0.1453125
2 0.46484375 0.66796875 0.096875 0.1171875
2 0.4859375 0.79140625 0.1046875 0.1453125
2 0.23203125 0.69609375 0.0921875 0.11875
2 0.7578125 0.7453125 0.1015625 0.1375
2 0.78671875 0.42734375 0.084375 0.13125
2 0.58828125 0.49375 0.08125 0.1203125
2 0.50234375 0.3453125 0.1109375 0.1125