0 0.84140625 0.5015625 0.11875 0.1171875
0 0.7 0.53671875 0.1234375 0.128125
0 0.5484375 0.453125 0.1234375 0.1140625
0 0.46875 0.528125 0.13125 0.13125
0 0.27734375 0.69921875 0.14375 0.1734375
0 0.12578125 0.58046875 0.1640625 0.16875
0 0.36953125 0.24765625 0.103125 0.10625
0 0.3515625 0.18359375 0.0796875 0.0890625
2 0.22734375 0.3453125 0.1265625 0.1375
2 0.2921875 0.4234375 0.13125 0.1328125
2 0.81953125 0.40546875 0.1046875 0.0890625
2 0.7625 0.35859375 0.09375 0.09375
2 0.82109375 0.6484375 0.1421875 0.1484375
2 0.60625 0.61640625 0.1515625 0.14375
2 0.546875 0.18046875 0.0828125 0.0703125
2 0.51171875 0.353125 0.0953125 0.1
1 0.353125 0.55234375 0.1390625 0.1453125
1 0.40859375 0.72734375 0.1640625 0.171875
1 0.54453125 0.83046875 0.15 0.1734375
1 0.67421875 0.77109375 0.1640625 0.1703125
1 0.68125 0.33359375 0.1015625 0.1046875
1 0.59140625 0.325 0.1 0.0984375
1 0.49375 0.23828125 0.096875 0.1
1 0.43515625 0.340625 0.1046875 0.109375