2 0.38341346153846156 0.11658653846153846 0.08413461538461539 0.06009615384615385
2 0.6454326923076923 0.27403846153846156 0.08533653846153846 0.056490384615384616
2 0.5264423076923077 0.390625 0.06971153846153846 0.05048076923076923
2 0.27524038461538464 0.39302884615384615 0.06850961538461539 0.051682692307692304
2 0.6502403846153846 0.4074519230769231 0.06971153846153846 0.055288461538461536
2 0.7427884615384616 0.46875 0.05889423076923077 0.051682692307692304
2 0.22235576923076922 0.6165865384615384 0.0733173076923077 0.0625
2 0.4855769230769231 0.6045673076923077 0.05889423076923077 0.056490384615384616
2 0.6189903846153846 0.6201923076923077 0.052884615384615384 0.04807692307692308
2 0.7475961538461539 0.6478365384615384 0.06009615384615385 0.055288461538461536
0 0.49278846153846156 0.12620192307692307 0.06971153846153846 0.057692307692307696
0 0.31850961538461536 0.27524038461538464 0.07451923076923077 0.055288461538461536
0 0.4951923076923077 0.3473557692307692 0.06370192307692307 0.04927884615384615
0 0.4182692307692308 0.43028846153846156 0.0733173076923077 0.0625
0 0.5180288461538461 0.46033653846153844 0.06850961538461539 0.0625
0 0.8064903846153846 0.5516826923076923 0.04567307692307692 0.04927884615384615
0 0.671875 0.59375 0.05889423076923077 0.054086538461538464
0 0.7548076923076923 0.7307692307692307 0.0625 0.056490384615384616
0 0.8197115384615384 0.6802884615384616 0.06129807692307692 0.06009615384615385
0 0.5336538461538461 0.6646634615384616 0.06850961538461539 0.04567307692307692
1 0.4651442307692308 0.234375 0.07211538461538461 0.054086538461538464
1 0.25 0.33533653846153844 0.0733173076923077 0.06490384615384616
1 0.33413461538461536 0.4807692307692308 0.07451923076923077 0.056490384615384616
1 0.2932692307692308 0.5528846153846154 0.08413461538461539 0.056490384615384616
1 0.37740384615384615 0.5552884615384616 0.078125 0.056490384615384616
1 0.43509615384615385 0.5829326923076923 0.052884615384615384 0.04567307692307692
1 0.6021634615384616 0.7620192307692307 0.06971153846153846 0.06490384615384616
1 0.6634615384615384 0.7175480769230769 0.0673076923076923 0.06009615384615385
1 0.6442307692307693 0.5036057692307693 0.07211538461538461 0.056490384615384616
1 0.3112980769230769 0.7932692307692307 0.0889423076923077 0.056490384615384616