1 0.4567307692307692 0.10817307692307693 0.09014423076923077 0.06610576923076923
1 0.3641826923076923 0.18269230769230768 0.0829326923076923 0.0673076923076923
1 0.44350961538461536 0.34975961538461536 0.09134615384615384 0.07091346153846154
1 0.7115384615384616 0.33533653846153844 0.08533653846153846 0.06009615384615385
1 0.7259615384615384 0.24759615384615385 0.06129807692307692 0.06610576923076923
1 0.7728365384615384 0.5228365384615384 0.0889423076923077 0.06009615384615385
1 0.31009615384615385 0.6790865384615384 0.07692307692307693 0.052884615384615384
1 0.45913461538461536 0.78125 0.078125 0.057692307692307696
1 0.6442307692307693 0.7427884615384616 0.07932692307692307 0.06490384615384616
1 0.6286057692307693 0.5528846153846154 0.0733173076923077 0.052884615384615384
0 0.25841346153846156 0.2644230769230769 0.08413461538461539 0.06370192307692307
0 0.4182692307692308 0.25961538461538464 0.09014423076923077 0.06490384615384616
0 0.3449519230769231 0.3762019230769231 0.0889423076923077 0.05889423076923077
0 0.5697115384615384 0.31490384615384615 0.06850961538461539 0.06129807692307692
0 0.6298076923076923 0.46634615384615385 0.078125 0.055288461538461536
0 0.7403846153846154 0.4651442307692308 0.07451923076923077 0.06490384615384616
0 0.5384615384615384 0.6274038461538461 0.07932692307692307 0.06971153846153846
0 0.3112980769230769 0.5745192307692307 0.07572115384615384 0.05889423076923077
0 0.4230769230769231 0.6310096153846154 0.08774038461538461 0.06009615384615385
0 0.5480769230769231 0.8161057692307693 0.078125 0.055288461538461536
2 0.5528846153846154 0.16947115384615385 0.06971153846153846 0.0673076923076923
2 0.6514423076923077 0.23557692307692307 0.078125 0.06971153846153846
2 0.23197115384615385 0.39783653846153844 0.07091346153846154 0.06490384615384616
2 0.2692307692307692 0.49399038461538464 0.09495192307692307 0.06490384615384616
2 0.40384615384615385 0.44471153846153844 0.0829326923076923 0.0625
2 0.5060096153846154 0.4951923076923077 0.08413461538461539 0.0673076923076923
2 0.6322115384615384 0.41586538461538464 0.07572115384615384 0.05889423076923077
2 0.5372596153846154 0.4230769230769231 0.07211538461538461 0.056490384615384616
2 0.6310096153846154 0.6694711538461539 0.07572115384615384 0.06490384615384616
2 0.7307692307692307 0.6610576923076923 0.07692307692307693 0.0625