0 0.7828125 0.18125 0.1890625 0.1375
0 0.84921875 0.334375 0.2015625 0.1578125
0 0.5921875 0.23046875 0.21875 0.153125
0 0.45390625 0.28359375 0.23125 0.1921875
0 0.3046875 0.3515625 0.228125 0.1515625
2 0.8421875 0.49453125 0.2 0.1578125
2 0.7078125 0.46484375 0.184375 0.16875
2 0.3078125 0.54765625 0.2015625 0.175
2 0.796875 0.74140625 0.19375 0.159375
2 0.4796875 0.86015625 0.2265625 0.1859375
1 0.64375 0.76484375 0.175 0.1484375
1 0.53125 0.62109375 0.209375 0.175
1 0.2296875 0.71875 0.2453125 0.1859375
1 0.46171875 0.5 0.20625 0.1578125
1 0.51640625 0.09609375 0.215625 0.1625