0 0.91953125 0.69453125 0.084375 0.08984375
0 0.7484375 0.43671875 0.06640625 0.07265625
0 0.63203125 0.35703125 0.08046875 0.07109375
0 0.5859375 0.39453125 0.065625 0.07578125
0 0.39453125 0.54453125 0.08984375 0.09609375
0 0.628125 0.5078125 0.0734375 0.07578125
0 0.36171875 0.3421875 0.0640625 0.06640625
0 0.11328125 0.41796875 0.0640625 0.05078125
1 0.34375 0.87265625 0.1125 0.1171875
1 0.7453125 0.5671875 0.07265625 0.0703125
1 0.6015625 0.63359375 0.06328125 0.07734375
1 0.403125 0.68046875 0.071875 0.10546875
1 0.1671875 0.4515625 0.0703125 0.0734375
1 0.39296875 0.43203125 0.0703125 0.0625
1 0.33984375 0.39921875 0.0578125 0.05859375
1 0.41953125 0.27734375 0.06796875 0.0578125
2 0.46875 0.37578125 0.0734375 0.0734375
2 0.490625 0.4765625 0.06875 0.0703125
2 0.471875 0.6015625 0.06875 0.08671875
2 0.09140625 0.82421875 0.13515625 0.1453125
2 0.07578125 0.6734375 0.11015625 0.0984375
2 0.1046875 0.52734375 0.115625 0.08359375
2 0.284375 0.31796875 0.07890625 0.0859375
2 0.740625 0.78984375 0.0921875 0.12109375