2 0.8016826923076923 0.2283653846153846 0.0985576923076923 0.08413461538461539
2 0.6826923076923077 0.22956730769230768 0.125 0.10096153846153846
2 0.8197115384615384 0.39783653846153844 0.10817307692307693 0.09615384615384616
2 0.7151442307692307 0.44711538461538464 0.11057692307692307 0.09134615384615384
2 0.7271634615384616 0.609375 0.10817307692307693 0.08173076923076923
2 0.421875 0.5072115384615384 0.0673076923076923 0.055288461538461536
2 0.27283653846153844 0.5985576923076923 0.09615384615384616 0.0673076923076923
0 0.29086538461538464 0.5252403846153846 0.0889423076923077 0.06490384615384616
2 0.33774038461538464 0.4675480769230769 0.07932692307692307 0.06490384615384616
2 0.2247596153846154 0.4807692307692308 0.08653846153846154 0.07692307692307693
2 0.17548076923076922 0.2980769230769231 0.09375 0.08173076923076923
1 0.8112980769230769 0.1310096153846154 0.11057692307692307 0.0889423076923077
1 0.6802884615384616 0.10817307692307693 0.1346153846153846 0.10336538461538461
1 0.6911057692307693 0.34134615384615385 0.1201923076923077 0.0985576923076923
1 0.8485576923076923 0.5925480769230769 0.09375 0.08413461538461539
1 0.8605769230769231 0.796875 0.10817307692307693 0.08413461538461539
1 0.7668269230769231 0.8365384615384616 0.09615384615384616 0.09615384615384616
1 0.7475961538461539 0.5420673076923077 0.09615384615384616 0.07932692307692307
1 0.38221153846153844 0.6346153846153846 0.07932692307692307 0.06490384615384616
1 0.171875 0.41466346153846156 0.0889423076923077 0.06971153846153846
1 0.3016826923076923 0.25240384615384615 0.08413461538461539 0.06009615384615385
0 0.7944711538461539 0.3137019230769231 0.10576923076923077 0.08413461538461539
0 0.828125 0.5060096153846154 0.10576923076923077 0.0985576923076923
0 0.6550480769230769 0.5288461538461539 0.10336538461538461 0.09615384615384616
0 0.8317307692307693 0.6838942307692307 0.09134615384615384 0.08413461538461539
0 0.7439903846153846 0.7259615384615384 0.12259615384615384 0.09375
0 0.4483173076923077 0.5901442307692307 0.06971153846153846 0.06009615384615385
0 0.48677884615384615 0.45913461538461536 0.07932692307692307 0.0625
0 0.30408653846153844 0.33653846153846156 0.08653846153846154 0.06971153846153846
0 0.2860576923076923 0.4014423076923077 0.09134615384615384 0.06971153846153846