0 0.5324519230769231 0.125 0.07091346153846154 0.06610576923076923
0 0.40625 0.20192307692307693 0.1045673076923077 0.06850961538461539
0 0.2776442307692308 0.28365384615384615 0.11057692307692307 0.06971153846153846
0 0.6442307692307693 0.31971153846153844 0.07572115384615384 0.057692307692307696
0 0.8798076923076923 0.2860576923076923 0.06370192307692307 0.052884615384615384
2 0.8665865384615384 0.4362980769230769 0.06490384615384616 0.051682692307692304
0 0.8485576923076923 0.3870192307692308 0.0673076923076923 0.05048076923076923
0 0.8088942307692307 0.47475961538461536 0.0673076923076923 0.04567307692307692
0 0.49278846153846156 0.49158653846153844 0.08774038461538461 0.0625
0 0.4651442307692308 0.6021634615384616 0.08533653846153846 0.06129807692307692
0 0.625 0.5889423076923077 0.06971153846153846 0.06009615384615385
2 0.4266826923076923 0.12259615384615384 0.08052884615384616 0.078125
2 0.6778846153846154 0.11899038461538461 0.07091346153846154 0.06610576923076923
2 0.5733173076923077 0.24278846153846154 0.07692307692307693 0.06009615384615385
2 0.6899038461538461 0.2536057692307692 0.0625 0.06129807692307692
2 0.7512019230769231 0.3918269230769231 0.05889423076923077 0.0625
2 0.39903846153846156 0.4110576923076923 0.09254807692307693 0.06850961538461539
2 0.8161057692307693 0.5456730769230769 0.07211538461538461 0.06009615384615385
2 0.6899038461538461 0.6165865384615384 0.06009615384615385 0.051682692307692304
2 0.7680288461538461 0.6730769230769231 0.055288461538461536 0.05889423076923077
1 0.49278846153846156 0.2548076923076923 0.07692307692307693 0.0625
1 0.7572115384615384 0.10336538461538461 0.06490384615384616 0.05889423076923077
1 0.3233173076923077 0.3485576923076923 0.09735576923076923 0.0625
1 0.359375 0.5072115384615384 0.07932692307692307 0.0625
1 0.640625 0.47596153846153844 0.07572115384615384 0.06370192307692307
1 0.5588942307692307 0.39903846153846156 0.0673076923076923 0.0673076923076923
1 0.7728365384615384 0.31009615384615385 0.06610576923076923 0.06490384615384616
1 0.6766826923076923 0.7127403846153846 0.07932692307692307 0.054086538461538464
1 0.5252403846153846 0.7307692307692307 0.07211538461538461 0.06370192307692307
1 0.8137019230769231 0.6430288461538461 0.06129807692307692 0.057692307692307696