0 0.15264423076923078 0.24278846153846154 0.08413461538461539 0.0673076923076923
0 0.5204326923076923 0.26322115384615385 0.09375 0.0673076923076923
0 0.6875 0.17427884615384615 0.07451923076923077 0.07451923076923077
0 0.7980769230769231 0.19831730769230768 0.10817307692307693 0.0889423076923077
0 0.890625 0.32211538461538464 0.0889423076923077 0.07451923076923077
0 0.7043269230769231 0.390625 0.09134615384615384 0.07692307692307693
0 0.7391826923076923 0.6189903846153846 0.09615384615384616 0.07932692307692307
0 0.2800480769230769 0.5180288461538461 0.10576923076923077 0.07692307692307693
0 0.21875 0.38341346153846156 0.07692307692307693 0.0673076923076923
0 0.3894230769230769 0.421875 0.08653846153846154 0.06971153846153846
1 0.38822115384615385 0.14302884615384615 0.09134615384615384 0.0625
1 0.3233173076923077 0.2283653846153846 0.09375 0.06971153846153846
1 0.8786057692307693 0.4375 0.10336538461538461 0.06971153846153846
1 0.1814903846153846 0.46153846153846156 0.09375 0.07451923076923077
1 0.3137019230769231 0.6117788461538461 0.08653846153846154 0.08413461538461539
1 0.4074519230769231 0.6057692307692307 0.08653846153846154 0.06971153846153846
1 0.4699519230769231 0.37740384615384615 0.08653846153846154 0.07451923076923077
1 0.5793269230769231 0.4411057692307692 0.07932692307692307 0.07211538461538461
1 0.6838942307692307 0.5036057692307693 0.0889423076923077 0.0625
1 0.21995192307692307 0.16826923076923078 0.07932692307692307 0.07692307692307693
2 0.5420673076923077 0.1814903846153846 0.0985576923076923 0.06971153846153846
2 0.5973557692307693 0.09014423076923077 0.0889423076923077 0.07692307692307693
2 0.7463942307692307 0.28365384615384615 0.0889423076923077 0.06490384615384616
2 0.5637019230769231 0.33413461538461536 0.08413461538461539 0.0625
2 0.46274038461538464 0.4699519230769231 0.08413461538461539 0.06971153846153846
2 0.5841346153846154 0.5745192307692307 0.09134615384615384 0.0673076923076923
2 0.5817307692307693 0.6862980769230769 0.09615384615384616 0.07932692307692307
2 0.20793269230769232 0.6346153846153846 0.08173076923076923 0.07692307692307693
2 0.3016826923076923 0.4543269230769231 0.09134615384615384 0.06009615384615385
2 0.296875 0.33533653846153844 0.08413461538461539 0.07451923076923077