1 0.840625 0.4625 0.096875 0.109375
1 0.840625 0.70703125 0.1 0.10625
1 0.62890625 0.47265625 0.0984375 0.09375
1 0.6046875 0.3890625 0.0875 0.0875
1 0.57890625 0.209375 0.078125 0.0796875
1 0.23125 0.41171875 0.0953125 0.10625
1 0.28046875 0.70390625 0.13125 0.146875
0 0.52265625 0.75703125 0.10625 0.1234375
0 0.553125 0.52890625 0.0875 0.090625
0 0.4546875 0.2734375 0.0734375 0.0703125
0 0.39375 0.38828125 0.0953125 0.09375
0 0.33203125 0.43828125 0.109375 0.109375
0 0.2015625 0.303125 0.090625 0.0875
0 0.15625 0.3625 0.1 0.096875
0 0.3046875 0.2171875 0.078125 0.071875
2 0.35234375 0.28203125 0.0953125 0.096875
2 0.20703125 0.58828125 0.125 0.1203125
2 0.4 0.5890625 0.1234375 0.134375
2 0.60078125 0.64765625 0.1203125 0.13125
2 0.67109375 0.33984375 0.08125 0.075
2 0.48828125 0.3515625 0.0890625 0.090625
2 0.4671875 0.17890625 0.0875 0.0734375
2 0.578125 0.3046875 0.0734375 0.0671875
1 0.4375 0.4921875 0.1359375 0.1109375