0 0.03125 0.15504807692307693 0.0625 0.12259615384615384
0 0.04326923076923077 0.5997596153846154 0.07932692307692307 0.10336538461538461
0 0.0889423076923077 0.7319711538461539 0.12740384615384615 0.1201923076923077
0 0.1141826923076923 0.8377403846153846 0.13701923076923078 0.11778846153846154
0 0.7620192307692307 0.5384615384615384 0.11538461538461539 0.09375
0 0.6634615384615384 0.5745192307692307 0.09134615384615384 0.07692307692307693
1 0.5925480769230769 0.5588942307692307 0.08413461538461539 0.07211538461538461
0 0.5216346153846154 0.5456730769230769 0.10096153846153846 0.08413461538461539
0 0.47716346153846156 0.6057692307692307 0.0985576923076923 0.08173076923076923
0 0.6262019230769231 0.34615384615384615 0.11298076923076923 0.10336538461538461
0 0.65625 0.7043269230769231 0.0985576923076923 0.07932692307692307
2 0.7211538461538461 0.2800480769230769 0.10576923076923077 0.09615384615384616
2 0.7560096153846154 0.38221153846153844 0.11778846153846154 0.09615384615384616
2 0.7067307692307693 0.44591346153846156 0.11298076923076923 0.09375
2 0.6706730769230769 0.5132211538461539 0.08173076923076923 0.06971153846153846
1 0.8233173076923077 0.7019230769230769 0.08173076923076923 0.07692307692307693
2 0.7608173076923077 0.7091346153846154 0.07932692307692307 0.07692307692307693
2 0.7536057692307693 0.6442307692307693 0.10576923076923077 0.08653846153846154
2 0.7319711538461539 0.8533653846153846 0.125 0.10336538461538461
2 0.5805288461538461 0.6538461538461539 0.10576923076923077 0.07692307692307693
2 0.1201923076923077 0.44711538461538464 0.1466346153846154 0.12980769230769232
2 0.2692307692307692 0.9230769230769231 0.16105769230769232 0.13701923076923078
1 0.5252403846153846 0.35096153846153844 0.10096153846153846 0.09615384615384616
1 0.25240384615384615 0.7716346153846154 0.14903846153846154 0.125
1 0.140625 0.9819711538461539 0.12740384615384615 0.036057692307692304
1 0.2439903846153846 0.6286057692307693 0.14903846153846154 0.12259615384615384
1 0.14543269230769232 0.5564903846153846 0.15865384615384615 0.13221153846153846
1 0.025240384615384616 0.4014423076923077 0.05048076923076923 0.10576923076923077
1 0.125 0.31971153846153844 0.16105769230769232 0.13942307692307693
1 0.140625 0.18509615384615385 0.14903846153846154 0.12980769230769232