0 0.95234375 0.64140625 0.0953125 0.1078125
0 0.58359375 0.6671875 0.1140625 0.09375
0 0.67890625 0.5171875 0.0921875 0.1015625
0 0.41484375 0.36328125 0.078125 0.071875
0 0.390625 0.3125 0.075 0.0578125
0 0.23125 0.33828125 0.075 0.071875
0 0.1078125 0.57265625 0.1015625 0.0953125
0 0.5734375 0.3515625 0.071875 0.0609375
2 0.73515625 0.40859375 0.0984375 0.0890625
2 0.5546875 0.48203125 0.0921875 0.0796875
2 0.49765625 0.40546875 0.084375 0.071875
2 0.40546875 0.45390625 0.0859375 0.0734375
2 0.5203125 0.784375 0.14375 0.15
2 0.38203125 0.77265625 0.1171875 0.1203125
2 0.23828125 0.6859375 0.103125 0.1125
2 0.83359375 0.5640625 0.096875 0.0953125
1 0.7109375 0.8140625 0.134375 0.1390625
1 0.81484375 0.74609375 0.0984375 0.1203125
1 0.74296875 0.6359375 0.1046875 0.1171875
1 0.4484375 0.54296875 0.0890625 0.0859375
1 0.296875 0.528125 0.1 0.0828125
1 0.33046875 0.41328125 0.071875 0.06875
1 0.29375 0.30546875 0.06875 0.065625
1 0.6390625 0.41796875 0.0796875 0.06875