0 0.74140625 0.25546875 0.0984375 0.0953125
0 0.81953125 0.5796875 0.1375 0.1640625
0 0.4828125 0.21328125 0.1015625 0.1140625
0 0.38046875 0.18046875 0.08515625 0.10390625
2 0.31640625 0.31484375 0.10390625 0.10546875
2 0.48984375 0.390625 0.10546875 0.1296875
2 0.21796875 0.56328125 0.1359375 0.17734375
2 0.62734375 0.18046875 0.09609375 0.090625
1 0.640625 0.49296875 0.1203125 0.1265625
1 0.15546875 0.32265625 0.1015625 0.11015625
1 0.51953125 0.103125 0.0796875 0.09921875
1 0.38046875 0.584375 0.1203125 0.1546875