1 0.6 0.21484375 0.0703125 0.07109375
1 0.46953125 0.259375 0.0609375 0.0515625
1 0.48984375 0.61640625 0.09609375 0.0984375
1 0.51015625 0.77265625 0.1046875 0.11875
1 0.38671875 0.7 0.0984375 0.1328125
1 0.61171875 0.42421875 0.07890625 0.0796875
1 0.4828125 0.4375 0.09140625 0.0875
1 0.66171875 0.33828125 0.0859375 0.078125
2 0.77421875 0.384375 0.07734375 0.0796875
2 0.73515625 0.45625 0.10546875 0.0765625
2 0.496875 0.346875 0.08671875 0.06796875
2 0.40234375 0.50625 0.07578125 0.10703125
2 0.41484375 0.296875 0.05859375 0.07578125
2 0.3234375 0.29609375 0.08359375 0.07734375
2 0.24453125 0.46640625 0.096875 0.08671875
2 0.16015625 0.70546875 0.12421875 0.13515625
0 0.24453125 0.596875 0.109375 0.1
0 0.25 0.3796875 0.08359375 0.07734375
0 0.15703125 0.31328125 0.09375 0.06796875
0 0.24140625 0.215625 0.07890625 0.059375
0 0.625 0.73203125 0.08828125 0.12734375
0 0.7453125 0.659375 0.11484375 0.1296875
0 0.8859375 0.5609375 0.0875 0.07578125
0 0.634375 0.55078125 0.09375 0.10625