0 0.50234375 0.47734375 0.0765625 0.096875
0 0.60546875 0.30703125 0.109375 0.109375
0 0.64921875 0.23125 0.084375 0.1078125
0 0.28125 0.221875 0.0921875 0.1078125
0 0.26484375 0.35859375 0.1015625 0.1125
0 0.4515625 0.58046875 0.1125 0.13125
0 0.51171875 0.72421875 0.1203125 0.14375
0 0.309375 0.665625 0.1015625 0.1390625
1 0.73359375 0.64140625 0.1 0.121875
1 0.66640625 0.690625 0.1 0.1234375
1 0.6109375 0.58515625 0.1 0.1140625
1 0.2234375 0.675 0.1 0.1234375
1 0.3359375 0.47578125 0.1 0.1265625
1 0.68984375 0.1296875 0.0875 0.109375
1 0.7953125 0.19765625 0.0890625 0.1015625
1 0.50390625 0.90234375 0.1125 0.14375
2 0.8359375 0.4265625 0.1015625 0.121875
2 0.6109375 0.47734375 0.0921875 0.1234375
2 0.4109375 0.79296875 0.1125 0.11875
2 0.4609375 0.36953125 0.0984375 0.1171875
2 0.50546875 0.240625 0.115625 0.1265625
2 0.365625 0.3421875 0.0953125 0.115625
2 0.37109375 0.16015625 0.096875 0.1265625
2 0.1484375 0.5234375 0.1171875 0.1421875