1 0.6890625 0.3328125 0.084375 0.0703125
1 0.48671875 0.46171875 0.084375 0.0796875
1 0.33203125 0.3421875 0.090625 0.078125
1 0.25078125 0.28046875 0.0765625 0.0609375
1 0.165625 0.4484375 0.096875 0.0890625
1 0.078125 0.415625 0.0953125 0.0859375
1 0.78046875 0.728125 0.1171875 0.1453125
1 0.49921875 0.7625 0.1484375 0.159375
2 0.40859375 0.54140625 0.096875 0.1109375
2 0.31484375 0.58359375 0.10625 0.1125
2 0.2203125 0.346875 0.1015625 0.0921875
2 0.7390625 0.55390625 0.125 0.1296875
2 0.55625 0.5640625 0.10625 0.1140625
2 0.6 0.4203125 0.1078125 0.1109375
2 0.77890625 0.365625 0.09375 0.0953125
2 0.9453125 0.6734375 0.109375 0.13125
0 0.8890625 0.52578125 0.115625 0.1234375
0 0.4765625 0.3 0.103125 0.0953125
0 0.43671875 0.38203125 0.090625 0.096875
0 0.303125 0.48203125 0.109375 0.0859375
0 0.21875 0.640625 0.115625 0.128125
0 0.3109375 0.8296875 0.1234375 0.1421875
0 0.6578125 0.70234375 0.1296875 0.125
0 0.07578125 0.55703125 0.1234375 0.1203125