1 0.603125 0.659375 0.140625 0.1203125
1 0.18828125 0.46796875 0.1796875 0.13125
1 0.33203125 0.84375 0.16875 0.1421875
1 0.6671875 0.32578125 0.1921875 0.16875
1 0.696875 0.19453125 0.165625 0.140625
2 0.8203125 0.35078125 0.1640625 0.1265625
2 0.784375 0.47109375 0.184375 0.146875
2 0.51015625 0.53828125 0.1703125 0.1328125
2 0.42109375 0.40859375 0.1734375 0.13125
2 0.66953125 0.7859375 0.16875 0.1421875
0 0.61875 0.9015625 0.1875 0.1546875
0 0.453125 0.74765625 0.2078125 0.1734375
0 0.52109375 0.2359375 0.190625 0.1578125
0 0.33984375 0.25078125 0.1921875 0.159375
0 0.68359375 0.55546875 0.1734375 0.115625