2 0.3828125 0.7796875 0.1375 0.15625
2 0.265625 0.65390625 0.103125 0.1125
2 0.053125 0.7140625 0.10625 0.1625
2 0.3515625 0.53046875 0.0921875 0.1078125
2 0.4796875 0.48359375 0.0953125 0.0921875
2 0.57734375 0.7203125 0.1140625 0.125
2 0.50234375 0.7015625 0.1046875 0.121875
2 0.48046875 0.334375 0.071875 0.0625
1 0.190625 0.475 0.1046875 0.1015625
1 0.2171875 0.56640625 0.0953125 0.1046875
1 0.7515625 0.7703125 0.1109375 0.1203125
1 0.684375 0.678125 0.103125 0.09375
1 0.57578125 0.628125 0.096875 0.0859375
1 0.4203125 0.4609375 0.06875 0.06875
1 0.42421875 0.41015625 0.071875 0.0609375
1 0.46796875 0.2796875 0.084375 0.075
0 0.8484375 0.73984375 0.1234375 0.125
0 0.66484375 0.53359375 0.084375 0.08125
0 0.64375 0.60078125 0.084375 0.0859375
0 0.61796875 0.83828125 0.1203125 0.1359375
0 0.1453125 0.72265625 0.1203125 0.125
0 0.44140625 0.56484375 0.1109375 0.1078125
0 0.5125 0.42734375 0.078125 0.075
0 0.4515625 0.375 0.0859375 0.0703125