2 0.8449519230769231 0.3605769230769231 0.0985576923076923 0.07692307692307693
2 0.34375 0.27283653846153844 0.10336538461538461 0.07451923076923077
2 0.18870192307692307 0.24158653846153846 0.10336538461538461 0.08653846153846154
2 0.14423076923076922 0.3161057692307692 0.10576923076923077 0.07932692307692307
2 0.18990384615384615 0.45072115384615385 0.11298076923076923 0.08413461538461539
2 0.5024038461538461 0.4795673076923077 0.09615384615384616 0.06009615384615385
2 0.47115384615384615 0.5829326923076923 0.0889423076923077 0.07451923076923077
2 0.36177884615384615 0.6935096153846154 0.09134615384615384 0.06971153846153846
2 0.6586538461538461 0.5985576923076923 0.10336538461538461 0.07451923076923077
2 0.8978365384615384 0.4411057692307692 0.11057692307692307 0.08173076923076923
1 0.7620192307692307 0.23798076923076922 0.10336538461538461 0.07451923076923077
1 0.5757211538461539 0.17548076923076922 0.10576923076923077 0.07932692307692307
1 0.49278846153846156 0.22235576923076922 0.0985576923076923 0.08173076923076923
1 0.5769230769230769 0.32572115384615385 0.09134615384615384 0.06971153846153846
1 0.46875 0.3293269230769231 0.0889423076923077 0.08173076923076923
1 0.28125 0.3762019230769231 0.0985576923076923 0.08173076923076923
1 0.6622596153846154 0.4735576923076923 0.09134615384615384 0.08413461538461539
1 0.21875 0.5673076923076923 0.0889423076923077 0.06971153846153846
1 0.5528846153846154 0.7271634615384616 0.11538461538461539 0.08173076923076923
1 0.5588942307692307 0.6454326923076923 0.11057692307692307 0.08413461538461539
0 0.3401442307692308 0.1814903846153846 0.10576923076923077 0.08653846153846154
0 0.4387019230769231 0.4254807692307692 0.10817307692307693 0.08413461538461539
0 0.7716346153846154 0.5036057692307693 0.10817307692307693 0.07932692307692307
0 0.8161057692307693 0.5540865384615384 0.10096153846153846 0.07692307692307693
0 0.36538461538461536 0.5240384615384616 0.11298076923076923 0.07692307692307693
0 0.3605769230769231 0.6129807692307693 0.10096153846153846 0.07451923076923077
0 0.20432692307692307 0.6742788461538461 0.09615384615384616 0.07932692307692307
0 0.1466346153846154 0.7680288461538461 0.09615384615384616 0.07692307692307693
0 0.15144230769230768 0.5324519230769231 0.07692307692307693 0.07692307692307693
0 0.7091346153846154 0.6682692307692307 0.09134615384615384 0.07451923076923077