1 0.709375 0.74765625 0.07734375 0.09296875
1 0.60703125 0.52890625 0.059375 0.07421875
1 0.51484375 0.5359375 0.07890625 0.08046875
1 0.5015625 0.45078125 0.06640625 0.071875
1 0.37890625 0.346875 0.06875 0.0578125
1 0.4796875 0.28125 0.06328125 0.0609375
1 0.17265625 0.33359375 0.06953125 0.0515625
1 0.321875 0.16640625 0.0484375 0.04765625
2 0.26484375 0.19296875 0.05625 0.05546875
2 0.30546875 0.28984375 0.0546875 0.0625
2 0.2140625 0.6 0.090625 0.07421875
2 0.35 0.4421875 0.07265625 0.06953125
2 0.603125 0.37890625 0.07265625 0.0640625
2 0.50703125 0.80703125 0.08359375 0.13984375
2 0.65390625 0.840625 0.09921875 0.0890625
2 0.640625 0.696875 0.06875 0.08125
0 0.61015625 0.765625 0.08359375 0.07421875
0 0.70625 0.64921875 0.08125 0.0953125
0 0.42734375 0.6390625 0.09609375 0.10546875
0 0.3640625 0.77734375 0.08828125 0.1203125
0 0.35546875 0.51875 0.078125 0.08125
0 0.23359375 0.52890625 0.08359375 0.08125
0 0.22421875 0.4203125 0.0828125 0.09609375
0 0.59609375 0.45703125 0.08125 0.0625