1 0.07734375 0.48515625 0.0875 0.1015625
1 0.38984375 0.3234375 0.078125 0.0703125
1 0.7296875 0.546875 0.115625 0.1265625
1 0.84296875 0.52109375 0.1015625 0.1171875
1 0.4234375 0.79609375 0.125 0.1546875
1 0.3609375 0.46015625 0.0984375 0.103125
1 0.74609375 0.721875 0.115625 0.1296875
1 0.53671875 0.44453125 0.0921875 0.0984375
2 0.60078125 0.5578125 0.121875 0.10625
2 0.371875 0.5875 0.1078125 0.09375
2 0.4796875 0.67734375 0.1125 0.1203125
2 0.26953125 0.51796875 0.1171875 0.1109375
2 0.4265625 0.3921875 0.08125 0.0859375
2 0.6125 0.3125 0.0890625 0.0921875
2 0.91328125 0.71328125 0.1375 0.1640625
2 0.6609375 0.3875 0.0828125 0.0703125
0 0.6796875 0.45234375 0.096875 0.06875
0 0.615625 0.746875 0.1125 0.125
0 0.4890625 0.53984375 0.0890625 0.09375
0 0.2953125 0.36171875 0.0796875 0.08125
0 0.2671875 0.6765625 0.103125 0.1140625
0 0.1953125 0.63984375 0.0859375 0.1078125
0 0.19453125 0.4546875 0.084375 0.065625
0 0.16171875 0.39609375 0.071875 0.0671875