1 0.15144230769230768 0.11177884615384616 0.1201923076923077 0.10096153846153846
1 0.29927884615384615 0.28846153846153844 0.1346153846153846 0.11538461538461539
1 0.6201923076923077 0.18990384615384615 0.12259615384615384 0.0985576923076923
1 0.609375 0.08052884615384616 0.09375 0.0985576923076923
1 0.75 0.40024038461538464 0.12740384615384615 0.10096153846153846
1 0.23557692307692307 0.7295673076923077 0.10817307692307693 0.08653846153846154
1 0.4483173076923077 0.8076923076923077 0.11298076923076923 0.09375
1 0.6610576923076923 0.7067307692307693 0.11538461538461539 0.10336538461538461
1 0.5841346153846154 0.4807692307692308 0.10576923076923077 0.08653846153846154
0 0.054086538461538464 0.24158653846153846 0.10817307692307693 0.10336538461538461
0 0.2403846153846154 0.1875 0.12980769230769232 0.10576923076923077
0 0.18629807692307693 0.35096153846153844 0.12740384615384615 0.0985576923076923
0 0.4411057692307692 0.2091346153846154 0.10096153846153846 0.09615384615384616
0 0.5588942307692307 0.375 0.11298076923076923 0.09134615384615384
0 0.6947115384615384 0.3401442307692308 0.11057692307692307 0.10096153846153846
0 0.49759615384615385 0.5973557692307693 0.11778846153846154 0.10817307692307693
0 0.20552884615384615 0.6033653846153846 0.11057692307692307 0.09615384615384616
0 0.3581730769230769 0.6382211538461539 0.125 0.0985576923076923
0 0.5673076923076923 0.8233173076923077 0.11057692307692307 0.09134615384615384
2 0.3786057692307692 0.04807692307692308 0.0985576923076923 0.08173076923076923
2 0.5168269230769231 0.0889423076923077 0.11538461538461539 0.10817307692307693
2 0.055288461538461536 0.4110576923076923 0.10576923076923077 0.0985576923076923
2 0.12980769230769232 0.5168269230769231 0.1346153846153846 0.10817307692307693
2 0.2800480769230769 0.4170673076923077 0.1201923076923077 0.10096153846153846
2 0.4170673076923077 0.44591346153846156 0.12259615384615384 0.10817307692307693
2 0.546875 0.3125 0.11057692307692307 0.09615384615384616
2 0.4338942307692308 0.35096153846153844 0.10576923076923077 0.09134615384615384
2 0.6225961538461539 0.6201923076923077 0.11057692307692307 0.10096153846153846
2 0.7415865384615384 0.5793269230769231 0.11298076923076923 0.0985576923076923