2 0.7796875 0.21171875 0.1734375 0.146875
2 0.678125 0.34375 0.14375 0.121875
2 0.903125 0.503125 0.1484375 0.1203125
2 0.5046875 0.54453125 0.125 0.103125
2 0.39609375 0.428125 0.159375 0.1453125
2 0.1375 0.471875 0.1609375 0.14375
2 0.52890625 0.321875 0.146875 0.109375
1 0.559375 0.1421875 0.1734375 0.14375
1 0.56328125 0.23671875 0.13125 0.0953125
1 0.309375 0.56640625 0.1421875 0.1234375
1 0.55234375 0.390625 0.128125 0.0921875
1 0.75546875 0.753125 0.11875 0.1109375
1 0.4375 0.74921875 0.134375 0.1140625
0 0.259375 0.45625 0.140625 0.1265625
0 0.59609375 0.47109375 0.140625 0.1234375
0 0.77421875 0.43125 0.140625 0.1203125
0 0.77734375 0.5765625 0.16875 0.128125
0 0.6265625 0.603125 0.1625 0.128125
0 0.653125 0.78125 0.13125 0.121875
0 0.5609375 0.79921875 0.15 0.134375
1 0.909375 0.396875 0.1484375 0.121875