0 0.46153846153846156 0.23677884615384615 0.0985576923076923 0.07451923076923077
0 0.47716346153846156 0.18028846153846154 0.09375 0.07451923076923077
2 0.27163461538461536 0.3112980769230769 0.09615384615384616 0.0889423076923077
0 0.20793269230769232 0.26322115384615385 0.09134615384615384 0.07692307692307693
0 0.35336538461538464 0.3173076923076923 0.09615384615384616 0.07211538461538461
0 0.5144230769230769 0.30528846153846156 0.09375 0.08173076923076923
0 0.6574519230769231 0.4795673076923077 0.09375 0.07932692307692307
0 0.25841346153846156 0.5528846153846154 0.09375 0.07932692307692307
0 0.5757211538461539 0.6045673076923077 0.0985576923076923 0.08413461538461539
0 0.17908653846153846 0.640625 0.09134615384615384 0.07932692307692307
1 0.3125 0.7487980769230769 0.08653846153846154 0.08173076923076923
0 0.24879807692307693 0.6923076923076923 0.07932692307692307 0.07211538461538461
1 0.6538461538461539 0.18629807692307693 0.10096153846153846 0.07692307692307693
1 0.5276442307692307 0.41225961538461536 0.09134615384615384 0.07692307692307693
1 0.5048076923076923 0.5120192307692307 0.10096153846153846 0.08653846153846154
1 0.7367788461538461 0.5480769230769231 0.10576923076923077 0.09375
1 0.6754807692307693 0.7379807692307693 0.10817307692307693 0.0985576923076923
1 0.4206730769230769 0.8653846153846154 0.08413461538461539 0.0673076923076923
1 0.6358173076923077 0.8449519230769231 0.10096153846153846 0.07932692307692307
1 0.5144230769230769 0.7680288461538461 0.11298076923076923 0.0889423076923077
1 0.4206730769230769 0.5961538461538461 0.09134615384615384 0.07451923076923077
2 0.6754807692307693 0.2980769230769231 0.0985576923076923 0.0889423076923077
2 0.6983173076923077 0.38221153846153844 0.11778846153846154 0.08173076923076923
2 0.7752403846153846 0.4411057692307692 0.09615384615384616 0.07932692307692307
2 0.3786057692307692 0.39783653846153844 0.12980769230769232 0.09134615384615384
2 0.34134615384615385 0.26322115384615385 0.08173076923076923 0.06971153846153846
2 0.19951923076923078 0.5024038461538461 0.09134615384615384 0.07692307692307693
2 0.3701923076923077 0.48677884615384615 0.10336538461538461 0.0889423076923077
2 0.3401442307692308 0.640625 0.10336538461538461 0.09134615384615384
2 0.4495192307692308 0.6826923076923077 0.08653846153846154 0.08173076923076923