1 0.91015625 0.47890625 0.0703125 0.0609375
1 0.75234375 0.43046875 0.0578125 0.05
1 0.61015625 0.41640625 0.05625 0.0578125
1 0.6203125 0.36171875 0.0578125 0.053125
1 0.40546875 0.3171875 0.053125 0.05
1 0.28125 0.3484375 0.0625 0.0625
1 0.2375 0.27265625 0.05625 0.053125
1 0.1953125 0.27109375 0.046875 0.046875
2 0.14140625 0.29453125 0.05625 0.05
2 0.35546875 0.3390625 0.0609375 0.0546875
2 0.3359375 0.29296875 0.0640625 0.059375
2 0.48515625 0.38984375 0.059375 0.059375
2 0.54296875 0.39453125 0.0625 0.0640625
2 0.45078125 0.35703125 0.0453125 0.046875
2 0.49765625 0.3328125 0.053125 0.0546875
2 0.75234375 0.39453125 0.0515625 0.04375
0 0.20859375 0.3234375 0.05 0.046875
0 0.2859375 0.26796875 0.0546875 0.0484375
0 0.4015625 0.378125 0.059375 0.059375
0 0.5546875 0.3515625 0.05625 0.0515625
0 0.6515625 0.440625 0.0546875 0.053125
0 0.70078125 0.4203125 0.05 0.046875
0 0.70078125 0.3796875 0.05 0.046875
0 0.85546875 0.49375 0.065625 0.0546875