2 0.88671875 0.72109375 0.090625 0.10625
2 0.5953125 0.5453125 0.0953125 0.1015625
2 0.5671875 0.43046875 0.075 0.0703125
2 0.3921875 0.3171875 0.0875 0.0625
2 0.36953125 0.43984375 0.0578125 0.075
2 0.19375 0.54140625 0.1015625 0.0828125
2 0.26015625 0.68203125 0.096875 0.1125
2 0.49453125 0.56953125 0.084375 0.08125
0 0.7828125 0.58828125 0.0640625 0.08125
0 0.8453125 0.49296875 0.08125 0.084375
0 0.7421875 0.3984375 0.06875 0.0640625
0 0.640625 0.39296875 0.0765625 0.08125
0 0.51640625 0.38046875 0.065625 0.0703125
0 0.434375 0.46328125 0.065625 0.075
0 0.32734375 0.57109375 0.084375 0.084375
0 0.1296875 0.44609375 0.075 0.0609375
1 0.4484375 0.7375 0.103125 0.096875
1 0.10703125 0.7765625 0.121875 0.1125
1 0.30625 0.39453125 0.0703125 0.071875
1 0.20859375 0.41484375 0.0828125 0.078125
1 0.52109375 0.2875 0.071875 0.075
1 0.88984375 0.58046875 0.0875 0.084375
1 0.70390625 0.55234375 0.0765625 0.090625
1 0.6546875 0.83203125 0.09375 0.128125