2 0.3629807692307692 0.8834134615384616 0.09375 0.10336538461538461
0 0.2800480769230769 0.8209134615384616 0.06971153846153846 0.09375
0 0.18629807692307693 0.734375 0.07692307692307693 0.08173076923076923
1 0.1935096153846154 0.6225961538461539 0.06971153846153846 0.09134615384615384
1 0.25 0.43028846153846156 0.05048076923076923 0.0673076923076923
1 0.5012019230769231 0.7572115384615384 0.08413461538461539 0.08653846153846154
1 0.5492788461538461 0.8629807692307693 0.08413461538461539 0.09615384615384616
1 0.4735576923076923 0.10576923076923077 0.07932692307692307 0.07451923076923077
1 0.5024038461538461 0.18389423076923078 0.08173076923076923 0.08173076923076923
1 0.45072115384615385 0.23798076923076922 0.09134615384615384 0.09375
1 0.6033653846153846 0.3629807692307692 0.08173076923076923 0.09375
1 0.703125 0.40625 0.09134615384615384 0.09134615384615384
1 0.3605769230769231 0.5637019230769231 0.06009615384615385 0.06490384615384616
2 0.3858173076923077 0.08413461538461539 0.07211538461538461 0.06971153846153846
2 0.5360576923076923 0.2860576923076923 0.09134615384615384 0.08653846153846154
2 0.5769230769230769 0.22115384615384615 0.06971153846153846 0.0673076923076923
2 0.421875 0.5865384615384616 0.06009615384615385 0.07932692307692307
2 0.2644230769230769 0.6646634615384616 0.0673076923076923 0.07692307692307693
2 0.23798076923076922 0.5048076923076923 0.057692307692307696 0.06490384615384616
2 0.3425480769230769 0.7536057692307693 0.07211538461538461 0.09134615384615384
2 0.40625 0.7259615384615384 0.052884615384615384 0.06490384615384616
2 0.6069711538461539 0.7872596153846154 0.0673076923076923 0.06971153846153846
0 0.32091346153846156 0.04326923076923077 0.0625 0.057692307692307696
0 0.39783653846153844 0.15384615384615385 0.07211538461538461 0.06971153846153846
0 0.6213942307692307 0.2800480769230769 0.07692307692307693 0.07932692307692307
0 0.6502403846153846 0.49278846153846156 0.10576923076923077 0.11298076923076923
0 0.3076923076923077 0.4651442307692308 0.0625 0.07451923076923077
0 0.2848557692307692 0.59375 0.06971153846153846 0.07211538461538461
0 0.5012019230769231 0.6454326923076923 0.06490384615384616 0.06490384615384616
0 0.5877403846153846 0.71875 0.0673076923076923 0.07211538461538461