0 0.7140625 0.17109375 0.0328125 0.0296875
0 0.66875 0.17421875 0.0375 0.034375
0 0.609375 0.27578125 0.046875 0.0375
0 0.54921875 0.25703125 0.0453125 0.04375
0 0.50625 0.35703125 0.0578125 0.04375
0 0.39609375 0.46796875 0.0671875 0.0640625
0 0.228125 0.4765625 0.0640625 0.0703125
0 0.1921875 0.6453125 0.078125 0.075
1 0.13359375 0.5796875 0.0796875 0.071875
1 0.24453125 0.5765625 0.065625 0.065625
1 0.29140625 0.42421875 0.0625 0.0640625
1 0.3640625 0.39765625 0.0609375 0.0609375
1 0.48359375 0.31953125 0.0421875 0.040625
1 0.653125 0.22265625 0.040625 0.040625
1 0.68828125 0.1453125 0.0296875 0.03125
1 0.6515625 0.14140625 0.0359375 0.0328125
2 0.6203125 0.19375 0.0421875 0.0328125
2 0.59296875 0.23515625 0.040625 0.0484375
2 0.571875 0.19296875 0.0359375 0.0328125
2 0.53359375 0.31484375 0.05625 0.0484375
2 0.46171875 0.2765625 0.05 0.0421875
2 0.41171875 0.3359375 0.05625 0.0546875
2 0.44765625 0.40703125 0.0640625 0.0515625
2 0.3171875 0.503125 0.065625 0.06875