2 0.4891826923076923 0.16826923076923078 0.0889423076923077 0.06971153846153846
2 0.6598557692307693 0.18870192307692307 0.08173076923076923 0.057692307692307696
2 0.3329326923076923 0.25240384615384615 0.08413461538461539 0.06009615384615385
2 0.22716346153846154 0.49158653846153844 0.0985576923076923 0.07932692307692307
2 0.5456730769230769 0.39663461538461536 0.08653846153846154 0.0673076923076923
2 0.46033653846153844 0.4723557692307692 0.07932692307692307 0.057692307692307696
2 0.6237980769230769 0.5 0.07692307692307693 0.05048076923076923
2 0.8112980769230769 0.375 0.08653846153846154 0.057692307692307696
2 0.4423076923076923 0.6129807692307693 0.08413461538461539 0.06490384615384616
2 0.7331730769230769 0.6310096153846154 0.0673076923076923 0.055288461538461536
0 0.515625 0.25721153846153844 0.07932692307692307 0.06490384615384616
0 0.6262019230769231 0.31009615384615385 0.08653846153846154 0.0625
0 0.24519230769230768 0.3485576923076923 0.09134615384615384 0.06971153846153846
0 0.36538461538461536 0.375 0.07211538461538461 0.0625
0 0.35216346153846156 0.5432692307692307 0.09615384615384616 0.06971153846153846
0 0.27163461538461536 0.640625 0.10096153846153846 0.08173076923076923
0 0.5829326923076923 0.6165865384615384 0.0889423076923077 0.06971153846153846
0 0.6754807692307693 0.5865384615384616 0.07211538461538461 0.057692307692307696
0 0.7680288461538461 0.4338942307692308 0.08653846153846154 0.0625
0 0.5673076923076923 0.8245192307692307 0.07932692307692307 0.06971153846153846
1 0.5516826923076923 0.32211538461538464 0.07451923076923077 0.057692307692307696
1 0.6346153846153846 0.4483173076923077 0.08173076923076923 0.0673076923076923
1 0.6947115384615384 0.515625 0.07451923076923077 0.06009615384615385
1 0.5384615384615384 0.5360576923076923 0.06971153846153846 0.0625
1 0.6442307692307693 0.7199519230769231 0.07692307692307693 0.06490384615384616
1 0.36899038461538464 0.7920673076923077 0.10576923076923077 0.07932692307692307
1 0.6658653846153846 0.859375 0.07692307692307693 0.0625
1 0.4855769230769231 0.6730769230769231 0.09134615384615384 0.052884615384615384
1 0.7211538461538461 0.2860576923076923 0.08173076923076923 0.07211538461538461
1 0.8149038461538461 0.5540865384615384 0.06971153846153846 0.06490384615384616