2 0.39302884615384615 0.23798076923076922 0.11298076923076923 0.10576923076923077
2 0.25721153846153844 0.26322115384615385 0.13701923076923078 0.11298076923076923
2 0.8617788461538461 0.40865384615384615 0.0985576923076923 0.0985576923076923
2 0.6358173076923077 0.4483173076923077 0.10096153846153846 0.07932692307692307
2 0.7596153846153846 0.4855769230769231 0.10576923076923077 0.09134615384615384
0 0.8449519230769231 0.5504807692307693 0.08413461538461539 0.08173076923076923
2 0.9326923076923077 0.5060096153846154 0.10096153846153846 0.08653846153846154
2 0.6286057692307693 0.5384615384615384 0.11298076923076923 0.09134615384615384
2 0.5336538461538461 0.5721153846153846 0.0985576923076923 0.08413461538461539
2 0.59375 0.7872596153846154 0.10817307692307693 0.09134615384615384
2 0.7223557692307693 0.8293269230769231 0.11298076923076923 0.09375
0 0.4206730769230769 0.039663461538461536 0.125 0.07932692307692307
0 0.5336538461538461 0.2848557692307692 0.11298076923076923 0.09375
0 0.6634615384615384 0.27524038461538464 0.10576923076923077 0.09615384615384616
0 0.7932692307692307 0.328125 0.0985576923076923 0.09134615384615384
0 0.36778846153846156 0.5360576923076923 0.10576923076923077 0.0985576923076923
0 0.5144230769230769 0.515625 0.0985576923076923 0.07211538461538461
0 0.6514423076923077 0.6754807692307693 0.0985576923076923 0.08173076923076923
0 0.8173076923076923 0.6826923076923077 0.10336538461538461 0.08413461538461539
0 0.9399038461538461 0.6334134615384616 0.09375 0.08413461538461539
1 0.5576923076923077 0.08533653846153846 0.10817307692307693 0.10096153846153846
1 0.328125 0.14182692307692307 0.1346153846153846 0.11538461538461539
1 0.7487980769230769 0.19951923076923078 0.11057692307692307 0.09615384615384616
1 0.46153846153846156 0.39663461538461536 0.11298076923076923 0.10576923076923077
1 0.28125 0.4651442307692308 0.10817307692307693 0.08173076923076923
1 0.7524038461538461 0.5973557692307693 0.12259615384615384 0.09134615384615384
1 0.4651442307692308 0.6959134615384616 0.10817307692307693 0.09615384615384616
1 0.5036057692307693 0.796875 0.09615384615384616 0.0889423076923077
1 0.8942307692307693 0.7512019230769231 0.09615384615384616 0.08413461538461539
1 0.8353365384615384 0.8545673076923077 0.0985576923076923 0.09615384615384616