2 0.80859375 0.67890625 0.1296875 0.1515625
2 0.8203125 0.4578125 0.1 0.115625
2 0.57109375 0.53671875 0.1 0.1078125
2 0.5640625 0.634375 0.1140625 0.109375
2 0.5515625 0.4296875 0.09375 0.11875
2 0.1421875 0.390625 0.0890625 0.075
2 0.1203125 0.475 0.08125 0.075
2 0.2390625 0.334375 0.08125 0.084375
0 0.6953125 0.6875 0.10625 0.1203125
0 0.67734375 0.471875 0.0953125 0.109375
0 0.4796875 0.4109375 0.0765625 0.0921875
0 0.33046875 0.58046875 0.109375 0.1125
0 0.16953125 0.68671875 0.1203125 0.125
0 0.32109375 0.3671875 0.0875 0.090625
0 0.28359375 0.203125 0.0765625 0.075
0 0.3640625 0.875 0.1421875 0.1703125
1 0.5203125 0.7328125 0.134375 0.1328125
1 0.32734375 0.70703125 0.125 0.1515625
1 0.18125 0.52265625 0.0953125 0.1
1 0.33828125 0.4703125 0.0828125 0.0984375
1 0.31171875 0.2890625 0.0765625 0.0765625
1 0.4890625 0.25859375 0.0875 0.0875
1 0.490625 0.1984375 0.0703125 0.059375
1 0.61328125 0.37578125 0.08125 0.1078125