2 0.7788461538461539 0.18870192307692307 0.08413461538461539 0.07932692307692307
1 0.7163461538461539 0.2704326923076923 0.07692307692307693 0.07451923076923077
2 0.7776442307692307 0.2548076923076923 0.08413461538461539 0.0673076923076923
2 0.49158653846153844 0.22716346153846154 0.10817307692307693 0.08413461538461539
2 0.21033653846153846 0.2704326923076923 0.11778846153846154 0.10336538461538461
2 0.20552884615384615 0.390625 0.11538461538461539 0.0889423076923077
1 0.39783653846153844 0.42427884615384615 0.07692307692307693 0.06971153846153846
2 0.4675480769230769 0.36538461538461536 0.0985576923076923 0.08413461538461539
2 0.3317307692307692 0.7283653846153846 0.0889423076923077 0.08413461538461539
2 0.625 0.47836538461538464 0.09134615384615384 0.07932692307692307
2 0.7439903846153846 0.5925480769230769 0.0889423076923077 0.06490384615384616
2 0.8040865384615384 0.40625 0.08653846153846154 0.07932692307692307
0 0.4026442307692308 0.29927884615384615 0.10576923076923077 0.0889423076923077
0 0.6418269230769231 0.15264423076923078 0.09615384615384616 0.07211538461538461
0 0.5625 0.32211538461538464 0.11057692307692307 0.07932692307692307
0 0.2283653846153846 0.49278846153846156 0.0985576923076923 0.08653846153846154
0 0.4519230769230769 0.4543269230769231 0.08413461538461539 0.07692307692307693
0 0.3112980769230769 0.5997596153846154 0.10576923076923077 0.07692307692307693
0 0.4579326923076923 0.5288461538461539 0.09134615384615384 0.07451923076923077
0 0.4891826923076923 0.6706730769230769 0.10817307692307693 0.08173076923076923
0 0.6057692307692307 0.6430288461538461 0.09615384615384616 0.08413461538461539
0 0.6838942307692307 0.7091346153846154 0.07932692307692307 0.07692307692307693
1 0.35697115384615385 0.53125 0.09615384615384616 0.0673076923076923
1 0.6478365384615384 0.39783653846153844 0.0985576923076923 0.07211538461538461
1 0.703125 0.5480769230769231 0.08173076923076923 0.0673076923076923
1 0.7680288461538461 0.48677884615384615 0.07932692307692307 0.08173076923076923
1 0.8701923076923077 0.5516826923076923 0.08653846153846154 0.0673076923076923
1 0.8713942307692307 0.65625 0.08413461538461539 0.07211538461538461
1 0.8774038461538461 0.42788461538461536 0.07451923076923077 0.07211538461538461
1 0.8329326923076923 0.3125 0.07451923076923077 0.07692307692307693