2 0.62265625 0.7859375 0.134375 0.115625
2 0.753125 0.6734375 0.1453125 0.1015625
2 0.5296875 0.71484375 0.165625 0.121875
2 0.371875 0.60859375 0.153125 0.0984375
2 0.334375 0.5140625 0.14375 0.10625
2 0.25390625 0.39375 0.1578125 0.1140625
2 0.4375 0.33203125 0.1484375 0.09375
1 0.8984375 0.57734375 0.121875 0.096875
1 0.76875 0.54296875 0.1140625 0.084375
1 0.64765625 0.58984375 0.13125 0.090625
1 0.50078125 0.60859375 0.109375 0.0875
1 0.1453125 0.584375 0.13125 0.109375
1 0.19921875 0.69296875 0.1484375 0.0984375
1 0.2921875 0.23046875 0.153125 0.115625
0 0.35 0.80078125 0.14375 0.11875
0 0.503125 0.4734375 0.1390625 0.1125
0 0.68671875 0.4359375 0.1421875 0.096875
0 0.83828125 0.4203125 0.121875 0.096875
0 0.80078125 0.3 0.15 0.115625
0 0.63359375 0.32109375 0.1265625 0.103125
0 0.53671875 0.1859375 0.15625 0.115625