1 0.8353365384615384 0.40384615384615385 0.0733173076923077 0.06370192307692307
1 0.8894230769230769 0.3401442307692308 0.055288461538461536 0.054086538461538464
1 0.7355769230769231 0.4050480769230769 0.06850961538461539 0.0625
1 0.7608173076923077 0.5048076923076923 0.06610576923076923 0.0673076923076923
1 0.6370192307692307 0.7139423076923077 0.08653846153846154 0.06850961538461539
1 0.6778846153846154 0.6586538461538461 0.07692307692307693 0.054086538461538464
1 0.5444711538461539 0.8485576923076923 0.08653846153846154 0.0733173076923077
0 0.33052884615384615 0.3786057692307692 0.06129807692307692 0.05048076923076923
1 0.3918269230769231 0.35697115384615385 0.054086538461538464 0.055288461538461536
0 0.47716346153846156 0.3473557692307692 0.06129807692307692 0.04807692307692308
1 0.48197115384615385 0.2920673076923077 0.06370192307692307 0.04567307692307692
1 0.3245192307692308 0.21153846153846154 0.06490384615384616 0.054086538461538464
2 0.19110576923076922 0.24278846153846154 0.07451923076923077 0.0673076923076923
2 0.39663461538461536 0.19230769230769232 0.0625 0.051682692307692304
2 0.3269230769230769 0.296875 0.06129807692307692 0.057692307692307696
2 0.3954326923076923 0.4362980769230769 0.06370192307692307 0.04807692307692308
2 0.14302884615384615 0.40865384615384615 0.07572115384615384 0.06129807692307692
2 0.26322115384615385 0.3954326923076923 0.07091346153846154 0.05048076923076923
2 0.30528846153846156 0.546875 0.06490384615384616 0.052884615384615384
2 0.38221153846153844 0.5444711538461539 0.06370192307692307 0.054086538461538464
2 0.6454326923076923 0.609375 0.0829326923076923 0.06129807692307692
2 0.7992788461538461 0.33533653846153844 0.05889423076923077 0.056490384615384616
0 0.8221153846153846 0.25600961538461536 0.07211538461538461 0.06129807692307692
0 0.6682692307692307 0.47115384615384615 0.0733173076923077 0.06850961538461539
0 0.7331730769230769 0.5925480769230769 0.06971153846153846 0.06129807692307692
0 0.5072115384615384 0.7740384615384616 0.09375 0.07451923076923077
0 0.1502403846153846 0.5600961538461539 0.08653846153846154 0.057692307692307696
0 0.22956730769230768 0.45913461538461536 0.07091346153846154 0.056490384615384616
0 0.34375 0.49759615384615385 0.052884615384615384 0.040865384615384616
0 0.17307692307692307 0.33413461538461536 0.07451923076923077 0.06129807692307692