1 0.83046875 0.346875 0.07578125 0.065625
1 0.65703125 0.20078125 0.05625 0.04921875
1 0.459375 0.25703125 0.059375 0.05390625
1 0.6125 0.6265625 0.08515625 0.10546875
1 0.70546875 0.56171875 0.10390625 0.08359375
1 0.1796875 0.57734375 0.0828125 0.08984375
1 0.1921875 0.39296875 0.0890625 0.06796875
1 0.34296875 0.34296875 0.0625 0.07578125
2 0.25234375 0.4671875 0.0859375 0.0953125
2 0.41640625 0.35859375 0.071875 0.0859375
2 0.47578125 0.3453125 0.07109375 0.06171875
2 0.49140625 0.43828125 0.0859375 0.0890625
2 0.521875 0.52890625 0.08828125 0.08671875
2 0.80234375 0.48828125 0.08828125 0.08984375
2 0.7296875 0.43515625 0.07421875 0.06796875
2 0.6125 0.2609375 0.0640625 0.05
0 0.69453125 0.4921875 0.09453125 0.059375
0 0.58671875 0.46171875 0.078125 0.084375
0 0.5 0.6734375 0.10078125 0.12421875
0 0.27578125 0.303125 0.07109375 0.0625
0 0.40703125 0.21953125 0.05234375 0.04765625
0 0.15546875 0.478125 0.0859375 0.09609375
0 0.77265625 0.2765625 0.0703125 0.06328125
0 0.52265625 0.296875 0.065625 0.0703125