1 0.81953125 0.37578125 0.08125 0.096875
1 0.88203125 0.61171875 0.084375 0.0921875
1 0.6171875 0.440625 0.0859375 0.0796875
1 0.57265625 0.365625 0.0765625 0.075
1 0.5015625 0.19921875 0.065625 0.06875
1 0.2171875 0.484375 0.08125 0.09375
1 0.340625 0.753125 0.109375 0.1296875
0 0.58828125 0.7421875 0.0875 0.1109375
0 0.559375 0.5140625 0.075 0.078125
0 0.39765625 0.29296875 0.0640625 0.0609375
0 0.36796875 0.41953125 0.0828125 0.0796875
0 0.321875 0.48359375 0.0953125 0.0953125
0 0.1609375 0.38671875 0.078125 0.075
0 0.1328125 0.45546875 0.0875 0.0828125
0 0.23828125 0.27734375 0.06875 0.059375
2 0.30078125 0.328125 0.08125 0.0828125
2 0.23984375 0.6609375 0.1078125 0.103125
2 0.4265625 0.61171875 0.1046875 0.11875
2 0.63515625 0.61640625 0.1015625 0.115625
2 0.6234375 0.30078125 0.071875 0.0640625
2 0.45078125 0.359375 0.0765625 0.078125
2 0.38515625 0.1984375 0.078125 0.0609375
2 0.525 0.29140625 0.065625 0.05625
1 0.4375 0.50859375 0.121875 0.090625