2 0.76875 0.21796875 0.159375 0.1296875
2 0.65546875 0.15078125 0.153125 0.1234375
2 0.61484375 0.3671875 0.1640625 0.146875
2 0.609375 0.5875 0.18125 0.1359375
2 0.809375 0.65703125 0.178125 0.10625
0 0.834375 0.38515625 0.1640625 0.125
0 0.790625 0.54609375 0.165625 0.1109375
0 0.69140625 0.83984375 0.1890625 0.15
0 0.43046875 0.47890625 0.18125 0.125
0 0.225 0.340625 0.16875 0.1328125
1 0.5015625 0.128125 0.15625 0.1234375
1 0.47890625 0.29140625 0.159375 0.1046875
1 0.3984375 0.59921875 0.1796875 0.121875
1 0.43515625 0.72578125 0.171875 0.1078125
1 0.521875 0.83671875 0.1703125 0.128125