2 0.2608173076923077 0.052884615384615384 0.10096153846153846 0.05048076923076923
2 0.5853365384615384 0.15985576923076922 0.10817307692307693 0.08173076923076923
2 0.4735576923076923 0.3161057692307692 0.0889423076923077 0.07211538461538461
2 0.19110576923076922 0.3701923076923077 0.08653846153846154 0.07211538461538461
2 0.6165865384615384 0.3125 0.09134615384615384 0.07692307692307693
2 0.734375 0.36177884615384615 0.07692307692307693 0.06971153846153846
2 0.17427884615384615 0.6334134615384616 0.09615384615384616 0.08413461538461539
2 0.4699519230769231 0.5673076923076923 0.07932692307692307 0.07692307692307693
2 0.6237980769230769 0.5588942307692307 0.06971153846153846 0.06490384615384616
2 0.7752403846153846 0.5625 0.07932692307692307 0.07451923076923077
0 0.38461538461538464 0.036057692307692304 0.08653846153846154 0.06009615384615385
0 0.21634615384615385 0.2283653846153846 0.09615384615384616 0.07692307692307693
0 0.43028846153846156 0.27403846153846156 0.08173076923076923 0.0673076923076923
0 0.359375 0.38341346153846156 0.09615384615384616 0.08653846153846154
0 0.47836538461538464 0.39783653846153844 0.0889423076923077 0.08413461538461539
0 0.8221153846153846 0.44350961538461536 0.0625 0.06490384615384616
0 0.6790865384615384 0.5168269230769231 0.07692307692307693 0.07211538461538461
0 0.7992788461538461 0.65625 0.08173076923076923 0.07692307692307693
0 0.8629807692307693 0.5865384615384616 0.08173076923076923 0.07932692307692307
0 0.5372596153846154 0.625 0.08653846153846154 0.06490384615384616
1 0.3737980769230769 0.15264423076923078 0.09134615384615384 0.07451923076923077
1 0.1502403846153846 0.3088942307692308 0.09615384615384616 0.0889423076923077
1 0.27403846153846156 0.4567307692307692 0.09615384615384616 0.07932692307692307
1 0.24278846153846154 0.546875 0.10817307692307693 0.08173076923076923
1 0.3389423076923077 0.5324519230769231 0.10096153846153846 0.07932692307692307
1 0.40865384615384615 0.5528846153846154 0.0673076923076923 0.0625
1 0.6334134615384616 0.7223557692307693 0.09134615384615384 0.08653846153846154
1 0.6935096153846154 0.6586538461538461 0.08653846153846154 0.08173076923076923
1 0.6286057692307693 0.4206730769230769 0.09375 0.07932692307692307
1 0.3112980769230769 0.8137019230769231 0.11298076923076923 0.08173076923076923