2 0.85703125 0.34609375 0.0578125 0.053125
2 0.63828125 0.3953125 0.0578125 0.0546875
2 0.559375 0.375 0.0546875 0.0453125
2 0.475 0.39765625 0.053125 0.0484375
2 0.31171875 0.47734375 0.05625 0.0546875
2 0.2296875 0.50234375 0.065625 0.0546875
2 0.14453125 0.4625 0.0578125 0.0484375
2 0.5375 0.44375 0.0546875 0.0484375
0 0.1640625 0.52109375 0.059375 0.0578125
0 0.221875 0.465625 0.05 0.0421875
0 0.4546875 0.446875 0.0515625 0.0484375
0 0.48984375 0.440625 0.05 0.0515625
0 0.53125 0.4078125 0.040625 0.0359375
0 0.77578125 0.40546875 0.0578125 0.05
0 0.83671875 0.3875 0.059375 0.05
0 0.78828125 0.34453125 0.0546875 0.05
1 0.0953125 0.509375 0.0609375 0.0515625
1 0.31015625 0.42265625 0.053125 0.046875
1 0.36484375 0.46015625 0.0453125 0.046875
1 0.403125 0.43359375 0.0453125 0.05
1 0.59140625 0.4328125 0.05625 0.0625
1 0.71875 0.3953125 0.0546875 0.046875
1 0.72734375 0.34921875 0.0578125 0.05625
1 0.6625 0.35390625 0.046875 0.0390625