2 0.8449519230769231 0.2704326923076923 0.109375 0.09975961538461539
1 0.7620192307692307 0.3245192307692308 0.10336538461538461 0.09014423076923077
1 0.8725961538461539 0.40384615384615385 0.10216346153846154 0.08052884615384616
1 0.8545673076923077 0.6153846153846154 0.10697115384615384 0.08052884615384616
1 0.8870192307692307 0.7163461538461539 0.09495192307692307 0.07572115384615384
1 0.8076923076923077 0.7091346153846154 0.078125 0.07932692307692307
1 0.25600961538461536 0.6394230769230769 0.0733173076923077 0.06009615384615385
1 0.2932692307692308 0.5949519230769231 0.0889423076923077 0.056490384615384616
1 0.2283653846153846 0.36177884615384615 0.0889423076923077 0.0673076923076923
1 0.40024038461538464 0.39663461538461536 0.07692307692307693 0.06370192307692307
0 0.15384615384615385 0.5348557692307693 0.06610576923076923 0.051682692307692304
1 0.21033653846153846 0.5084134615384616 0.06370192307692307 0.06129807692307692
2 0.38100961538461536 0.27283653846153844 0.0829326923076923 0.06610576923076923
2 0.19951923076923078 0.28966346153846156 0.09134615384615384 0.06610576923076923
2 0.27403846153846156 0.4326923076923077 0.08533653846153846 0.06370192307692307
2 0.3076923076923077 0.5084134615384616 0.0829326923076923 0.07211538461538461
2 0.41225961538461536 0.46875 0.0889423076923077 0.06129807692307692
2 0.41947115384615385 0.5324519230769231 0.0889423076923077 0.0625
2 0.42427884615384615 0.6189903846153846 0.0829326923076923 0.0625
2 0.5432692307692307 0.6141826923076923 0.07451923076923077 0.054086538461538464
2 0.7151442307692307 0.7728365384615384 0.1141826923076923 0.07211538461538461
0 0.35216346153846156 0.34375 0.0733173076923077 0.06009615384615385
0 0.5084134615384616 0.4326923076923077 0.07932692307692307 0.0625
0 0.3798076923076923 0.7055288461538461 0.078125 0.05889423076923077
0 0.4567307692307692 0.6766826923076923 0.078125 0.055288461538461536
0 0.8882211538461539 0.5216346153846154 0.08653846153846154 0.07932692307692307
0 0.7271634615384616 0.5913461538461539 0.09014423076923077 0.0733173076923077
0 0.7427884615384616 0.6598557692307693 0.0889423076923077 0.06610576923076923
0 0.8329326923076923 0.7836538461538461 0.08533653846153846 0.06850961538461539
0 0.7451923076923077 0.8509615384615384 0.10216346153846154 0.07572115384615384