2 0.53671875 0.58046875 0.11328125 0.1234375
2 0.28515625 0.52734375 0.11796875 0.1265625
2 0.74921875 0.3265625 0.090625 0.07578125
2 0.49765625 0.29296875 0.0859375 0.0703125
0 0.3390625 0.3265625 0.0921875 0.07890625
0 0.43359375 0.37578125 0.1 0.07578125
0 0.67890625 0.40703125 0.1078125 0.08671875
0 0.4234375 0.2359375 0.07109375 0.05859375
1 0.40703125 0.58046875 0.11953125 0.15
1 0.52890625 0.38359375 0.090625 0.09765625
1 0.66796875 0.2515625 0.0765625 0.06328125
1 0.66484375 0.61875 0.12734375 0.13203125