0 0.8375 0.63125 0.090625 0.1109375
0 0.59765625 0.66796875 0.0890625 0.1015625
0 0.4203125 0.59453125 0.0703125 0.0828125
0 0.728125 0.35078125 0.05625 0.0546875
0 0.60546875 0.353125 0.059375 0.046875
0 0.4484375 0.36796875 0.0453125 0.0484375
0 0.20234375 0.64609375 0.075 0.0796875
0 0.08203125 0.65859375 0.075 0.0921875
2 0.27578125 0.67421875 0.0796875 0.1109375
2 0.51875 0.66796875 0.075 0.0875
2 0.71015625 0.42578125 0.0640625 0.0625
2 0.1484375 0.56484375 0.059375 0.0625
2 0.546875 0.31015625 0.0546875 0.040625
2 0.42890625 0.46484375 0.0671875 0.0578125
2 0.28203125 0.48984375 0.06875 0.0625
2 0.15625 0.47421875 0.0625 0.0546875
1 0.66796875 0.57265625 0.08125 0.075
1 0.61640625 0.47421875 0.065625 0.0625
1 0.56015625 0.41875 0.05625 0.059375
1 0.47109375 0.51953125 0.059375 0.0625
1 0.3875 0.3953125 0.059375 0.0484375
1 0.24296875 0.434375 0.053125 0.0453125
1 0.45859375 0.3171875 0.0546875 0.04375
1 0.64296875 0.3109375 0.05 0.0359375