0 0.2764423076923077 0.203125 0.08653846153846154 0.07451923076923077
0 0.5096153846153846 0.36899038461538464 0.06971153846153846 0.07211538461538461
0 0.4375 0.5096153846153846 0.07932692307692307 0.07451923076923077
0 0.5516826923076923 0.5168269230769231 0.08413461538461539 0.0673076923076923
0 0.34975961538461536 0.5300480769230769 0.0889423076923077 0.06971153846153846
0 0.44711538461538464 0.6009615384615384 0.08413461538461539 0.07451923076923077
0 0.4651442307692308 0.7175480769230769 0.08653846153846154 0.07451923076923077
0 0.34134615384615385 0.6478365384615384 0.07692307692307693 0.06971153846153846
0 0.2536057692307692 0.5973557692307693 0.08413461538461539 0.0625
0 0.09975961538461539 0.48677884615384615 0.0673076923076923 0.055288461538461536
2 0.39783653846153844 0.22355769230769232 0.10336538461538461 0.07692307692307693
2 0.3713942307692308 0.3329326923076923 0.09134615384615384 0.0673076923076923
2 0.4375 0.3954326923076923 0.08653846153846154 0.07451923076923077
2 0.15865384615384615 0.3641826923076923 0.08173076923076923 0.06971153846153846
2 0.25961538461538464 0.4891826923076923 0.10096153846153846 0.08413461538461539
2 0.5528846153846154 0.6201923076923077 0.09134615384615384 0.07451923076923077
1 0.18509615384615385 0.6274038461538461 0.07692307692307693 0.07692307692307693
2 0.19230769230769232 0.5588942307692307 0.07451923076923077 0.055288461538461536
2 0.08653846153846154 0.5480769230769231 0.07451923076923077 0.06009615384615385
2 0.18028846153846154 0.7067307692307693 0.08173076923076923 0.06490384615384616
2 0.2980769230769231 0.7259615384615384 0.08653846153846154 0.07692307692307693
1 0.17067307692307693 0.24278846153846154 0.08173076923076923 0.0673076923076923
1 0.5360576923076923 0.28365384615384615 0.10096153846153846 0.08413461538461539
1 0.6995192307692307 0.4338942307692308 0.09375 0.07451923076923077
1 0.6213942307692307 0.48677884615384615 0.09134615384615384 0.07451923076923077
1 0.35216346153846156 0.43990384615384615 0.08173076923076923 0.06971153846153846
1 0.2644230769230769 0.3762019230769231 0.08173076923076923 0.07692307692307693
1 0.1466346153846154 0.42788461538461536 0.07451923076923077 0.06009615384615385
1 0.6838942307692307 0.5709134615384616 0.09615384615384616 0.07932692307692307
1 0.2956730769230769 0.8064903846153846 0.07692307692307693 0.06490384615384616