0 0.68828125 0.23359375 0.096875 0.1
0 0.90625 0.4640625 0.1015625 0.1265625
0 0.7890625 0.75390625 0.1140625 0.128125
0 0.771875 0.57109375 0.09375 0.125
0 0.68671875 0.53515625 0.0984375 0.1140625
0 0.61796875 0.33515625 0.10625 0.1328125
0 0.27578125 0.24375 0.096875 0.1125
0 0.2296875 0.5 0.1 0.1171875
1 0.14765625 0.5140625 0.1 0.1125
1 0.40078125 0.803125 0.1015625 0.1171875
1 0.434375 0.38359375 0.090625 0.115625
1 0.37734375 0.425 0.1015625 0.1265625
1 0.446875 0.1890625 0.1078125 0.1171875
1 0.75703125 0.3109375 0.1015625 0.115625
1 0.49140625 0.628125 0.121875 0.125
1 0.5171875 0.5171875 0.096875 0.121875
2 0.32734375 0.59453125 0.1078125 0.10625
2 0.2625 0.80078125 0.1 0.109375
2 0.15546875 0.74921875 0.09375 0.1265625
2 0.2203125 0.6703125 0.096875 0.115625
2 0.49296875 0.803125 0.0953125 0.121875
2 0.6234375 0.6765625 0.0984375 0.115625
2 0.7 0.39609375 0.1 0.140625
2 0.1921875 0.275 0.1046875 0.140625