0 0.6 0.38671875 0.0984375 0.0984375
0 0.51796875 0.375 0.1171875 0.1125
0 0.5953125 0.58046875 0.1203125 0.146875
0 0.76015625 0.47265625 0.10625 0.115625
0 0.26796875 0.40625 0.090625 0.0875
0 0.13203125 0.45 0.1078125 0.1109375
0 0.16640625 0.6171875 0.115625 0.11875
0 0.2375 0.68984375 0.14375 0.1359375
2 0.2796875 0.92109375 0.15 0.1578125
2 0.41015625 0.5328125 0.1125 0.115625
2 0.521875 0.4796875 0.109375 0.1140625
2 0.39140625 0.45078125 0.1078125 0.1046875
2 0.378125 0.33515625 0.109375 0.103125
2 0.45546875 0.27578125 0.090625 0.0890625
2 0.7109375 0.24453125 0.090625 0.096875
2 0.6828125 0.53984375 0.1265625 0.1375
1 0.49765625 0.609375 0.109375 0.1171875
1 0.421875 0.68828125 0.11875 0.1171875
1 0.5 0.915625 0.153125 0.165625
1 0.3140625 0.54296875 0.1078125 0.1078125
1 0.3671875 0.24765625 0.0796875 0.075
1 0.553125 0.1859375 0.0734375 0.0765625
1 0.48203125 0.18828125 0.0921875 0.0890625
1 0.7609375 0.378125 0.1046875 0.1078125