2 0.578125 0.31009615384615385 0.06490384615384616 0.056490384615384616
2 0.7680288461538461 0.3004807692307692 0.07451923076923077 0.052884615384615384
2 0.8245192307692307 0.44711538461538464 0.06850961538461539 0.04807692307692308
2 0.6646634615384616 0.5625 0.06610576923076923 0.04927884615384615
2 0.5841346153846154 0.6033653846153846 0.0733173076923077 0.054086538461538464
2 0.6574519230769231 0.6682692307692307 0.06610576923076923 0.057692307692307696
2 0.5072115384615384 0.8028846153846154 0.0673076923076923 0.06490384615384616
2 0.47475961538461536 0.359375 0.06971153846153846 0.06129807692307692
2 0.37259615384615385 0.2824519230769231 0.06850961538461539 0.055288461538461536
2 0.28125 0.3088942307692308 0.07932692307692307 0.0673076923076923
1 0.5144230769230769 0.5024038461538461 0.07091346153846154 0.06850961538461539
1 0.44471153846153844 0.49278846153846156 0.06370192307692307 0.056490384615384616
1 0.28365384615384615 0.4519230769230769 0.07692307692307693 0.055288461538461536
1 0.28125 0.546875 0.0829326923076923 0.0625
1 0.4338942307692308 0.6057692307692307 0.0733173076923077 0.06850961538461539
1 0.6502403846153846 0.5096153846153846 0.0625 0.04567307692307692
1 0.8701923076923077 0.5120192307692307 0.06850961538461539 0.051682692307692304
1 0.6899038461538461 0.25 0.06850961538461539 0.055288461538461536
1 0.6814903846153846 0.17908653846153846 0.06971153846153846 0.052884615384615384
1 0.796875 0.36778846153846156 0.07572115384615384 0.05048076923076923
0 0.703125 0.4519230769230769 0.06610576923076923 0.04807692307692308
0 0.6346153846153846 0.4026442307692308 0.06370192307692307 0.054086538461538464
0 0.7427884615384616 0.6490384615384616 0.08052884615384616 0.04807692307692308
0 0.5685096153846154 0.7704326923076923 0.06490384615384616 0.055288461538461536
0 0.3233173076923077 0.7115384615384616 0.0889423076923077 0.06490384615384616
0 0.3701923076923077 0.4206730769230769 0.08052884615384616 0.0673076923076923
0 0.4182692307692308 0.21153846153846154 0.0673076923076923 0.052884615384615384
0 0.45913461538461536 0.17908653846153846 0.07091346153846154 0.05889423076923077
0 0.48677884615384615 0.12980769230769232 0.07692307692307693 0.054086538461538464
0 0.5997596153846154 0.19230769230769232 0.0829326923076923 0.06370192307692307