0 0.496875 0.725 0.1375 0.175
0 0.75078125 0.66640625 0.128125 0.1578125
0 0.3984375 0.53515625 0.1328125 0.16875
0 0.4796875 0.26953125 0.1203125 0.1640625
0 0.3890625 0.2078125 0.1265625 0.15625
1 0.634375 0.3 0.11875 0.1375
1 0.65546875 0.75 0.1265625 0.18125
1 0.3796875 0.36875 0.13125 0.15
1 0.2640625 0.69453125 0.1484375 0.165625
1 0.27109375 0.86640625 0.1328125 0.1671875
2 0.090625 0.553125 0.15625 0.1828125
2 0.8875 0.6609375 0.134375 0.178125
2 0.7765625 0.39765625 0.115625 0.1625
2 0.52578125 0.446875 0.128125 0.15625
2 0.49453125 0.0921875 0.1296875 0.1484375