2 0.5600961538461539 0.28365384615384615 0.11778846153846154 0.09615384615384616
2 0.4182692307692308 0.37740384615384615 0.12259615384615384 0.08653846153846154
2 0.2764423076923077 0.5432692307692307 0.11538461538461539 0.09615384615384616
2 0.5612980769230769 0.5360576923076923 0.11778846153846154 0.08173076923076923
2 0.6923076923076923 0.6634615384615384 0.12259615384615384 0.08653846153846154
0 0.6862980769230769 0.8100961538461539 0.09375 0.08413461538461539
2 0.7704326923076923 0.7644230769230769 0.09134615384615384 0.07932692307692307
2 0.5997596153846154 0.9158653846153846 0.0985576923076923 0.10096153846153846
2 0.5024038461538461 0.8088942307692307 0.11057692307692307 0.08653846153846154
1 0.31850961538461536 0.734375 0.125 0.08653846153846154
2 0.33774038461538464 0.6598557692307693 0.09615384615384616 0.07211538461538461
2 0.20793269230769232 0.9194711538461539 0.125 0.10096153846153846
1 0.2956730769230769 0.8137019230769231 0.10817307692307693 0.08653846153846154
1 0.49158653846153844 0.734375 0.0889423076923077 0.07932692307692307
1 0.578125 0.7103365384615384 0.08173076923076923 0.07932692307692307
1 0.4723557692307692 0.6165865384615384 0.08653846153846154 0.07692307692307693
1 0.37740384615384615 0.5444711538461539 0.08653846153846154 0.08413461538461539
1 0.8137019230769231 0.42908653846153844 0.0889423076923077 0.07451923076923077
1 0.9074519230769231 0.43509615384615385 0.10336538461538461 0.08173076923076923
1 0.4423076923076923 0.9747596153846154 0.11538461538461539 0.05048076923076923
1 0.7680288461538461 0.5985576923076923 0.09375 0.07692307692307693
0 0.5240384615384616 0.140625 0.10576923076923077 0.09375
0 0.7163461538461539 0.28125 0.09375 0.0889423076923077
0 0.34975961538461536 0.3076923076923077 0.11538461538461539 0.08413461538461539
0 0.6442307692307693 0.41947115384615385 0.10576923076923077 0.09615384615384616
0 0.4675480769230769 0.48197115384615385 0.11057692307692307 0.08413461538461539
0 0.8377403846153846 0.5456730769230769 0.0889423076923077 0.08413461538461539
0 0.703125 0.5372596153846154 0.10096153846153846 0.08653846153846154
0 0.5408653846153846 0.6225961538461539 0.09134615384615384 0.08653846153846154
0 0.5108173076923077 0.8882211538461539 0.10336538461538461 0.0889423076923077