0 0.84921875 0.7421875 0.1 0.146875
0 0.43671875 0.81171875 0.1015625 0.1296875
0 0.18828125 0.69765625 0.0953125 0.1265625
0 0.2078125 0.39375 0.078125 0.06328125
0 0.28046875 0.28671875 0.084375 0.0828125
0 0.67109375 0.4359375 0.08515625 0.1078125
0 0.81015625 0.41796875 0.07890625 0.09140625
0 0.4859375 0.59765625 0.09609375 0.10234375
2 0.32109375 0.73671875 0.1109375 0.13828125
2 0.41640625 0.48671875 0.0828125 0.09921875
2 0.47265625 0.31875 0.075 0.08515625
2 0.825 0.29296875 0.11015625 0.0625
2 0.10625 0.4578125 0.0984375 0.090625
2 0.1984375 0.30234375 0.078125 0.08359375
2 0.68125 0.58125 0.1140625 0.125
2 0.65625 0.2203125 0.071875 0.07578125
1 0.50703125 0.18359375 0.0703125 0.0734375
1 0.54765625 0.2765625 0.07890625 0.06953125
1 0.6984375 0.3125 0.08984375 0.0875
1 0.59140625 0.4078125 0.07578125 0.09140625
1 0.4984375 0.44375 0.09453125 0.0859375
1 0.28828125 0.42421875 0.0765625 0.0859375
1 0.21171875 0.4671875 0.08984375 0.0859375
1 0.18984375 0.58828125 0.09921875 0.11484375