0 0.73984375 0.43046875 0.09140625 0.1125
0 0.659375 0.575 0.08828125 0.1109375
0 0.4640625 0.52890625 0.10625 0.12109375
0 0.284375 0.73125 0.11015625 0.1625
0 0.24296875 0.39765625 0.10703125 0.11171875
0 0.32109375 0.2796875 0.09609375 0.096875
0 0.1015625 0.365625 0.08359375 0.10390625
0 0.51875 0.24921875 0.0765625 0.06875
1 0.6078125 0.70703125 0.13125 0.1546875
1 0.2609375 0.584375 0.10625 0.109375
1 0.8234375 0.7875 0.09921875 0.1296875
1 0.75703125 0.73515625 0.0890625 0.1375
1 0.7515625 0.3140625 0.065625 0.0703125
1 0.64140625 0.23359375 0.08984375 0.0734375
1 0.46875 0.30234375 0.0703125 0.0703125
1 0.83984375 0.465625 0.0875 0.1109375
2 0.88515625 0.6421875 0.08828125 0.13515625
2 0.784375 0.58359375 0.12109375 0.1171875
2 0.634375 0.39140625 0.08359375 0.0984375
2 0.56796875 0.453125 0.08046875 0.1171875
2 0.4578125 0.75390625 0.10859375 0.13984375
2 0.415625 0.44140625 0.08984375 0.08671875
2 0.34765625 0.1734375 0.07734375 0.08515625
2 0.21796875 0.259375 0.09765625 0.08515625