0 0.74296875 0.4125 0.0609375 0.059375
0 0.63671875 0.78203125 0.0953125 0.096875
0 0.578125 0.4546875 0.071875 0.0796875
0 0.53125 0.35859375 0.0609375 0.0515625
0 0.39609375 0.3078125 0.0578125 0.05
0 0.34609375 0.34140625 0.0609375 0.05625
0 0.31875 0.46171875 0.0640625 0.05625
0 0.21875 0.4171875 0.0734375 0.065625
1 0.77578125 0.54296875 0.0796875 0.0765625
1 0.66796875 0.3515625 0.065625 0.05
1 0.475 0.36640625 0.0515625 0.0546875
1 0.48671875 0.3015625 0.05 0.046875
1 0.41484375 0.4421875 0.075 0.0671875
1 0.2046875 0.5296875 0.0828125 0.0828125
1 0.5140625 0.6046875 0.096875 0.084375
1 0.2015625 0.64140625 0.1 0.1
2 0.653125 0.56640625 0.0875 0.0765625
2 0.64296875 0.41796875 0.059375 0.0671875
2 0.57734375 0.31953125 0.065625 0.05
2 0.50390625 0.46796875 0.0703125 0.0640625
2 0.4125 0.5671875 0.078125 0.0890625
2 0.346875 0.65234375 0.08125 0.0875
2 0.28828125 0.73984375 0.0984375 0.109375
2 0.12109375 0.48828125 0.0796875 0.078125