1 0.7796875 0.14140625 0.190625 0.1390625
1 0.39453125 0.18203125 0.153125 0.14375
1 0.18359375 0.48203125 0.1796875 0.1453125
1 0.5875 0.828125 0.140625 0.125
1 0.36953125 0.82421875 0.1484375 0.125
1 0.87578125 0.6109375 0.1265625 0.1234375
1 0.41796875 0.36875 0.1578125 0.13125
2 0.8421875 0.4484375 0.1359375 0.1296875
2 0.78046875 0.33984375 0.121875 0.0953125
2 0.55625 0.2546875 0.153125 0.1234375
2 0.3453125 0.4484375 0.16875 0.14375
2 0.50703125 0.66328125 0.153125 0.1375
2 0.75859375 0.76328125 0.1578125 0.1234375
2 0.3546875 0.690625 0.1625 0.146875
0 0.63671875 0.6109375 0.15625 0.128125
0 0.509375 0.52734375 0.1828125 0.159375
0 0.7578125 0.5265625 0.1484375 0.134375
0 0.6421875 0.4421875 0.1546875 0.140625
0 0.2125 0.61796875 0.1671875 0.1453125
0 0.2453125 0.79765625 0.1609375 0.1421875
0 0.7453125 0.24453125 0.1578125 0.125