2 0.4140625 0.215625 0.13828125 0.171875
2 0.3328125 0.54296875 0.13828125 0.1625
2 0.18515625 0.51640625 0.1359375 0.171875
2 0.52734375 0.3859375 0.13203125 0.175
1 0.6578125 0.3234375 0.115625 0.178125
1 0.80078125 0.4171875 0.1203125 0.175
1 0.56796875 0.57109375 0.1171875 0.115625
1 0.39140625 0.74453125 0.10390625 0.109375
0 0.8359375 0.72578125 0.08203125 0.13671875
0 0.71796875 0.66328125 0.12421875 0.12265625
0 0.575 0.7234375 0.10625 0.1421875
0 0.4890625 0.83984375 0.10234375 0.12265625