1 0.2125 0.8 0.1265625 0.175
0 0.08984375 0.7296875 0.13125 0.1546875
0 0.3234375 0.6484375 0.11875 0.1359375
0 0.34375 0.5046875 0.103125 0.11875
0 0.4890625 0.5390625 0.121875 0.13125
0 0.75234375 0.17421875 0.0828125 0.084375
0 0.84765625 0.31484375 0.071875 0.059375
0 0.79453125 0.259375 0.0703125 0.0671875
0 0.6625 0.2390625 0.0640625 0.0703125
1 0.490625 0.42109375 0.0859375 0.1
1 0.55078125 0.315625 0.078125 0.0859375
1 0.60234375 0.27265625 0.0734375 0.0734375
1 0.69765625 0.32578125 0.084375 0.0765625
1 0.665625 0.396875 0.0953125 0.103125
1 0.603125 0.471875 0.0890625 0.09375
1 0.93125 0.39453125 0.0859375 0.090625
2 0.815625 0.58828125 0.1171875 0.140625
2 0.628125 0.60546875 0.11875 0.1359375
2 0.70390625 0.50078125 0.0984375 0.1015625
2 0.77421875 0.4546875 0.09375 0.0953125
2 0.80703125 0.365625 0.090625 0.090625
2 0.4453125 0.3328125 0.084375 0.0890625
2 0.34921875 0.390625 0.1 0.0875
2 0.26875 0.43125 0.09375 0.09375