2 0.4074519230769231 0.26322115384615385 0.10817307692307693 0.09134615384615384
2 0.49158653846153844 0.3293269230769231 0.0985576923076923 0.08173076923076923
2 0.671875 0.5120192307692307 0.08653846153846154 0.07932692307692307
2 0.7548076923076923 0.49399038461538464 0.10096153846153846 0.08413461538461539
2 0.8665865384615384 0.5108173076923077 0.10096153846153846 0.08413461538461539
2 0.6923076923076923 0.6033653846153846 0.0889423076923077 0.07932692307692307
2 0.4651442307692308 0.6153846153846154 0.10817307692307693 0.08173076923076923
2 0.31009615384615385 0.7079326923076923 0.09615384615384616 0.07932692307692307
2 0.6189903846153846 0.8233173076923077 0.08413461538461539 0.07211538461538461
2 0.7127403846153846 0.8341346153846154 0.0889423076923077 0.07692307692307693
1 0.6033653846153846 0.33533653846153844 0.11057692307692307 0.09615384615384616
1 0.7355769230769231 0.3245192307692308 0.09134615384615384 0.08413461538461539
1 0.5540865384615384 0.6442307692307693 0.09375 0.06971153846153846
1 0.35336538461538464 0.640625 0.09134615384615384 0.07211538461538461
1 0.7055288461538461 0.6850961538461539 0.09375 0.07692307692307693
1 0.8076923076923077 0.7199519230769231 0.07932692307692307 0.06490384615384616
1 0.5372596153846154 0.7608173076923077 0.10096153846153846 0.09134615384615384
1 0.42788461538461536 0.7668269230769231 0.10096153846153846 0.07692307692307693
1 0.8076923076923077 0.8449519230769231 0.09134615384615384 0.07932692307692307
1 0.7848557692307693 0.5889423076923077 0.09615384615384616 0.0889423076923077
0 0.4483173076923077 0.42908653846153844 0.11298076923076923 0.09375
0 0.5793269230769231 0.44471153846153844 0.09615384615384616 0.08653846153846154
0 0.4723557692307692 0.515625 0.09375 0.09375
0 0.5745192307692307 0.5721153846153846 0.0889423076923077 0.0889423076923077
0 0.2932692307692308 0.48197115384615385 0.10336538461538461 0.09375
0 0.23918269230769232 0.5576923076923077 0.11298076923076923 0.09615384615384616
0 0.4543269230769231 0.7091346153846154 0.09134615384615384 0.08173076923076923
0 0.6418269230769231 0.7391826923076923 0.10817307692307693 0.0889423076923077
0 0.7704326923076923 0.7800480769230769 0.07451923076923077 0.06971153846153846
0 0.8701923076923077 0.625 0.08173076923076923 0.07692307692307693