0 0.6923076923076923 0.24759615384615385 0.08413461538461539 0.057692307692307696
0 0.47596153846153844 0.22235576923076922 0.078125 0.056490384615384616
0 0.6286057692307693 0.5336538461538461 0.0733173076923077 0.05889423076923077
0 0.7007211538461539 0.4495192307692308 0.07091346153846154 0.051682692307692304
1 0.5564903846153846 0.5120192307692307 0.07091346153846154 0.055288461538461536
0 0.609375 0.4579326923076923 0.0829326923076923 0.056490384615384616
0 0.44591346153846156 0.5276442307692307 0.07451923076923077 0.06129807692307692
0 0.47475961538461536 0.47716346153846156 0.08533653846153846 0.04927884615384615
0 0.3425480769230769 0.5384615384615384 0.07211538461538461 0.057692307692307696
0 0.6045673076923077 0.6201923076923077 0.07091346153846154 0.051682692307692304
0 0.7271634615384616 0.5528846153846154 0.06971153846153846 0.06129807692307692
2 0.6105769230769231 0.3269230769230769 0.08052884615384616 0.06850961538461539
2 0.5420673076923077 0.40865384615384615 0.08173076923076923 0.056490384615384616
2 0.7379807692307693 0.35096153846153844 0.07692307692307693 0.05889423076923077
2 0.8257211538461539 0.5084134615384616 0.06610576923076923 0.055288461538461536
2 0.7704326923076923 0.6478365384615384 0.07451923076923077 0.06490384615384616
2 0.6586538461538461 0.7127403846153846 0.0829326923076923 0.055288461538461536
2 0.6875 0.6574519230769231 0.0889423076923077 0.06009615384615385
2 0.7235576923076923 0.7415865384615384 0.0625 0.06009615384615385
2 0.5132211538461539 0.6346153846153846 0.08653846153846154 0.06009615384615385
2 0.3004807692307692 0.6502403846153846 0.07932692307692307 0.06490384615384616
1 0.32091346153846156 0.34975961538461536 0.07692307692307693 0.06610576923076923
1 0.3329326923076923 0.4254807692307692 0.07692307692307693 0.0625
1 0.46033653846153844 0.4230769230769231 0.07572115384615384 0.054086538461538464
1 0.4963942307692308 0.30649038461538464 0.08653846153846154 0.0673076923076923
1 0.84375 0.43149038461538464 0.06009615384615385 0.052884615384615384
1 0.6117788461538461 0.7896634615384616 0.07692307692307693 0.05889423076923077
1 0.5432692307692307 0.7247596153846154 0.0829326923076923 0.05889423076923077
1 0.38221153846153844 0.6742788461538461 0.08052884615384616 0.0673076923076923
1 0.8317307692307693 0.5973557692307693 0.0625 0.056490384615384616