1 0.72578125 0.7328125 0.084375 0.0984375
1 0.60859375 0.52109375 0.0640625 0.078125
1 0.5171875 0.53515625 0.084375 0.0859375
1 0.4984375 0.45078125 0.071875 0.0765625
1 0.36875 0.35546875 0.071875 0.0625
1 0.46484375 0.2828125 0.0671875 0.065625
1 0.16171875 0.35703125 0.0734375 0.05625
1 0.29921875 0.1796875 0.0515625 0.0515625
2 0.24375 0.21015625 0.059375 0.059375
2 0.29140625 0.30390625 0.059375 0.065625
2 0.221875 0.61953125 0.0953125 0.0796875
2 0.34609375 0.453125 0.0765625 0.075
2 0.59453125 0.371875 0.0765625 0.06875
2 0.528125 0.80546875 0.09375 0.1453125
2 0.67734375 0.82890625 0.1046875 0.0953125
2 0.65390625 0.68671875 0.075 0.0859375
0 0.628125 0.75703125 0.0890625 0.0796875
0 0.71640625 0.634375 0.0875 0.1
0 0.4375 0.64375 0.103125 0.1125
0 0.38359375 0.7859375 0.096875 0.1265625
0 0.35703125 0.52890625 0.084375 0.0859375
0 0.2359375 0.54765625 0.0890625 0.0875
0 0.21953125 0.43984375 0.0890625 0.1015625
0 0.59296875 0.45078125 0.0859375 0.06875