2 0.46953125 0.80234375 0.1140625 0.1390625
2 0.32109375 0.715625 0.0875 0.1
2 0.11328125 0.8421875 0.13125 0.14375
2 0.3671875 0.57265625 0.0765625 0.096875
2 0.47578125 0.490625 0.0828125 0.0796875
2 0.63828125 0.68828125 0.0953125 0.109375
2 0.5609375 0.6921875 0.0859375 0.109375
2 0.4328125 0.346875 0.065625 0.0515625
1 0.196875 0.56640625 0.0921875 0.0875
1 0.2484375 0.64609375 0.08125 0.0921875
1 0.81953125 0.68515625 0.09375 0.10625
1 0.728125 0.61640625 0.090625 0.0796875
1 0.61015625 0.60078125 0.0875 0.071875
1 0.4125 0.4859375 0.059375 0.059375
1 0.4015625 0.43671875 0.065625 0.0515625
1 0.4046875 0.2984375 0.075 0.0625
0 0.903125 0.62734375 0.10625 0.1078125
0 0.6671875 0.484375 0.075 0.0703125
0 0.6671875 0.5546875 0.0734375 0.075
0 0.71171875 0.7890625 0.1 0.121875
0 0.22578125 0.81640625 0.103125 0.109375
0 0.4625 0.5796875 0.0953125 0.09375
0 0.490625 0.4265625 0.06875 0.0640625
0 0.4171875 0.39453125 0.078125 0.05625