2 0.8734375 0.54140625 0.13203125 0.175
2 0.86953125 0.79453125 0.15234375 0.19765625
2 0.7515625 0.66328125 0.128125 0.1828125
2 0.26015625 0.74921875 0.140625 0.1859375
2 0.34921875 0.14140625 0.12578125 0.1421875
0 0.61640625 0.53046875 0.11953125 0.15078125
0 0.4359375 0.42421875 0.13828125 0.1375
0 0.31796875 0.309375 0.13359375 0.175
0 0.25859375 0.49375 0.13046875 0.18046875
0 0.16796875 0.88046875 0.1484375 0.17890625
1 0.63125 0.7921875 0.12734375 0.16953125
1 0.4984375 0.65078125 0.1328125 0.18046875
1 0.4078125 0.7609375 0.13515625 0.1890625
1 0.128125 0.52265625 0.13671875 0.15859375
1 0.146875 0.28125 0.128125 0.15234375