1 0.9122596153846154 0.21033653846153846 0.08413461538461539 0.08173076923076923
1 0.9915865384615384 0.3233173076923077 0.016826923076923076 0.06009615384615385
1 0.6358173076923077 0.37740384615384615 0.10096153846153846 0.08413461538461539
1 0.29086538461538464 0.3762019230769231 0.11057692307692307 0.07932692307692307
1 0.018028846153846152 0.5444711538461539 0.036057692307692304 0.0889423076923077
1 0.8653846153846154 0.5865384615384616 0.0985576923076923 0.06971153846153846
1 0.5985576923076923 0.5048076923076923 0.09615384615384616 0.07932692307692307
1 0.4543269230769231 0.6502403846153846 0.0985576923076923 0.08173076923076923
1 0.7331730769230769 0.125 0.08413461538461539 0.07932692307692307
0 0.6526442307692307 0.7872596153846154 0.0985576923076923 0.09134615384615384
1 0.6935096153846154 0.7127403846153846 0.11298076923076923 0.08173076923076923
2 0.3293269230769231 0.7956730769230769 0.11298076923076923 0.0889423076923077
2 0.09014423076923077 0.5997596153846154 0.11057692307692307 0.07932692307692307
2 0.29086538461538464 0.4987980769230769 0.11057692307692307 0.08413461538461539
2 0.3713942307692308 0.59375 0.10576923076923077 0.07451923076923077
2 0.7199519230769231 0.6189903846153846 0.0889423076923077 0.08173076923076923
2 0.4411057692307692 0.33774038461538464 0.09615384615384616 0.07451923076923077
2 0.6069711538461539 0.17067307692307693 0.10576923076923077 0.08173076923076923
0 0.35216346153846156 0.24639423076923078 0.11298076923076923 0.06971153846153846
2 0.40865384615384615 0.1971153846153846 0.09134615384615384 0.07692307692307693
0 0.796875 0.31850961538461536 0.12980769230769232 0.06971153846153846
2 0.7884615384615384 0.2548076923076923 0.10096153846153846 0.06971153846153846
2 0.8161057692307693 0.14302884615384615 0.07692307692307693 0.06971153846153846
0 0.15625 0.2848557692307692 0.12259615384615384 0.08413461538461539
0 0.5084134615384616 0.23076923076923078 0.10576923076923077 0.07692307692307693
0 0.9110576923076923 0.4519230769230769 0.0985576923076923 0.08173076923076923
0 0.7668269230769231 0.49278846153846156 0.09134615384615384 0.07451923076923077
0 0.44711538461538464 0.7620192307692307 0.09375 0.07932692307692307
0 0.23557692307692307 0.7163461538461539 0.11538461538461539 0.07932692307692307
0 0.41947115384615385 0.48197115384615385 0.11298076923076923 0.07932692307692307