1 0.8859375 0.5265625 0.1203125 0.1390625
1 0.4703125 0.3421875 0.0921875 0.0828125
1 0.3453125 0.253125 0.0828125 0.0828125
1 0.1796875 0.5859375 0.096875 0.10625
1 0.2375 0.440625 0.0921875 0.08125
1 0.15234375 0.4453125 0.0890625 0.109375
1 0.3609375 0.4515625 0.084375 0.10625
1 0.78984375 0.63828125 0.1046875 0.11875
0 0.44375 0.41875 0.1 0.0875
0 0.3921875 0.33984375 0.0765625 0.08125
0 0.26875 0.2859375 0.0859375 0.0828125
0 0.55078125 0.27578125 0.0890625 0.0875
0 0.48671875 0.25859375 0.0609375 0.075
0 0.77421875 0.4828125 0.1015625 0.1015625
0 0.371875 0.6890625 0.1265625 0.1375
0 0.2796875 0.54765625 0.0984375 0.1171875
2 0.80625 0.3671875 0.0984375 0.0984375
2 0.60859375 0.37109375 0.1015625 0.10625
2 0.62890625 0.54375 0.1078125 0.1234375
2 0.53203125 0.51796875 0.0921875 0.109375
2 0.44609375 0.5484375 0.1 0.115625
2 0.5796875 0.7046875 0.128125 0.1671875
2 0.44765625 0.8109375 0.1296875 0.1453125
2 0.23203125 0.69453125 0.115625 0.125