1 0.83046875 0.409375 0.084375 0.0984375
1 0.86875 0.65078125 0.0875 0.0953125
1 0.6234375 0.453125 0.0890625 0.0828125
1 0.58671875 0.3734375 0.078125 0.078125
1 0.5328125 0.20078125 0.06875 0.0703125
1 0.2203125 0.4546875 0.0828125 0.096875
1 0.31484375 0.73515625 0.1140625 0.134375
0 0.5625 0.75 0.090625 0.1140625
0 0.55703125 0.5203125 0.0765625 0.08125
0 0.41953125 0.28359375 0.065625 0.0625
0 0.37734375 0.40625 0.084375 0.0828125
0 0.325 0.46484375 0.096875 0.096875
0 0.17421875 0.3515625 0.08125 0.0765625
0 0.1390625 0.41796875 0.0890625 0.0859375
0 0.26328125 0.25078125 0.0703125 0.0625
2 0.3203125 0.3078125 0.084375 0.0859375
2 0.22421875 0.6328125 0.1109375 0.1078125
2 0.41484375 0.60390625 0.1078125 0.121875
2 0.62265625 0.6296875 0.1046875 0.11875
2 0.64375 0.31484375 0.0734375 0.065625
2 0.465625 0.3546875 0.0796875 0.08125
2 0.41796875 0.18828125 0.0796875 0.0625
2 0.54609375 0.2953125 0.0671875 0.059375
1 0.4375 0.5015625 0.125 0.0953125