1 0.15985576923076922 0.27524038461538464 0.08653846153846154 0.06971153846153846
2 0.171875 0.21153846153846154 0.09615384615384616 0.07932692307692307
2 0.3233173076923077 0.2536057692307692 0.09615384615384616 0.0889423076923077
2 0.28365384615384615 0.390625 0.0889423076923077 0.10817307692307693
1 0.5240384615384616 0.27524038461538464 0.08653846153846154 0.08173076923076923
2 0.5264423076923077 0.2127403846153846 0.09134615384615384 0.07451923076923077
2 0.5252403846153846 0.375 0.08173076923076923 0.0985576923076923
2 0.5252403846153846 0.46875 0.10336538461538461 0.10096153846153846
2 0.234375 0.5805288461538461 0.11778846153846154 0.11778846153846154
2 0.16466346153846154 0.7572115384615384 0.10096153846153846 0.12980769230769232
2 0.8713942307692307 0.3798076923076923 0.0889423076923077 0.11057692307692307
2 0.859375 0.28365384615384615 0.0985576923076923 0.0985576923076923
1 0.0829326923076923 0.6069711538461539 0.10576923076923077 0.1346153846153846
1 0.44591346153846156 0.2776442307692308 0.07932692307692307 0.08173076923076923
1 0.6237980769230769 0.28846153846153844 0.08653846153846154 0.0985576923076923
1 0.6021634615384616 0.38221153846153844 0.08173076923076923 0.0889423076923077
1 0.6586538461538461 0.44471153846153844 0.09615384615384616 0.10576923076923077
1 0.7283653846153846 0.41225961538461536 0.10576923076923077 0.12259615384615384
1 0.34134615384615385 0.7536057692307693 0.10096153846153846 0.1466346153846154
1 0.6610576923076923 0.7331730769230769 0.12259615384615384 0.13942307692307693
0 0.14783653846153846 0.453125 0.10096153846153846 0.10576923076923077
0 0.20072115384615385 0.34375 0.08413461538461539 0.07932692307692307
0 0.3786057692307692 0.3701923076923077 0.0985576923076923 0.11778846153846154
0 0.38341346153846156 0.4987980769230769 0.09375 0.125
0 0.46274038461538464 0.5733173076923077 0.10096153846153846 0.11057692307692307
0 0.4951923076923077 0.703125 0.1201923076923077 0.1346153846153846
0 0.6478365384615384 0.5793269230769231 0.11298076923076923 0.13701923076923078
0 0.25841346153846156 0.8064903846153846 0.09615384615384616 0.1346153846153846
0 0.953125 0.7463942307692307 0.09375 0.15144230769230768
0 0.9134615384615384 0.5324519230769231 0.0985576923076923 0.12980769230769232