1 0.8828125 0.3921875 0.08046875 0.05625
1 0.54765625 0.40625 0.0765625 0.07109375
1 0.53125 0.34140625 0.06953125 0.059375
1 0.26328125 0.24609375 0.06875 0.05859375
1 0.12578125 0.3171875 0.059375 0.0578125
1 0.3171875 0.2 0.0578125 0.040625
1 0.36484375 0.4546875 0.08046875 0.09453125
1 0.51640625 0.47578125 0.09140625 0.08125
2 0.790625 0.3984375 0.08359375 0.090625
2 0.646875 0.45 0.084375 0.08984375
2 0.4234375 0.5671875 0.0765625 0.08359375
2 0.3734375 0.6734375 0.125 0.12890625
2 0.21484375 0.59765625 0.125 0.07890625
2 0.4015625 0.34140625 0.07578125 0.0796875
2 0.34765625 0.27421875 0.06015625 0.0484375
2 0.4375 0.18828125 0.05625 0.0609375
0 0.66015625 0.37734375 0.0828125 0.06328125
0 0.6171875 0.3125 0.07421875 0.0609375
0 0.5734375 0.2703125 0.06171875 0.04609375
0 0.46796875 0.36796875 0.06953125 0.071875
0 0.57421875 0.64375 0.1125 0.10234375
0 0.196875 0.5046875 0.08125 0.09609375
0 0.16171875 0.37109375 0.0671875 0.059375
0 0.278125 0.33515625 0.0765625 0.078125