2 0.903125 0.6578125 0.121875 0.11875
2 0.89921875 0.540625 0.090625 0.1046875
2 0.67109375 0.48125 0.090625 0.0875
2 0.53125 0.6078125 0.1046875 0.1234375
2 0.46328125 0.35703125 0.0625 0.0859375
2 0.38984375 0.2578125 0.0671875 0.071875
2 0.68828125 0.22109375 0.06875 0.0765625
2 0.659375 0.26640625 0.0671875 0.08125
1 0.41640625 0.61953125 0.1015625 0.121875
1 0.278125 0.59921875 0.1265625 0.125
1 0.25625 0.43046875 0.090625 0.1203125
1 0.27578125 0.32890625 0.0859375 0.0859375
1 0.39765625 0.3703125 0.0734375 0.0734375
1 0.42890625 0.4890625 0.0984375 0.1203125
1 0.5015625 0.2265625 0.0734375 0.0765625
1 0.60078125 0.30078125 0.06875 0.08125
0 0.659375 0.6640625 0.0953125 0.103125
0 0.42265625 0.81640625 0.115625 0.146875
0 0.34375 0.19296875 0.0875 0.0828125
0 0.26328125 0.2265625 0.078125 0.0828125
0 0.15703125 0.26015625 0.071875 0.0828125
0 0.10625 0.40546875 0.0984375 0.11875
0 0.45 0.2828125 0.0828125 0.075
0 0.66640625 0.39921875 0.090625 0.0875