1 0.32734375 0.28515625 0.05859375 0.053125
1 0.13359375 0.4328125 0.0984375 0.075
1 0.27890625 0.64609375 0.09765625 0.0984375
1 0.67890625 0.53359375 0.09375 0.071875
1 0.65546875 0.42578125 0.071875 0.08828125
1 0.7359375 0.684375 0.0984375 0.12421875
1 0.609375 0.88046875 0.10859375 0.1578125
1 0.2703125 0.45078125 0.0828125 0.07578125
2 0.284375 0.546875 0.10625 0.09140625
2 0.1578125 0.55703125 0.1 0.078125
2 0.41640625 0.43671875 0.07734375 0.0609375
2 0.396875 0.36328125 0.07265625 0.075
2 0.44453125 0.73203125 0.09609375 0.10859375
2 0.5234375 0.628125 0.0875 0.09765625
2 0.77890625 0.57265625 0.0796875 0.07578125
2 0.76328125 0.434375 0.09296875 0.09453125
0 0.90078125 0.73671875 0.12109375 0.14765625
0 0.6375 0.653125 0.0875 0.10625
0 0.29140625 0.7484375 0.0859375 0.0875
0 0.521875 0.45390625 0.07109375 0.08203125
0 0.58125 0.3171875 0.05625 0.06796875
0 0.47578125 0.34921875 0.078125 0.0625
0 0.4640625 0.29765625 0.07265625 0.0578125
0 0.25546875 0.32734375 0.06953125 0.0671875