0 0.58203125 0.640625 0.08984375 0.09609375
0 0.36015625 0.5625 0.08203125 0.09296875
0 0.4078125 0.48203125 0.08359375 0.07578125
0 0.509375 0.35703125 0.07265625 0.0671875
0 0.63828125 0.3296875 0.06640625 0.0625
0 0.67421875 0.42578125 0.06640625 0.06953125
0 0.27421875 0.35234375 0.08515625 0.06015625
0 0.8609375 0.4734375 0.0875 0.09609375
1 0.81484375 0.60078125 0.08046875 0.0890625
1 0.4484375 0.690625 0.10625 0.10390625
1 0.26015625 0.5484375 0.090625 0.084375
1 0.21953125 0.71015625 0.11796875 0.1015625
1 0.1390625 0.6 0.1 0.09453125
1 0.1375 0.48671875 0.10078125 0.07578125
1 0.23515625 0.40546875 0.08125 0.06640625
1 0.5 0.478125 0.07890625 0.0796875
2 0.2640625 0.4765625 0.08828125 0.07421875
2 0.3703125 0.82265625 0.11171875 0.10234375
2 0.653125 0.85234375 0.10078125 0.125
2 0.72890625 0.690625 0.0859375 0.1078125
2 0.66640625 0.56953125 0.0765625 0.09140625
2 0.57109375 0.49765625 0.06171875 0.08359375
2 0.73359375 0.496875 0.0734375 0.078125
2 0.76953125 0.40546875 0.07890625 0.07734375