1 0.846875 0.378125 0.0640625 0.06171875
1 0.778125 0.39296875 0.05234375 0.05
1 0.65390625 0.3296875 0.040625 0.040625
1 0.340625 0.34296875 0.0453125 0.040625
1 0.325 0.40078125 0.04296875 0.05390625
1 0.2875 0.33203125 0.04921875 0.04375
1 0.10078125 0.38359375 0.053125 0.05078125
1 0.440625 0.3859375 0.04765625 0.04296875
2 0.14296875 0.33359375 0.04375 0.0390625
2 0.2078125 0.390625 0.05078125 0.04609375
2 0.39609375 0.35234375 0.04921875 0.04375
2 0.446875 0.3421875 0.034375 0.0328125
2 0.58828125 0.38984375 0.05 0.046875
2 0.5171875 0.36484375 0.04765625 0.03125
2 0.68828125 0.359375 0.0484375 0.0328125
2 0.67265625 0.40234375 0.03828125 0.04140625
0 0.1625 0.3875 0.04765625 0.04375
0 0.1984375 0.34375 0.0484375 0.0390625
0 0.2578125 0.39296875 0.05234375 0.0515625
0 0.39296875 0.39921875 0.0421875 0.0453125
0 0.546875 0.3375 0.04375 0.03125
0 0.52265625 0.40625 0.04921875 0.04609375
0 0.61171875 0.33984375 0.0484375 0.04375
0 0.7515625 0.3484375 0.04609375 0.0375