1 0.640625 0.5300480769230769 0.06971153846153846 0.0625
0 0.7055288461538461 0.5588942307692307 0.08173076923076923 0.06971153846153846
1 0.7367788461538461 0.5012019230769231 0.0673076923076923 0.057692307692307696
1 0.5540865384615384 0.5576923076923077 0.07451923076923077 0.06009615384615385
0 0.5432692307692307 0.6634615384615384 0.08413461538461539 0.07211538461538461
1 0.6129807692307693 0.6526442307692307 0.07211538461538461 0.0673076923076923
1 0.7439903846153846 0.65625 0.0889423076923077 0.07692307692307693
1 0.453125 0.8677884615384616 0.07932692307692307 0.06009615384615385
1 0.29927884615384615 0.7944711538461539 0.07451923076923077 0.06490384615384616
1 0.33052884615384615 0.5180288461538461 0.07932692307692307 0.06490384615384616
1 0.3233173076923077 0.3545673076923077 0.08413461538461539 0.08173076923076923
1 0.578125 0.38822115384615385 0.07211538461538461 0.06009615384615385
2 0.6057692307692307 0.31490384615384615 0.07932692307692307 0.07211538461538461
2 0.765625 0.43990384615384615 0.08173076923076923 0.06490384615384616
2 0.5649038461538461 0.47716346153846156 0.08173076923076923 0.06971153846153846
2 0.39783653846153844 0.5564903846153846 0.07692307692307693 0.06490384615384616
2 0.45552884615384615 0.6129807692307693 0.08413461538461539 0.07451923076923077
2 0.33774038461538464 0.6526442307692307 0.0889423076923077 0.06971153846153846
2 0.24278846153846154 0.7680288461538461 0.06971153846153846 0.055288461538461536
2 0.5637019230769231 0.7512019230769231 0.08173076923076923 0.06490384615384616
2 0.5961538461538461 0.8305288461538461 0.08173076923076923 0.06971153846153846
2 0.42788461538461536 0.7632211538461539 0.08413461538461539 0.06971153846153846
0 0.3918269230769231 0.265625 0.08413461538461539 0.0673076923076923
0 0.5204326923076923 0.24519230769230768 0.09134615384615384 0.07211538461538461
0 0.47716346153846156 0.33052884615384615 0.08173076923076923 0.07211538461538461
0 0.39783653846153844 0.4326923076923077 0.08413461538461539 0.07451923076923077
0 0.4567307692307692 0.48677884615384615 0.08653846153846154 0.07211538461538461
0 0.30288461538461536 0.6021634615384616 0.0985576923076923 0.06490384615384616
0 0.7764423076923077 0.5673076923076923 0.07692307692307693 0.0673076923076923
0 0.6935096153846154 0.7560096153846154 0.0889423076923077 0.07692307692307693