0 0.23197115384615385 0.46875 0.08173076923076923 0.06971153846153846
0 0.23798076923076922 0.6286057692307693 0.06971153846153846 0.0625
0 0.4110576923076923 0.4879807692307692 0.0625 0.052884615384615384
0 0.3798076923076923 0.4387019230769231 0.07211538461538461 0.057692307692307696
0 0.328125 0.33533653846153844 0.06971153846153846 0.0625
0 0.49038461538461536 0.4182692307692308 0.07692307692307693 0.06009615384615385
0 0.5997596153846154 0.4098557692307692 0.08173076923076923 0.0673076923076923
1 0.7716346153846154 0.3389423076923077 0.10096153846153846 0.07211538461538461
0 0.6826923076923077 0.28846153846153844 0.08413461538461539 0.0625
0 0.5661057692307693 0.28846153846153844 0.08413461538461539 0.0625
0 0.3918269230769231 0.3088942307692308 0.06971153846153846 0.057692307692307696
1 0.4639423076923077 0.2692307692307692 0.07451923076923077 0.0625
1 0.25600961538461536 0.3425480769230769 0.07692307692307693 0.06971153846153846
1 0.4987980769230769 0.49158653846153844 0.08173076923076923 0.06971153846153846
1 0.6862980769230769 0.48197115384615385 0.09375 0.06490384615384616
1 0.8485576923076923 0.47716346153846156 0.08653846153846154 0.07211538461538461
2 0.4495192307692308 0.5733173076923077 0.06971153846153846 0.06490384615384616
1 0.375 0.5733173076923077 0.0673076923076923 0.06009615384615385
1 0.5084134615384616 0.75 0.08653846153846154 0.0625
1 0.28725961538461536 0.5480769230769231 0.07451923076923077 0.06490384615384616
1 0.33774038461538464 0.5276442307692307 0.07451923076923077 0.055288461538461536
2 0.5612980769230769 0.2127403846153846 0.08653846153846154 0.0673076923076923
2 0.4795673076923077 0.17908653846153846 0.08653846153846154 0.06490384615384616
2 0.7307692307692307 0.1875 0.09615384615384616 0.07692307692307693
2 0.49399038461538464 0.33653846153846156 0.08413461538461539 0.06490384615384616
2 0.7764423076923077 0.4182692307692308 0.09615384615384616 0.06971153846153846
2 0.65625 0.6262019230769231 0.08173076923076923 0.07451923076923077
2 0.5649038461538461 0.6502403846153846 0.08413461538461539 0.06971153846153846
2 0.3449519230769231 0.6466346153846154 0.08653846153846154 0.0673076923076923
2 0.5901442307692307 0.5036057692307693 0.08413461538461539 0.06971153846153846