0 0.84765625 0.85078125 0.1078125 0.1375
0 0.8359375 0.58203125 0.08046875 0.09375
0 0.61875 0.57578125 0.0921875 0.12578125
0 0.54921875 0.534375 0.07265625 0.0828125
0 0.59375 0.4578125 0.065625 0.06484375
0 0.43125 0.60859375 0.0828125 0.07421875
0 0.203125 0.60859375 0.0921875 0.1
0 0.2890625 0.4390625 0.06484375 0.071875
1 0.70859375 0.5296875 0.06484375 0.10546875
1 0.62421875 0.74921875 0.10859375 0.12265625
1 0.46796875 0.80859375 0.1015625 0.1171875
1 0.49765625 0.6984375 0.08984375 0.09296875
1 0.60546875 0.37734375 0.0671875 0.07421875
1 0.359375 0.38515625 0.065625 0.0703125
1 0.35703125 0.48203125 0.0703125 0.1015625
1 0.3484375 0.2515625 0.05234375 0.0609375
2 0.4875 0.36875 0.07734375 0.0703125
2 0.4578125 0.434375 0.078125 0.071875
2 0.26640625 0.721875 0.11015625 0.128125
2 0.10078125 0.61171875 0.08046875 0.10703125
2 0.11640625 0.4953125 0.11015625 0.07578125
2 0.20703125 0.50625 0.08515625 0.0671875
2 0.40625 0.27265625 0.0546875 0.04765625
2 0.6875 0.40859375 0.08359375 0.07734375