2 0.7953125 0.7 0.1203125 0.1453125
2 0.821875 0.48046875 0.09375 0.1109375
2 0.56875 0.54140625 0.09375 0.1015625
2 0.5546875 0.6390625 0.1078125 0.103125
2 0.55625 0.43359375 0.0875 0.1140625
2 0.15078125 0.36640625 0.0859375 0.0703125
2 0.12265625 0.44921875 0.078125 0.0703125
2 0.2515625 0.3171875 0.0765625 0.08125
0 0.68125 0.7 0.1 0.1140625
0 0.67890625 0.484375 0.0890625 0.1046875
0 0.4859375 0.409375 0.0703125 0.0875
0 0.32578125 0.56875 0.103125 0.10625
0 0.1578125 0.66328125 0.1140625 0.11875
0 0.33125 0.35546875 0.0828125 0.0859375
0 0.30546875 0.18828125 0.0734375 0.0703125
0 0.33828125 0.86484375 0.13125 0.1640625
1 0.50390625 0.73359375 0.1265625 0.125
1 0.31328125 0.69453125 0.115625 0.1453125
1 0.18046875 0.50078125 0.090625 0.0953125
1 0.340625 0.459375 0.078125 0.09375
1 0.3265625 0.2765625 0.071875 0.071875
1 0.50546875 0.25859375 0.0828125 0.0828125
1 0.51171875 0.1984375 0.0671875 0.0546875
1 0.621875 0.384375 0.075 0.103125