2 0.3401442307692308 0.29927884615384615 0.08774038461538461 0.0673076923076923
2 0.4326923076923077 0.34134615384615385 0.08052884615384616 0.06009615384615385
2 0.6394230769230769 0.4675480769230769 0.06971153846153846 0.05889423076923077
2 0.7115384615384616 0.43149038461538464 0.0829326923076923 0.06129807692307692
2 0.8173076923076923 0.4206730769230769 0.0829326923076923 0.06129807692307692
2 0.6790865384615384 0.5456730769230769 0.07211538461538461 0.06009615384615385
2 0.4735576923076923 0.6081730769230769 0.09014423076923077 0.057692307692307696
2 0.35336538461538464 0.7283653846153846 0.07932692307692307 0.056490384615384616
2 0.6622596153846154 0.7644230769230769 0.06971153846153846 0.052884615384615384
2 0.75 0.7524038461538461 0.07091346153846154 0.056490384615384616
1 0.5360576923076923 0.31971153846153844 0.0889423076923077 0.06971153846153846
1 0.6550480769230769 0.28125 0.0733173076923077 0.06370192307692307
1 0.5612980769230769 0.6141826923076923 0.078125 0.04927884615384615
1 0.37740384615384615 0.65625 0.07692307692307693 0.051682692307692304
1 0.7091346153846154 0.6165865384615384 0.07692307692307693 0.056490384615384616
1 0.8112980769230769 0.6262019230769231 0.06490384615384616 0.04807692307692308
1 0.5733173076923077 0.7247596153846154 0.08173076923076923 0.06850961538461539
1 0.47475961538461536 0.7548076923076923 0.08413461538461539 0.052884615384615384
1 0.8389423076923077 0.7391826923076923 0.07572115384615384 0.057692307692307696
1 0.7608173076923077 0.5108173076923077 0.07692307692307693 0.0673076923076923
0 0.41586538461538464 0.4423076923076923 0.09134615384615384 0.06850961538461539
0 0.5396634615384616 0.4266826923076923 0.07692307692307693 0.06610576923076923
0 0.4579326923076923 0.515625 0.0733173076923077 0.07451923076923077
0 0.5637019230769231 0.5444711538461539 0.07091346153846154 0.06850961538461539
0 0.2848557692307692 0.5252403846153846 0.0829326923076923 0.07091346153846154
0 0.2536057692307692 0.6069711538461539 0.09254807692307693 0.07091346153846154
0 0.484375 0.6959134615384616 0.0733173076923077 0.06129807692307692
0 0.6634615384615384 0.6802884615384616 0.0889423076923077 0.06370192307692307
0 0.7908653846153846 0.6899038461538461 0.06009615384615385 0.054086538461538464
0 0.8461538461538461 0.5240384615384616 0.06490384615384616 0.057692307692307696