0 0.675 0.54609375 0.08125 0.0984375
0 0.6265625 0.31953125 0.06875 0.1046875
0 0.5765625 0.26796875 0.0609375 0.0828125
0 0.64765625 0.12421875 0.065625 0.0875
0 0.4109375 0.38515625 0.0796875 0.1078125
0 0.5125 0.54140625 0.0828125 0.10625
0 0.27890625 0.66484375 0.071875 0.09375
0 0.34296875 0.30078125 0.0890625 0.10625
1 0.303125 0.77578125 0.084375 0.0984375
1 0.12109375 0.68359375 0.0890625 0.0953125
1 0.22265625 0.5078125 0.090625 0.1
1 0.3109375 0.41640625 0.084375 0.0921875
1 0.43359375 0.27421875 0.0734375 0.109375
1 0.78515625 0.58984375 0.078125 0.09375
1 0.87421875 0.70859375 0.0828125 0.1203125
1 0.51875 0.82421875 0.0859375 0.109375
2 0.57109375 0.69453125 0.0875 0.1375
2 0.4359375 0.659375 0.0859375 0.109375
2 0.43515625 0.784375 0.0921875 0.1375
2 0.2015625 0.646875 0.08125 0.1125
2 0.7109375 0.78671875 0.0890625 0.1296875
2 0.79453125 0.478125 0.071875 0.125
2 0.58828125 0.509375 0.0703125 0.1140625
2 0.5296875 0.34765625 0.1015625 0.103125