1 0.3798076923076923 0.15985576923076922 0.09375 0.06971153846153846
1 0.30528846153846156 0.23197115384615385 0.09375 0.0625
1 0.18269230769230768 0.3737980769230769 0.06971153846153846 0.06009615384615385
1 0.5745192307692307 0.20673076923076922 0.09615384615384616 0.07451923076923077
1 0.6153846153846154 0.35096153846153844 0.0889423076923077 0.06971153846153846
1 0.33774038461538464 0.4735576923076923 0.07932692307692307 0.06009615384615385
1 0.43509615384615385 0.43990384615384615 0.07692307692307693 0.06490384615384616
1 0.26802884615384615 0.5456730769230769 0.08413461538461539 0.06490384615384616
1 0.09975961538461539 0.6574519230769231 0.0889423076923077 0.0625
1 0.44591346153846156 0.2620192307692308 0.09615384615384616 0.06971153846153846
2 0.4639423076923077 0.359375 0.08173076923076923 0.07211538461538461
2 0.53125 0.43509615384615385 0.07932692307692307 0.0625
2 0.5769230769230769 0.6081730769230769 0.07451923076923077 0.06490384615384616
2 0.4254807692307692 0.5492788461538461 0.07692307692307693 0.055288461538461536
2 0.3701923076923077 0.6153846153846154 0.08413461538461539 0.06971153846153846
2 0.11658653846153846 0.4387019230769231 0.07451923076923077 0.06009615384615385
2 0.14543269230769232 0.5060096153846154 0.0673076923076923 0.05048076923076923
2 0.125 0.5733173076923077 0.07932692307692307 0.055288461538461536
2 0.41225961538461536 0.7259615384615384 0.07451923076923077 0.0625
2 0.33052884615384615 0.7319711538461539 0.06971153846153846 0.04567307692307692
0 0.6442307692307693 0.43028846153846156 0.09134615384615384 0.06971153846153846
0 0.31490384615384615 0.38221153846153844 0.07692307692307693 0.057692307692307696
0 0.6778846153846154 0.5084134615384616 0.09615384615384616 0.0673076923076923
0 0.5492788461538461 0.5396634615384616 0.08413461538461539 0.06490384615384616
0 0.2127403846153846 0.44591346153846156 0.07211538461538461 0.06009615384615385
0 0.23798076923076922 0.6286057692307693 0.07451923076923077 0.0673076923076923
0 0.35216346153846156 0.6887019230769231 0.0673076923076923 0.052884615384615384
0 0.24519230769230768 0.6983173076923077 0.06009615384615385 0.04807692307692308
0 0.21033653846153846 0.7319711538461539 0.0625 0.06009615384615385
0 0.4423076923076923 0.7944711538461539 0.07932692307692307 0.052884615384615384