1 0.45625 0.6078125 0.090625 0.1171875
1 0.37578125 0.42734375 0.0765625 0.0828125
1 0.79765625 0.52421875 0.0859375 0.0703125
1 0.82421875 0.45859375 0.08125 0.08125
1 0.690625 0.38359375 0.08125 0.071875
1 0.33359375 0.26484375 0.0671875 0.06875
1 0.5078125 0.31171875 0.0734375 0.06875
1 0.49921875 0.51953125 0.0828125 0.071875
0 0.55234375 0.7609375 0.1015625 0.1234375
0 0.34921875 0.80234375 0.1203125 0.121875
0 0.3 0.6421875 0.103125 0.1171875
0 0.36015625 0.53125 0.0890625 0.0765625
0 0.25546875 0.38125 0.078125 0.0796875
0 0.46875 0.4484375 0.0828125 0.0640625
0 0.815625 0.5984375 0.096875 0.0890625
0 0.55390625 0.65234375 0.1046875 0.096875
2 0.72265625 0.58515625 0.1 0.096875
2 0.56796875 0.4625 0.090625 0.078125
2 0.62578125 0.4375 0.071875 0.08125
2 0.575 0.3859375 0.075 0.0640625
2 0.5734375 0.29453125 0.071875 0.071875
2 0.45078125 0.2609375 0.0671875 0.065625
2 0.3203125 0.32890625 0.0734375 0.0625
2 0.25390625 0.4765625 0.0765625 0.0828125