2 0.6370192307692307 0.3762019230769231 0.07211538461538461 0.056490384615384616
2 0.46033653846153844 0.2860576923076923 0.07932692307692307 0.05889423076923077
0 0.17067307692307693 0.31850961538461536 0.057692307692307696 0.04326923076923077
2 0.22716346153846154 0.2764423076923077 0.055288461538461536 0.05048076923076923
0 0.2800480769230769 0.4411057692307692 0.057692307692307696 0.046875
2 0.3245192307692308 0.40024038461538464 0.06610576923076923 0.054086538461538464
2 0.203125 0.484375 0.054086538461538464 0.052884615384615384
1 0.22596153846153846 0.5552884615384616 0.06971153846153846 0.04807692307692308
2 0.29086538461538464 0.5120192307692307 0.054086538461538464 0.051682692307692304
2 0.3137019230769231 0.6153846153846154 0.06850961538461539 0.06009615384615385
2 0.3918269230769231 0.5264423076923077 0.06370192307692307 0.04807692307692308
2 0.5733173076923077 0.6213942307692307 0.0889423076923077 0.056490384615384616
2 0.44711538461538464 0.7055288461538461 0.06370192307692307 0.04807692307692308
1 0.16105769230769232 0.4014423076923077 0.054086538461538464 0.051682692307692304
1 0.39783653846153844 0.38822115384615385 0.0625 0.051682692307692304
1 0.4675480769230769 0.38341346153846156 0.06009615384615385 0.051682692307692304
1 0.3858173076923077 0.46153846153846156 0.054086538461538464 0.04807692307692308
1 0.6766826923076923 0.7608173076923077 0.07572115384615384 0.056490384615384616
1 0.41346153846153844 0.7824519230769231 0.0625 0.04927884615384615
1 0.4266826923076923 0.5841346153846154 0.06370192307692307 0.052884615384615384
1 0.5504807692307693 0.25961538461538464 0.07211538461538461 0.056490384615384616
1 0.29447115384615385 0.2980769230769231 0.0625 0.04927884615384615
0 0.3557692307692308 0.2512019230769231 0.06610576923076923 0.054086538461538464
0 0.5528846153846154 0.3317307692307692 0.06370192307692307 0.04326923076923077
0 0.4387019230769231 0.4735576923076923 0.056490384615384616 0.04447115384615385
0 0.4855769230769231 0.5300480769230769 0.06370192307692307 0.05048076923076923
0 0.5685096153846154 0.5240384615384616 0.0673076923076923 0.054086538461538464
0 0.6490384615384616 0.5228365384615384 0.0829326923076923 0.06009615384615385
0 0.5540865384615384 0.41947115384615385 0.0673076923076923 0.06009615384615385
0 0.5108173076923077 0.6742788461538461 0.0733173076923077 0.057692307692307696