1 0.72421875 0.3015625 0.0890625 0.1
1 0.55234375 0.496875 0.08125 0.109375
1 0.64453125 0.66171875 0.0765625 0.10625
1 0.5359375 0.61328125 0.0640625 0.0765625
1 0.47265625 0.59375 0.065625 0.08125
1 0.36171875 0.65703125 0.065625 0.0890625
1 0.15546875 0.540625 0.0640625 0.0828125
1 0.23828125 0.4265625 0.0734375 0.0890625
0 0.65625 0.4171875 0.078125 0.090625
0 0.5390625 0.325 0.065625 0.0796875
0 0.46015625 0.45390625 0.0703125 0.078125
0 0.2921875 0.4953125 0.071875 0.090625
0 0.2734375 0.63671875 0.0953125 0.1046875
0 0.29609375 0.78984375 0.08125 0.1109375
0 0.553125 0.765625 0.0640625 0.0984375
0 0.578125 0.6703125 0.0703125 0.096875
2 0.4109375 0.77734375 0.0765625 0.0890625
2 0.61484375 0.7984375 0.084375 0.1078125
2 0.72890625 0.69140625 0.084375 0.1078125
2 0.66171875 0.52109375 0.0890625 0.096875
2 0.590625 0.37578125 0.078125 0.0890625
2 0.47578125 0.378125 0.0703125 0.0890625
2 0.4421875 0.3015625 0.0671875 0.0828125
2 0.3796875 0.4578125 0.0765625 0.0953125