0 0.8822115384615384 0.46274038461538464 0.09375 0.07692307692307693
0 0.47475961538461536 0.5348557692307693 0.10096153846153846 0.08653846153846154
0 0.30288461538461536 0.4483173076923077 0.10336538461538461 0.0889423076923077
0 0.26802884615384615 0.5793269230769231 0.10096153846153846 0.0889423076923077
0 0.8918269230769231 0.7439903846153846 0.08173076923076923 0.0673076923076923
0 0.7884615384615384 0.71875 0.09375 0.06490384615384616
0 0.7067307692307693 0.5949519230769231 0.10096153846153846 0.07451923076923077
0 0.6105769230769231 0.8161057692307693 0.09615384615384616 0.07211538461538461
0 0.6694711538461539 0.7463942307692307 0.08653846153846154 0.07211538461538461
0 0.5480769230769231 0.22596153846153846 0.10336538461538461 0.08653846153846154
2 0.3737980769230769 0.22235576923076922 0.0985576923076923 0.08653846153846154
2 0.32572115384615385 0.3449519230769231 0.0985576923076923 0.07451923076923077
2 0.6033653846153846 0.3173076923076923 0.0889423076923077 0.07211538461538461
2 0.8425480769230769 0.5516826923076923 0.08413461538461539 0.07451923076923077
2 0.9471153846153846 0.6213942307692307 0.08653846153846154 0.07932692307692307
2 0.6225961538461539 0.6670673076923077 0.08653846153846154 0.06490384615384616
2 0.3112980769230769 0.7199519230769231 0.09375 0.08173076923076923
2 0.3713942307692308 0.6322115384615384 0.0985576923076923 0.08173076923076923
2 0.7091346153846154 0.8533653846153846 0.0985576923076923 0.08413461538461539
2 0.47115384615384615 0.7740384615384616 0.09375 0.08173076923076923
1 0.671875 0.4495192307692308 0.0889423076923077 0.07932692307692307
1 0.7451923076923077 0.3954326923076923 0.08653846153846154 0.07692307692307693
1 0.5432692307692307 0.4519230769230769 0.10096153846153846 0.08173076923076923
1 0.5889423076923077 0.5456730769230769 0.10096153846153846 0.07932692307692307
1 0.39903846153846156 0.4182692307692308 0.0889423076923077 0.06971153846153846
1 0.5324519230769231 0.6899038461538461 0.09134615384615384 0.07211538461538461
1 0.5300480769230769 0.6141826923076923 0.09134615384615384 0.06490384615384616
1 0.8870192307692307 0.8365384615384616 0.09134615384615384 0.07692307692307693
1 0.7680288461538461 0.515625 0.0889423076923077 0.07451923076923077
1 0.8137019230769231 0.6430288461538461 0.08173076923076923 0.06971153846153846