0 0.60703125 0.62265625 0.10625 0.1109375
0 0.375 0.58828125 0.0984375 0.10625
0 0.40625 0.5 0.096875 0.090625
0 0.48203125 0.3578125 0.084375 0.0796875
0 0.603125 0.30625 0.0765625 0.0734375
0 0.65703125 0.39375 0.078125 0.08125
0 0.25 0.3984375 0.0953125 0.075
0 0.84921875 0.4046875 0.1046875 0.1109375
1 0.828125 0.5390625 0.0953125 0.103125
1 0.4859375 0.696875 0.1234375 0.121875
1 0.2734375 0.59296875 0.1046875 0.1
1 0.26484375 0.76015625 0.1359375 0.121875
1 0.16484375 0.6671875 0.115625 0.1125
1 0.14140625 0.55625 0.1140625 0.09375
1 0.221875 0.4578125 0.0921875 0.08125
1 0.49609375 0.47890625 0.0921875 0.09375
2 0.2640625 0.521875 0.1015625 0.0890625
2 0.434375 0.84140625 0.1296875 0.121875
2 0.7171875 0.81640625 0.1234375 0.1421875
2 0.7609375 0.64375 0.1046875 0.121875
2 0.6765625 0.53671875 0.0921875 0.1046875
2 0.56953125 0.484375 0.0765625 0.09375
2 0.72890625 0.45234375 0.0875 0.090625
2 0.746875 0.35546875 0.0921875 0.090625