2 0.5528846153846154 0.037259615384615384 0.125 0.07451923076923077
2 0.59375 0.3701923076923077 0.1346153846153846 0.11538461538461539
2 0.6899038461538461 0.27884615384615385 0.1346153846153846 0.12259615384615384
2 0.6358173076923077 0.5072115384615384 0.1346153846153846 0.12259615384615384
2 0.7716346153846154 0.8978365384615384 0.125 0.1201923076923077
2 0.3425480769230769 0.6117788461538461 0.09134615384615384 0.0889423076923077
2 0.21634615384615385 0.6009615384615384 0.1201923076923077 0.0985576923076923
0 0.17427884615384615 0.41346153846153844 0.08173076923076923 0.07451923076923077
2 0.23798076923076922 0.3581730769230769 0.0985576923076923 0.08173076923076923
2 0.10336538461538461 0.4807692307692308 0.09615384615384616 0.09134615384615384
2 0.3112980769230769 0.5372596153846154 0.10096153846153846 0.08413461538461539
1 0.6225961538461539 0.13581730769230768 0.1346153846153846 0.10817307692307693
1 0.5805288461538461 0.21995192307692307 0.14423076923076922 0.11538461538461539
1 0.7451923076923077 0.17067307692307693 0.125 0.10576923076923077
1 0.7560096153846154 0.4495192307692308 0.13221153846153846 0.11778846153846154
1 0.7596153846153846 0.5408653846153846 0.09375 0.08653846153846154
1 0.703125 0.7115384615384616 0.1201923076923077 0.11057692307692307
1 0.8305288461538461 0.6875 0.1201923076923077 0.10336538461538461
1 0.23798076923076922 0.2980769230769231 0.10576923076923077 0.08413461538461539
1 0.14783653846153846 0.5432692307692307 0.10096153846153846 0.07692307692307693
1 0.36778846153846156 0.7235576923076923 0.08413461538461539 0.07451923076923077
0 0.6634615384615384 0.019230769230769232 0.11538461538461539 0.038461538461538464
0 0.7632211538461539 0.36177884615384615 0.11298076923076923 0.09375
0 0.6466346153846154 0.6069711538461539 0.13701923076923078 0.10576923076923077
0 0.8269230769230769 0.5865384615384616 0.10576923076923077 0.0889423076923077
0 0.8329326923076923 0.7788461538461539 0.12740384615384615 0.11778846153846154
0 0.22956730769230768 0.4567307692307692 0.10336538461538461 0.0889423076923077
0 0.3701923076923077 0.47716346153846156 0.09615384615384616 0.08413461538461539
0 0.4411057692307692 0.609375 0.10096153846153846 0.08653846153846154
0 0.23197115384615385 0.7211538461538461 0.10096153846153846 0.08653846153846154