2 0.7223557692307693 0.3293269230769231 0.06009615384615385 0.04567307692307692
2 0.43149038461538464 0.23317307692307693 0.07091346153846154 0.057692307692307696
2 0.5492788461538461 0.3942307692307692 0.07572115384615384 0.056490384615384616
2 0.7451923076923077 0.45552884615384615 0.06850961538461539 0.04447115384615385
2 0.44350961538461536 0.5408653846153846 0.06850961538461539 0.05889423076923077
2 0.32091346153846156 0.5997596153846154 0.06490384615384616 0.055288461538461536
2 0.3293269230769231 0.65625 0.078125 0.055288461538461536
2 0.4206730769230769 0.6418269230769231 0.07932692307692307 0.051682692307692304
2 0.6466346153846154 0.7644230769230769 0.057692307692307696 0.04326923076923077
2 0.5072115384615384 0.8221153846153846 0.0733173076923077 0.056490384615384616
0 0.30649038461538464 0.18389423076923078 0.06370192307692307 0.05048076923076923
0 0.33413461538461536 0.35697115384615385 0.07451923076923077 0.055288461538461536
0 0.4735576923076923 0.40625 0.07091346153846154 0.04927884615384615
0 0.5444711538461539 0.5132211538461539 0.07091346153846154 0.04927884615384615
0 0.5697115384615384 0.46875 0.06850961538461539 0.04927884615384615
0 0.6610576923076923 0.5108173076923077 0.0625 0.04567307692307692
0 0.8257211538461539 0.46875 0.0673076923076923 0.052884615384615384
0 0.78125 0.6262019230769231 0.0625 0.04927884615384615
0 0.6610576923076923 0.8149038461538461 0.07091346153846154 0.051682692307692304
0 0.43149038461538464 0.6947115384615384 0.07572115384615384 0.054086538461538464
1 0.5877403846153846 0.7403846153846154 0.06129807692307692 0.052884615384615384
1 0.3425480769230769 0.5324519230769231 0.07572115384615384 0.06009615384615385
1 0.21875 0.4074519230769231 0.0733173076923077 0.06009615384615385
1 0.6117788461538461 0.6262019230769231 0.06490384615384616 0.052884615384615384
1 0.6850961538461539 0.6646634615384616 0.06610576923076923 0.05889423076923077
1 0.8485576923076923 0.5877403846153846 0.051682692307692304 0.04807692307692308
1 0.7043269230769231 0.3954326923076923 0.06610576923076923 0.057692307692307696
1 0.6310096153846154 0.2439903846153846 0.06850961538461539 0.05048076923076923
1 0.5528846153846154 0.26802884615384615 0.07451923076923077 0.05048076923076923
1 0.3004807692307692 0.27524038461538464 0.07211538461538461 0.057692307692307696