1 0.45552884615384615 0.09735576923076923 0.04807692307692308 0.05048076923076923
2 0.41466346153846156 0.13822115384615385 0.06009615384615385 0.0625
0 0.3954326923076923 0.09134615384615384 0.057692307692307696 0.057692307692307696
0 0.6177884615384616 0.23076923076923078 0.07211538461538461 0.0673076923076923
0 0.6105769230769231 0.31971153846153844 0.07692307692307693 0.08653846153846154
1 0.5072115384615384 0.5901442307692307 0.057692307692307696 0.0625
0 0.46634615384615385 0.5360576923076923 0.04567307692307692 0.055288461538461536
0 0.43990384615384615 0.5 0.05048076923076923 0.055288461538461536
2 0.5745192307692307 0.5396634615384616 0.057692307692307696 0.055288461538461536
0 0.5456730769230769 0.5012019230769231 0.04807692307692308 0.05048076923076923
1 0.609375 0.7283653846153846 0.057692307692307696 0.06009615384615385
0 0.5625 0.6646634615384616 0.055288461538461536 0.06971153846153846
0 0.6057692307692307 0.7932692307692307 0.06490384615384616 0.07451923076923077
0 0.4387019230769231 0.6382211538461539 0.052884615384615384 0.05048076923076923
2 0.5288461538461539 0.20552884615384615 0.0625 0.06009615384615385
0 0.47596153846153844 0.140625 0.06009615384615385 0.04567307692307692
1 0.7680288461538461 0.3605769230769231 0.07451923076923077 0.07211538461538461
1 0.6875 0.3954326923076923 0.08173076923076923 0.08413461538461539
1 0.6826923076923077 0.27524038461538464 0.06971153846153846 0.06971153846153846
1 0.4423076923076923 0.06850961538461539 0.055288461538461536 0.05048076923076923
2 0.453125 0.43990384615384615 0.052884615384615384 0.057692307692307696
1 0.4110576923076923 0.4170673076923077 0.04567307692307692 0.057692307692307696
2 0.49399038461538464 0.78125 0.0625 0.07451923076923077
1 0.46033653846153844 0.7235576923076923 0.06009615384615385 0.0625
1 0.40384615384615385 0.7367788461538461 0.06009615384615385 0.06490384615384616
2 0.546875 0.15625 0.0673076923076923 0.06490384615384616
2 0.5600961538461539 0.8641826923076923 0.0673076923076923 0.09375
2 0.38461538461538464 0.47716346153846156 0.06009615384615385 0.055288461538461536
2 0.4206730769230769 0.5769230769230769 0.0673076923076923 0.07451923076923077
2 0.4230769230769231 0.6862980769230769 0.05048076923076923 0.04326923076923077