1 0.734375 0.11015625 0.18125 0.1203125
1 0.35625 0.196875 0.140625 0.13125
1 0.18359375 0.52109375 0.16875 0.128125
1 0.62734375 0.81484375 0.13125 0.1125
1 0.41015625 0.83828125 0.1375 0.1109375
1 0.88671875 0.5640625 0.115625 0.1125
1 0.40234375 0.38046875 0.146875 0.1171875
2 0.83359375 0.40703125 0.125 0.1171875
2 0.759375 0.30703125 0.1140625 0.084375
2 0.52578125 0.25 0.1453125 0.1078125
2 0.340625 0.46796875 0.1578125 0.128125
2 0.5265625 0.66171875 0.1421875 0.1234375
2 0.7890625 0.7296875 0.1484375 0.1078125
2 0.37890625 0.70703125 0.15 0.1328125
0 0.64921875 0.59296875 0.146875 0.1125
0 0.5125 0.5265625 0.16875 0.14375
0 0.759375 0.4953125 0.1375 0.1203125
0 0.634375 0.42578125 0.14375 0.1265625
0 0.22890625 0.6515625 0.15625 0.1296875
0 0.2828125 0.8265625 0.15 0.128125
0 0.7125 0.21640625 0.1484375 0.1109375