2 0.7776442307692307 0.41346153846153844 0.11538461538461539 0.09134615384615384
2 0.9338942307692307 0.5252403846153846 0.11298076923076923 0.08173076923076923
2 0.7980769230769231 0.5805288461538461 0.13221153846153846 0.10336538461538461
2 0.6706730769230769 0.6358173076923077 0.10576923076923077 0.09375
2 0.859375 0.734375 0.10576923076923077 0.08653846153846154
2 0.8557692307692307 0.6682692307692307 0.09134615384615384 0.07451923076923077
2 0.5877403846153846 0.7668269230769231 0.11057692307692307 0.09615384615384616
2 0.09014423076923077 0.46153846153846156 0.12980769230769232 0.10336538461538461
2 0.4182692307692308 0.39302884615384615 0.1201923076923077 0.09134615384615384
2 0.6033653846153846 0.46634615384615385 0.09375 0.08653846153846154
1 0.11057692307692307 0.20793269230769232 0.1346153846153846 0.09615384615384616
1 0.28125 0.6935096153846154 0.10096153846153846 0.08653846153846154
1 0.3870192307692308 0.5528846153846154 0.11298076923076923 0.10096153846153846
1 0.5132211538461539 0.5360576923076923 0.1201923076923077 0.09375
1 0.41346153846153844 0.7199519230769231 0.10817307692307693 0.07451923076923077
1 0.4170673076923077 0.6538461538461539 0.10576923076923077 0.07932692307692307
1 0.7572115384615384 0.7331730769230769 0.11298076923076923 0.09615384615384616
1 0.9350961538461539 0.6826923076923077 0.09134615384615384 0.06971153846153846
1 0.5216346153846154 0.6237980769230769 0.11057692307692307 0.0889423076923077
1 0.45913461538461536 0.7788461538461539 0.10336538461538461 0.07932692307692307
0 0.23677884615384615 0.6057692307692307 0.1201923076923077 0.08653846153846154
0 0.30408653846153844 0.43028846153846156 0.1201923076923077 0.09615384615384616
0 0.22716346153846154 0.3557692307692308 0.11298076923076923 0.09134615384615384
0 0.39663461538461536 0.21875 0.12980769230769232 0.10336538461538461
0 0.6899038461538461 0.32572115384615385 0.11778846153846154 0.0889423076923077
0 0.5228365384615384 0.41586538461538464 0.10336538461538461 0.09375
0 0.9651442307692307 0.41346153846153844 0.06971153846153846 0.08653846153846154
0 0.6838942307692307 0.5216346153846154 0.10096153846153846 0.09375
0 0.8076923076923077 0.8161057692307693 0.11057692307692307 0.10096153846153846
0 0.5552884615384616 0.8425480769230769 0.13221153846153846 0.09375