1 0.6328125 0.065625 0.1875 0.13125
1 0.2875 0.24140625 0.1484375 0.1390625
1 0.1984375 0.596875 0.175 0.1390625
1 0.69921875 0.77421875 0.1375 0.1203125
1 0.49453125 0.85 0.14375 0.1203125
1 0.890625 0.46875 0.121875 0.11875
1 0.37578125 0.40703125 0.153125 0.1265625
2 0.80078125 0.32890625 0.13125 0.125
2 0.7046875 0.25 0.11875 0.090625
2 0.46484375 0.25078125 0.15 0.1171875
2 0.3375 0.5078125 0.1640625 0.1375
2 0.56484375 0.65 0.1484375 0.13125
2 0.8359375 0.653125 0.1546875 0.1171875
2 0.4328125 0.7296875 0.1578125 0.140625
0 0.6671875 0.55390625 0.153125 0.121875
0 0.51875 0.52265625 0.1765625 0.153125
0 0.75 0.4328125 0.14375 0.128125
0 0.6125 0.3953125 0.15 0.134375
0 0.2734375 0.71328125 0.1625 0.1390625
0 0.36875 0.86953125 0.15625 0.1375
0 0.6375 0.1734375 0.153125 0.11875