1 0.9140625 0.54140625 0.0578125 0.0671875
1 0.825 0.5109375 0.059375 0.065625
1 0.7171875 0.50625 0.0640625 0.0703125
1 0.59453125 0.5015625 0.053125 0.065625
1 0.53203125 0.49609375 0.0734375 0.0671875
1 0.49375 0.4140625 0.0484375 0.05625
1 0.2140625 0.43125 0.0453125 0.04375
1 0.1328125 0.47890625 0.0546875 0.0671875
0 0.0703125 0.45 0.0609375 0.0703125
0 0.228125 0.48828125 0.0546875 0.0625
0 0.29453125 0.425 0.046875 0.053125
0 0.25859375 0.3984375 0.04375 0.0484375
0 0.37578125 0.44609375 0.053125 0.0609375
0 0.646875 0.43203125 0.05625 0.0578125
0 0.70859375 0.43671875 0.05 0.0625
0 0.7796875 0.4359375 0.059375 0.065625
2 0.83125 0.434375 0.0546875 0.0671875
2 0.65546875 0.50859375 0.06875 0.0671875
2 0.559375 0.44140625 0.06875 0.053125
2 0.44609375 0.421875 0.0515625 0.0546875
2 0.4609375 0.48046875 0.065625 0.059375
2 0.40234375 0.51328125 0.0671875 0.059375
2 0.32890625 0.49453125 0.06875 0.0671875
2 0.12890625 0.40546875 0.0625 0.0484375