0 0.5012019230769231 0.24278846153846154 0.07932692307692307 0.051682692307692304
0 0.47596153846153844 0.19591346153846154 0.07451923076923077 0.052884615384615384
2 0.6814903846153846 0.27163461538461536 0.0733173076923077 0.0673076923076923
0 0.7295673076923077 0.21875 0.07211538461538461 0.056490384615384616
0 0.6117788461538461 0.2932692307692308 0.078125 0.04927884615384615
0 0.4675480769230769 0.3125 0.0733173076923077 0.06009615384615385
0 0.3737980769230769 0.49278846153846156 0.0733173076923077 0.056490384615384616
0 0.7391826923076923 0.48197115384615385 0.07451923076923077 0.055288461538461536
0 0.46875 0.5877403846153846 0.078125 0.06129807692307692
0 0.8257211538461539 0.5444711538461539 0.07211538461538461 0.056490384615384616
1 0.7283653846153846 0.6646634615384616 0.06610576923076923 0.06009615384615385
0 0.7740384615384616 0.6033653846153846 0.06129807692307692 0.054086538461538464
1 0.32211538461538464 0.234375 0.08173076923076923 0.054086538461538464
1 0.47596153846153844 0.40865384615384615 0.07091346153846154 0.056490384615384616
1 0.5144230769230769 0.49278846153846156 0.08052884615384616 0.06129807692307692
1 0.3173076923076923 0.5673076923076923 0.08413461538461539 0.0673076923076923
1 0.40625 0.7235576923076923 0.08413461538461539 0.07211538461538461
1 0.6550480769230769 0.7884615384615384 0.0673076923076923 0.046875
1 0.46033653846153844 0.8100961538461539 0.08173076923076923 0.055288461538461536
1 0.5540865384615384 0.7199519230769231 0.09014423076923077 0.06370192307692307
1 0.6045673076923077 0.5516826923076923 0.07211538461538461 0.052884615384615384
2 0.3245192307692308 0.33533653846153844 0.07692307692307693 0.06610576923076923
2 0.31971153846153844 0.41466346153846156 0.09615384615384616 0.055288461538461536
2 0.2644230769230769 0.4807692307692308 0.07572115384615384 0.056490384615384616
2 0.6033653846153846 0.36899038461538464 0.10697115384615384 0.0625
2 0.6117788461538461 0.2439903846153846 0.06370192307692307 0.04927884615384615
2 0.78125 0.4266826923076923 0.07211538461538461 0.055288461538461536
2 0.6274038461538461 0.44591346153846156 0.08173076923076923 0.06490384615384616
2 0.6826923076923077 0.5745192307692307 0.08052884615384616 0.06610576923076923
2 0.5949519230769231 0.6322115384615384 0.0673076923076923 0.06129807692307692