2 0.56484375 0.64296875 0.12890625 0.1234375
2 0.74765625 0.3984375 0.08515625 0.07734375
2 0.49765625 0.45546875 0.1109375 0.08515625
2 0.52109375 0.39921875 0.1015625 0.06796875
1 0.3828125 0.590625 0.11171875 0.13671875
1 0.2 0.64609375 0.11015625 0.1203125
1 0.81796875 0.5625 0.09921875 0.12578125
0 0.56484375 0.33203125 0.08828125 0.0640625
1 0.58515625 0.271875 0.0921875 0.06484375
0 0.72109375 0.53125 0.10390625 0.11875
0 0.453125 0.3328125 0.0890625 0.05625
0 0.2765625 0.41953125 0.10234375 0.09765625