1 0.6334134615384616 0.18269230769230768 0.08774038461538461 0.06370192307692307
1 0.6995192307692307 0.25600961538461536 0.0889423076923077 0.056490384615384616
1 0.8137019230769231 0.40024038461538464 0.06490384615384616 0.056490384615384616
1 0.43990384615384615 0.21754807692307693 0.09014423076923077 0.0673076923076923
1 0.3942307692307692 0.3557692307692308 0.08413461538461539 0.06370192307692307
1 0.6574519230769231 0.4891826923076923 0.07572115384615384 0.054086538461538464
1 0.5637019230769231 0.45072115384615385 0.07211538461538461 0.057692307692307696
1 0.7211538461538461 0.5637019230769231 0.07932692307692307 0.06009615384615385
1 0.8798076923076923 0.6802884615384616 0.0829326923076923 0.057692307692307696
1 0.5612980769230769 0.27884615384615385 0.09134615384615384 0.06370192307692307
2 0.5396634615384616 0.37259615384615385 0.07572115384615384 0.06490384615384616
2 0.47115384615384615 0.4423076923076923 0.07451923076923077 0.055288461538461536
2 0.4170673076923077 0.6081730769230769 0.06971153846153846 0.05889423076923077
2 0.5673076923076923 0.5588942307692307 0.07211538461538461 0.04927884615384615
2 0.6177884615384616 0.6262019230769231 0.078125 0.0625
2 0.8737980769230769 0.4675480769230769 0.06850961538461539 0.054086538461538464
2 0.8425480769230769 0.5300480769230769 0.0625 0.046875
2 0.8581730769230769 0.5973557692307693 0.07451923076923077 0.04927884615384615
2 0.5709134615384616 0.7307692307692307 0.06850961538461539 0.056490384615384616
2 0.6502403846153846 0.7403846153846154 0.06610576923076923 0.042067307692307696
0 0.3605769230769231 0.43149038461538464 0.08653846153846154 0.06490384615384616
0 0.6838942307692307 0.4014423076923077 0.07091346153846154 0.051682692307692304
0 0.3245192307692308 0.5048076923076923 0.09014423076923077 0.0625
0 0.44711538461538464 0.5420673076923077 0.07932692307692307 0.05889423076923077
0 0.7800480769230769 0.4699519230769231 0.0673076923076923 0.056490384615384616
0 0.7451923076923077 0.6454326923076923 0.07091346153846154 0.0625
0 0.6322115384615384 0.6971153846153846 0.0625 0.04927884615384615
0 0.734375 0.7127403846153846 0.055288461538461536 0.04447115384615385
0 0.7680288461538461 0.7463942307692307 0.05889423076923077 0.054086538461538464
0 0.5384615384615384 0.796875 0.07572115384615384 0.04807692307692308