2 0.8353365384615384 0.13701923076923078 0.15865384615384615 0.14903846153846154
1 0.7487980769230769 0.2247596153846154 0.14903846153846154 0.13701923076923078
1 0.9026442307692307 0.2920673076923077 0.14182692307692307 0.12259615384615384
1 0.9302884615384616 0.5528846153846154 0.13942307692307693 0.125
1 0.9663461538461539 0.6682692307692307 0.0673076923076923 0.11538461538461539
1 0.9038461538461539 0.6778846153846154 0.11538461538461539 0.11538461538461539
1 0.21634615384615385 0.7367788461538461 0.10576923076923077 0.09134615384615384
1 0.25 0.671875 0.12259615384615384 0.09134615384615384
1 0.11177884615384616 0.40625 0.125 0.10336538461538461
1 0.328125 0.4050480769230769 0.10817307692307693 0.09615384615384616
0 0.06610576923076923 0.6370192307692307 0.09375 0.07932692307692307
1 0.12740384615384615 0.5889423076923077 0.09134615384615384 0.09134615384615384
2 0.27283653846153844 0.25961538461538464 0.11778846153846154 0.10096153846153846
2 0.06129807692307692 0.32572115384615385 0.12259615384615384 0.10336538461538461
2 0.18389423076923078 0.4807692307692308 0.1201923076923077 0.10096153846153846
2 0.24639423076923078 0.5649038461538461 0.11778846153846154 0.11057692307692307
2 0.3629807692307692 0.4891826923076923 0.12259615384615384 0.09615384615384616
2 0.3870192307692308 0.5649038461538461 0.12259615384615384 0.0985576923076923
2 0.41466346153846156 0.6694711538461539 0.11538461538461539 0.0985576923076923
2 0.5588942307692307 0.6322115384615384 0.10336538461538461 0.08413461538461539
2 0.8076923076923077 0.78125 0.15625 0.11538461538461539
0 0.25600961538461536 0.35336538461538464 0.10576923076923077 0.09134615384615384
0 0.46875 0.421875 0.11298076923076923 0.09615384615384616
0 0.38341346153846156 0.7848557692307693 0.11057692307692307 0.09134615384615384
0 0.4699519230769231 0.7307692307692307 0.11057692307692307 0.08653846153846154
0 0.9435096153846154 0.43149038461538464 0.11298076923076923 0.11778846153846154
0 0.7764423076923077 0.5564903846153846 0.12740384615384615 0.11298076923076923
0 0.8112980769230769 0.6358173076923077 0.125 0.10336538461538461
0 0.9459134615384616 0.7620192307692307 0.10817307692307693 0.10576923076923077
0 0.8629807692307693 0.8677884615384616 0.14182692307692307 0.11778846153846154