0 0.68125 0.4296875 0.084375 0.1046875
0 0.67265625 0.51171875 0.090625 0.1015625
0 0.6171875 0.825 0.1046875 0.1171875
0 0.39921875 0.6234375 0.090625 0.1015625
0 0.484375 0.41328125 0.09375 0.096875
0 0.21328125 0.45703125 0.1171875 0.1203125
0 0.35078125 0.28125 0.0953125 0.1203125
0 0.359375 0.1890625 0.09375 0.1015625
1 0.26640625 0.1484375 0.109375 0.1265625
1 0.20390625 0.34140625 0.103125 0.1109375
1 0.47109375 0.265625 0.084375 0.1
1 0.39765625 0.5375 0.078125 0.0828125
1 0.3171875 0.5515625 0.078125 0.075
1 0.7703125 0.79765625 0.0953125 0.1171875
1 0.490625 0.684375 0.078125 0.0984375
1 0.57890625 0.54453125 0.103125 0.1265625
2 0.5984375 0.19453125 0.1015625 0.1328125
2 0.5171875 0.32734375 0.090625 0.0890625
2 0.3296875 0.640625 0.0859375 0.1109375
2 0.1875 0.575 0.121875 0.1328125
2 0.39375 0.4546875 0.0984375 0.1125
2 0.4109375 0.70859375 0.109375 0.121875
2 0.55 0.69296875 0.0875 0.10625
2 0.69609375 0.73125 0.1078125 0.103125