2 0.775 0.51484375 0.09375 0.109375
2 0.653125 0.4796875 0.08125 0.096875
2 0.621875 0.3859375 0.0859375 0.090625
2 0.44375 0.253125 0.0875 0.1109375
2 0.32421875 0.62890625 0.0875 0.1140625
2 0.27734375 0.5640625 0.075 0.0875
2 0.46796875 0.703125 0.084375 0.1125
2 0.52578125 0.77265625 0.0703125 0.0890625
1 0.503125 0.30078125 0.084375 0.1
1 0.34609375 0.334375 0.0859375 0.103125
1 0.60234375 0.22890625 0.090625 0.1109375
1 0.53203125 0.559375 0.090625 0.0953125
1 0.546875 0.64609375 0.08125 0.096875
1 0.3984375 0.4765625 0.09375 0.0984375
1 0.29375 0.80859375 0.1 0.1078125
1 0.675 0.7828125 0.0921875 0.103125
0 0.57890625 0.7828125 0.078125 0.0984375
0 0.4703125 0.8421875 0.0953125 0.1015625
0 0.628125 0.659375 0.1078125 0.1234375
0 0.65234375 0.56484375 0.08125 0.0890625
0 0.5875 0.4859375 0.0796875 0.1
0 0.478125 0.4390625 0.0921875 0.1046875
0 0.4078125 0.66796875 0.078125 0.103125
0 0.728125 0.36484375 0.078125 0.0984375