1 0.72578125 0.71953125 0.1265625 0.1609375
1 0.78125 0.55859375 0.090625 0.0953125
1 0.6625 0.590625 0.0984375 0.096875
1 0.33828125 0.6 0.115625 0.1125
1 0.0953125 0.51640625 0.1140625 0.1140625
1 0.4796875 0.446875 0.109375 0.10625
1 0.77109375 0.40390625 0.0953125 0.0953125
1 0.68203125 0.17265625 0.0984375 0.0953125
2 0.72734375 0.30625 0.071875 0.0796875
2 0.65390625 0.3015625 0.090625 0.0890625
2 0.70078125 0.4546875 0.1109375 0.1
2 0.56640625 0.5015625 0.1 0.1125
2 0.31328125 0.47890625 0.109375 0.109375
2 0.21640625 0.425 0.10625 0.1015625
2 0.4578125 0.3484375 0.0796875 0.1015625
2 0.40234375 0.2640625 0.09375 0.084375
0 0.584375 0.41328125 0.0921875 0.0921875
0 0.57421875 0.2984375 0.0859375 0.09375
0 0.47734375 0.2359375 0.084375 0.084375
0 0.3296875 0.384375 0.0890625 0.0984375
0 0.3796875 0.3296875 0.0984375 0.0875
0 0.559375 0.72890625 0.1265625 0.125
0 0.4359375 0.65546875 0.109375 0.134375
0 0.56484375 0.63828125 0.109375 0.109375