2 0.88203125 0.3765625 0.1765625 0.1515625
2 0.73046875 0.4453125 0.1453125 0.1265625
2 0.8546875 0.6921875 0.15 0.1234375
2 0.4828125 0.54140625 0.1265625 0.10625
2 0.4421875 0.3875 0.1625 0.15
2 0.19296875 0.30546875 0.1640625 0.146875
2 0.60859375 0.35625 0.1484375 0.1140625
1 0.7203125 0.21171875 0.1765625 0.1484375
1 0.6796875 0.29765625 0.1328125 0.0984375
1 0.30078125 0.46953125 0.14375 0.1265625
1 0.59765625 0.428125 0.1296875 0.0953125
1 0.60703125 0.84296875 0.1203125 0.1125
1 0.32734375 0.690625 0.1375 0.1171875
0 0.30859375 0.3484375 0.14375 0.1296875
0 0.5984375 0.51953125 0.1421875 0.1265625
0 0.77421875 0.56796875 0.14375 0.1234375
0 0.709375 0.69765625 0.171875 0.1328125
0 0.56328125 0.65078125 0.1640625 0.13125
0 0.503125 0.8203125 0.134375 0.125
0 0.41328125 0.79296875 0.1515625 0.1375
1 0.909375 0.60078125 0.15 0.1265625