0 0.82890625 0.22890625 0.1765625 0.1171875
0 0.87109375 0.390625 0.1859375 0.1359375
0 0.63359375 0.2484375 0.2046875 0.1296875
0 0.48828125 0.27890625 0.2125 0.16875
0 0.33046875 0.32265625 0.2140625 0.1265625
2 0.8390625 0.5484375 0.184375 0.1375
2 0.7109375 0.4984375 0.1671875 0.15
2 0.303125 0.5171875 0.184375 0.1546875
2 0.75546875 0.78515625 0.1796875 0.1390625
2 0.4234375 0.85234375 0.209375 0.1625
1 0.60078125 0.78359375 0.1609375 0.13125
1 0.51171875 0.62421875 0.19375 0.153125
1 0.1984375 0.6734375 0.2296875 0.159375
1 0.46171875 0.49375 0.190625 0.1359375
1 0.5796875 0.10390625 0.2 0.1390625