2 0.5240384615384616 0.7680288461538461 0.08413461538461539 0.09134615384615384
0 0.5961538461538461 0.7223557692307693 0.06490384615384616 0.08173076923076923
0 0.6814903846153846 0.65625 0.0673076923076923 0.07211538461538461
1 0.6850961538461539 0.5625 0.06490384615384616 0.07932692307692307
1 0.6490384615384616 0.39903846153846156 0.04567307692307692 0.057692307692307696
1 0.4170673076923077 0.6526442307692307 0.07451923076923077 0.07692307692307693
1 0.3701923076923077 0.7367788461538461 0.07692307692307693 0.08413461538461539
1 0.4879807692307692 0.11298076923076923 0.06971153846153846 0.0673076923076923
1 0.4579326923076923 0.17548076923076922 0.07451923076923077 0.07211538461538461
1 0.49759615384615385 0.22355769230769232 0.08173076923076923 0.08413461538461539
1 0.3605769230769231 0.3161057692307692 0.07451923076923077 0.08173076923076923
1 0.2764423076923077 0.3449519230769231 0.08173076923076923 0.08173076923076923
1 0.5492788461538461 0.5 0.052884615384615384 0.055288461538461536
2 0.5625 0.10096153846153846 0.0625 0.06009615384615385
2 0.42427884615384615 0.25721153846153844 0.08173076923076923 0.07692307692307693
2 0.3942307692307692 0.20072115384615385 0.0625 0.06009615384615385
2 0.4951923076923077 0.515625 0.055288461538461536 0.06971153846153846
2 0.6201923076923077 0.5925480769230769 0.0625 0.0673076923076923
2 0.6550480769230769 0.46153846153846156 0.05048076923076923 0.057692307692307696
2 0.5504807692307693 0.6610576923076923 0.06490384615384616 0.07932692307692307
2 0.4987980769230769 0.6334134615384616 0.04807692307692308 0.057692307692307696
2 0.3269230769230769 0.6694711538461539 0.0625 0.0625
0 0.6189903846153846 0.06850961538461539 0.057692307692307696 0.06009615384615385
0 0.546875 0.15745192307692307 0.06490384615384616 0.06009615384615385
0 0.35096153846153844 0.24639423076923078 0.06971153846153846 0.06971153846153846
0 0.3125 0.4206730769230769 0.09615384615384616 0.10096153846153846
0 0.5997596153846154 0.4230769230769231 0.057692307692307696 0.06490384615384616
0 0.6081730769230769 0.53125 0.06009615384615385 0.06490384615384616
0 0.4254807692307692 0.5588942307692307 0.057692307692307696 0.057692307692307696
0 0.34975961538461536 0.6141826923076923 0.06009615384615385 0.06490384615384616