2 0.20072115384615385 0.22235576923076922 0.0889423076923077 0.08413461538461539
2 0.14783653846153846 0.36778846153846156 0.07932692307692307 0.09134615384615384
2 0.34375 0.27163461538461536 0.0889423076923077 0.09375
2 0.5853365384615384 0.21033653846153846 0.07211538461538461 0.07932692307692307
2 0.6274038461538461 0.32091346153846156 0.08413461538461539 0.09615384615384616
2 0.8185096153846154 0.31009615384615385 0.08173076923076923 0.09134615384615384
2 0.8317307692307693 0.4050480769230769 0.09615384615384616 0.11298076923076923
2 0.7307692307692307 0.48197115384615385 0.0889423076923077 0.09615384615384616
2 0.23317307692307693 0.5264423076923077 0.08413461538461539 0.10096153846153846
2 0.27163461538461536 0.7295673076923077 0.12259615384615384 0.13701923076923078
1 0.1045673076923077 0.6021634615384616 0.10576923076923077 0.12259615384615384
1 0.31850961538461536 0.8725961538461539 0.1201923076923077 0.13942307692307693
1 0.4423076923076923 0.5637019230769231 0.10817307692307693 0.11538461538461539
1 0.3173076923076923 0.40865384615384615 0.0889423076923077 0.09615384615384616
1 0.40384615384615385 0.40384615384615385 0.09134615384615384 0.09134615384615384
1 0.5084134615384616 0.35697115384615385 0.06971153846153846 0.07451923076923077
1 0.6358173076923077 0.7752403846153846 0.11057692307692307 0.14182692307692307
1 0.4567307692307692 0.7920673076923077 0.10817307692307693 0.12259615384615384
1 0.3233173076923077 0.17668269230769232 0.07692307692307693 0.08173076923076923
1 0.5 0.4951923076923077 0.08173076923076923 0.10576923076923077
0 0.14182692307692307 0.8112980769230769 0.12259615384615384 0.14423076923076922
0 0.47475961538461536 0.2920673076923077 0.07932692307692307 0.07211538461538461
0 0.32091346153846156 0.5600961538461539 0.0985576923076923 0.10817307692307693
0 0.5733173076923077 0.37740384615384615 0.07692307692307693 0.0889423076923077
0 0.6574519230769231 0.4170673076923077 0.09375 0.09615384615384616
0 0.5805288461538461 0.6574519230769231 0.10336538461538461 0.11298076923076923
0 0.6706730769230769 0.5637019230769231 0.09615384615384616 0.09375
0 0.7788461538461539 0.6298076923076923 0.10576923076923077 0.1466346153846154
0 0.9170673076923077 0.7932692307692307 0.11538461538461539 0.13221153846153846
0 0.4891826923076923 0.1778846153846154 0.06009615384615385 0.07451923076923077