1 0.85859375 0.64453125 0.1359375 0.1515625
1 0.52109375 0.340625 0.1015625 0.09375
1 0.42890625 0.2171875 0.090625 0.090625
1 0.16875 0.4828125 0.1078125 0.115625
1 0.26875 0.3625 0.1015625 0.0921875
1 0.1859375 0.340625 0.1015625 0.1171875
1 0.3828125 0.4109375 0.096875 0.1140625
1 0.7328125 0.72109375 0.11875 0.1296875
0 0.47109375 0.40546875 0.109375 0.0984375
0 0.446875 0.31484375 0.084375 0.0890625
0 0.34609375 0.225 0.09375 0.0921875
0 0.61796875 0.30234375 0.0984375 0.096875
0 0.56171875 0.26640625 0.0703125 0.08125
0 0.76640625 0.56875 0.1125 0.1125
0 0.3203125 0.640625 0.1421875 0.1515625
0 0.27578125 0.47734375 0.1125 0.1265625
2 0.83203125 0.46875 0.109375 0.109375
2 0.64296875 0.4109375 0.1140625 0.1171875
2 0.609375 0.58125 0.121875 0.134375
2 0.525 0.52734375 0.1046875 0.11875
2 0.43359375 0.5296875 0.1125 0.125
2 0.5125 0.71953125 0.146875 0.178125
2 0.3546875 0.7796875 0.1453125 0.159375
2 0.18515625 0.60234375 0.1296875 0.1359375