2 0.45390625 0.8 0.1078125 0.134375
2 0.31015625 0.70625 0.08203125 0.09609375
2 0.09609375 0.821875 0.12421875 0.13671875
2 0.36328125 0.565625 0.07109375 0.09375
2 0.4765625 0.4890625 0.07890625 0.075
2 0.628125 0.6953125 0.090625 0.10546875
2 0.55078125 0.6953125 0.08125 0.10546875
2 0.440625 0.34375 0.0625 0.0484375
1 0.19375 0.55078125 0.0875 0.08359375
1 0.24140625 0.6328125 0.0765625 0.0890625
1 0.809375 0.7015625 0.08828125 0.10234375
1 0.721875 0.628125 0.0875 0.075
1 0.6046875 0.60625 0.08359375 0.06796875
1 0.41328125 0.48125 0.05625 0.05703125
1 0.4046875 0.43125 0.0625 0.04765625
1 0.415625 0.29375 0.071875 0.05859375
0 0.89609375 0.6484375 0.1015625 0.103125
0 0.66796875 0.49296875 0.07109375 0.06640625
0 0.6640625 0.56328125 0.06953125 0.071875
0 0.69609375 0.8 0.09453125 0.1171875
0 0.209375 0.8015625 0.09765625 0.10390625
0 0.45859375 0.57734375 0.09140625 0.0890625
0 0.49453125 0.4265625 0.065625 0.0609375
0 0.42265625 0.390625 0.07578125 0.053125