0 0.67421875 0.41484375 0.078125 0.1
0 0.67265625 0.496875 0.084375 0.096875
0 0.6453125 0.81328125 0.096875 0.1125
0 0.41015625 0.63203125 0.084375 0.096875
0 0.47734375 0.41484375 0.0890625 0.0921875
0 0.2109375 0.48203125 0.109375 0.1140625
0 0.33203125 0.2953125 0.0875 0.1171875
0 0.3328125 0.20234375 0.0890625 0.096875
1 0.23671875 0.1703125 0.1015625 0.1203125
1 0.19140625 0.36796875 0.0953125 0.10625
1 0.45078125 0.26953125 0.078125 0.0953125
1 0.40078125 0.54609375 0.071875 0.078125
1 0.32265625 0.56796875 0.0734375 0.071875
1 0.7953125 0.77265625 0.0890625 0.1125
1 0.50625 0.684375 0.071875 0.0953125
1 0.5828125 0.5375 0.09375 0.1203125
2 0.571875 0.18671875 0.0921875 0.128125
2 0.50234375 0.3265625 0.0859375 0.084375
2 0.34296875 0.6546875 0.078125 0.1078125
2 0.1953125 0.60234375 0.1125 0.1265625
2 0.38984375 0.4640625 0.0921875 0.10625
2 0.4296875 0.715625 0.103125 0.115625
2 0.56640625 0.6875 0.08125 0.1015625
2 0.715625 0.71328125 0.103125 0.096875