0 0.8461538461538461 0.4254807692307692 0.10336538461538461 0.0889423076923077
0 0.8461538461538461 0.546875 0.0985576923076923 0.08173076923076923
0 0.6875 0.7067307692307693 0.0889423076923077 0.07211538461538461
0 0.6802884615384616 0.7932692307692307 0.08653846153846154 0.07451923076923077
0 0.5552884615384616 0.5901442307692307 0.08653846153846154 0.06971153846153846
1 0.4362980769230769 0.47716346153846156 0.07692307692307693 0.07211538461538461
0 0.49038461538461536 0.4110576923076923 0.08653846153846154 0.07451923076923077
0 0.5360576923076923 0.49278846153846156 0.0889423076923077 0.07692307692307693
0 0.26322115384615385 0.5492788461538461 0.07451923076923077 0.06490384615384616
0 0.30288461538461536 0.6322115384615384 0.08413461538461539 0.0673076923076923
1 0.39783653846153844 0.3605769230769231 0.07692307692307693 0.06490384615384616
0 0.41947115384615385 0.2932692307692308 0.08173076923076923 0.0673076923076923
1 0.234375 0.3317307692307692 0.08653846153846154 0.07211538461538461
1 0.21634615384615385 0.49038461538461536 0.07932692307692307 0.06490384615384616
1 0.6766826923076923 0.5252403846153846 0.10336538461538461 0.0889423076923077
1 0.6490384615384616 0.6346153846153846 0.0985576923076923 0.09134615384615384
1 0.7536057692307693 0.6045673076923077 0.09615384615384616 0.09134615384615384
1 0.7355769230769231 0.4483173076923077 0.10576923076923077 0.09375
1 0.3786057692307692 0.6947115384615384 0.07451923076923077 0.07692307692307693
1 0.4375 0.6286057692307693 0.08173076923076923 0.08653846153846154
2 0.5108173076923077 0.33774038461538464 0.0889423076923077 0.07211538461538461
2 0.5793269230769231 0.37740384615384615 0.08653846153846154 0.08173076923076923
2 0.65625 0.42427884615384615 0.10096153846153846 0.09375
2 0.7680288461538461 0.3004807692307692 0.0889423076923077 0.08173076923076923
2 0.359375 0.4375 0.0889423076923077 0.07692307692307693
2 0.3485576923076923 0.5793269230769231 0.09375 0.0625
2 0.44350961538461536 0.5564903846153846 0.0889423076923077 0.06971153846153846
2 0.5300480769230769 0.6923076923076923 0.10096153846153846 0.07692307692307693
2 0.8497596153846154 0.6430288461538461 0.10336538461538461 0.07932692307692307
2 0.8353365384615384 0.7548076923076923 0.10096153846153846 0.08173076923076923