0 0.93515625 0.65703125 0.0921875 0.096875
0 0.7421875 0.415625 0.071875 0.078125
0 0.61875 0.34609375 0.0859375 0.078125
0 0.5765625 0.3875 0.071875 0.08125
0 0.3984375 0.55390625 0.0984375 0.103125
0 0.628125 0.496875 0.0796875 0.08125
0 0.3484375 0.3546875 0.0703125 0.071875
0 0.1078125 0.45234375 0.06875 0.05625
1 0.3765625 0.88515625 0.121875 0.1265625
1 0.75 0.5453125 0.078125 0.0765625
1 0.6125 0.62421875 0.0703125 0.0828125
1 0.41953125 0.68828125 0.08125 0.1109375
1 0.1640625 0.48046875 0.0765625 0.0796875
1 0.3875 0.44140625 0.075 0.06875
1 0.33203125 0.41328125 0.0625 0.0640625
1 0.40078125 0.28515625 0.0734375 0.0640625
2 0.4578125 0.37890625 0.0796875 0.0796875
2 0.48828125 0.47734375 0.075 0.0765625
2 0.48046875 0.60390625 0.0765625 0.0921875
2 0.12109375 0.85859375 0.146875 0.15625
2 0.0921875 0.709375 0.11875 0.1078125
2 0.10859375 0.56171875 0.121875 0.09375
2 0.26953125 0.3375 0.0859375 0.0921875
2 0.76484375 0.76796875 0.103125 0.128125