0 0.42421875 0.26640625 0.071875 0.0640625
0 0.49921875 0.4125 0.071875 0.07578125
0 0.32421875 0.63046875 0.10078125 0.08671875
0 0.1609375 0.65390625 0.09296875 0.109375
0 0.740625 0.86328125 0.11171875 0.12578125
0 0.85078125 0.6875 0.096875 0.1203125
0 0.609375 0.65859375 0.08984375 0.11640625
0 0.41484375 0.821875 0.11640625 0.1265625
1 0.63203125 0.81796875 0.10078125 0.13359375
1 0.32734375 0.72578125 0.09296875 0.09453125
1 0.50390625 0.62578125 0.0828125 0.1125
1 0.4640625 0.525 0.08046875 0.08828125
1 0.58125 0.46015625 0.07890625 0.08203125
1 0.64921875 0.53515625 0.078125 0.08515625
1 0.371875 0.32890625 0.0578125 0.0703125
1 0.59140625 0.3109375 0.0703125 0.05703125
2 0.72578125 0.484375 0.08671875 0.096875
2 0.58125 0.375 0.07265625 0.0640625
2 0.42578125 0.39375 0.07421875 0.08671875
2 0.36171875 0.43515625 0.08359375 0.06953125
2 0.30078125 0.5171875 0.08125 0.09140625
2 0.29765625 0.36171875 0.07734375 0.078125
2 0.14765625 0.465625 0.09921875 0.07890625
2 0.22421875 0.73515625 0.1078125 0.11796875