1 0.59375 0.06328125 0.19375 0.1265625
1 0.265625 0.26015625 0.15625 0.1484375
1 0.2078125 0.62265625 0.1828125 0.15
1 0.72265625 0.75625 0.14375 0.1296875
1 0.525 0.84921875 0.15 0.1296875
1 0.88671875 0.43515625 0.1296875 0.1265625
1 0.36875 0.41875 0.159375 0.1359375
2 0.78515625 0.303125 0.1375 0.1328125
2 0.68203125 0.2328125 0.1234375 0.0984375
2 0.44296875 0.2546875 0.15625 0.1265625
2 0.3390625 0.521875 0.171875 0.1484375
2 0.578125 0.64375 0.15625 0.140625
2 0.84765625 0.6234375 0.159375 0.1265625
2 0.453125 0.734375 0.165625 0.15
0 0.671875 0.5390625 0.159375 0.13125
0 0.5203125 0.5203125 0.1859375 0.1640625
0 0.74375 0.4109375 0.1515625 0.1375
0 0.603125 0.3859375 0.1578125 0.14375
0 0.29296875 0.73203125 0.1703125 0.1484375
0 0.4015625 0.8796875 0.1640625 0.146875
0 0.60859375 0.16328125 0.159375 0.1296875