1 0.871875 0.50625 0.115625 0.1125
1 0.54453125 0.7515625 0.13125 0.1125
1 0.296875 0.66328125 0.1734375 0.121875
1 0.11640625 0.64453125 0.190625 0.1453125
1 0.7921875 0.36796875 0.1125 0.096875
1 0.69375 0.29296875 0.140625 0.103125
1 0.41171875 0.29140625 0.1484375 0.1296875
0 0.87578125 0.34453125 0.103125 0.1015625
0 0.78125 0.4515625 0.14375 0.0984375
0 0.5453125 0.5734375 0.1578125 0.1171875
0 0.5625 0.478125 0.1640625 0.121875
0 0.353125 0.51015625 0.1921875 0.146875
0 0.51484375 0.36875 0.1640625 0.115625
0 0.40390625 0.15859375 0.15625 0.1125
2 0.6875 0.71015625 0.125 0.1046875
2 0.69375 0.60078125 0.1375 0.128125
2 0.5265625 0.21328125 0.16875 0.1359375
2 0.1140625 0.33359375 0.1890625 0.146875
2 0.3796875 0.8140625 0.178125 0.134375
2 0.68203125 0.390625 0.1515625 0.10625
2 0.33515625 0.3859375 0.1515625 0.1359375