2 0.22115384615384615 0.21754807692307693 0.10336538461538461 0.10817307692307693
2 0.1814903846153846 0.12379807692307693 0.09375 0.11057692307692307
2 0.40625 0.12139423076923077 0.0889423076923077 0.0889423076923077
2 0.5276442307692307 0.4567307692307692 0.08173076923076923 0.09615384615384616
2 0.47596153846153844 0.5216346153846154 0.06971153846153846 0.08173076923076923
2 0.3605769230769231 0.5072115384615384 0.07451923076923077 0.07692307692307693
2 0.2548076923076923 0.5793269230769231 0.07211538461538461 0.0889423076923077
2 0.3605769230769231 0.7848557692307693 0.08413461538461539 0.10817307692307693
2 0.5588942307692307 0.7980769230769231 0.08413461538461539 0.10576923076923077
2 0.8581730769230769 0.8365384615384616 0.09375 0.10817307692307693
1 0.6814903846153846 0.03245192307692308 0.10336538461538461 0.06490384615384616
1 0.6887019230769231 0.12980769230769232 0.12259615384615384 0.11298076923076923
1 0.41225961538461536 0.056490384615384616 0.07692307692307693 0.07451923076923077
1 0.039663461538461536 0.203125 0.07932692307692307 0.11778846153846154
1 0.6838942307692307 0.5324519230769231 0.07692307692307693 0.0889423076923077
1 0.6310096153846154 0.5985576923076923 0.06490384615384616 0.08173076923076923
1 0.6550480769230769 0.7403846153846154 0.08173076923076923 0.10576923076923077
1 0.421875 0.8401442307692307 0.07211538461538461 0.09375
1 0.22235576923076922 0.6790865384615384 0.07451923076923077 0.08413461538461539
1 0.45913461538461536 0.171875 0.0985576923076923 0.09375
0 0.5649038461538461 0.08653846153846154 0.09134615384615384 0.09615384615384616
0 0.31490384615384615 0.1658653846153846 0.09375 0.09615384615384616
0 0.27163461538461536 0.08653846153846154 0.09375 0.0889423076923077
0 0.46033653846153844 0.4495192307692308 0.07692307692307693 0.09134615384615384
0 0.3954326923076923 0.6322115384615384 0.0673076923076923 0.0889423076923077
0 0.47836538461538464 0.6466346153846154 0.08173076923076923 0.10096153846153846
0 0.75 0.6274038461538461 0.07451923076923077 0.09375
0 0.625 0.9399038461538461 0.07932692307692307 0.10336538461538461
0 0.671875 0.8978365384615384 0.07932692307692307 0.10336538461538461