1 0.21796875 0.80546875 0.125 0.1734375
0 0.09453125 0.7375 0.1296875 0.153125
0 0.32578125 0.6515625 0.1171875 0.134375
0 0.34375 0.50703125 0.1 0.1171875
0 0.4890625 0.5390625 0.11875 0.1296875
0 0.74609375 0.16953125 0.08125 0.0828125
0 0.84453125 0.30859375 0.071875 0.0578125
0 0.790625 0.25390625 0.0703125 0.065625
0 0.6578125 0.2359375 0.0640625 0.06875
1 0.4890625 0.42109375 0.084375 0.0984375
1 0.54765625 0.31484375 0.0765625 0.084375
1 0.5984375 0.27109375 0.071875 0.071875
1 0.69453125 0.32265625 0.0828125 0.075
1 0.6640625 0.39375 0.09375 0.1015625
1 0.60234375 0.4703125 0.0875 0.0921875
1 0.92890625 0.38671875 0.0859375 0.0890625
2 0.8171875 0.5828125 0.115625 0.1390625
2 0.6296875 0.603125 0.115625 0.134375
2 0.70390625 0.496875 0.096875 0.1
2 0.7734375 0.45 0.0921875 0.09375
2 0.80390625 0.36015625 0.0890625 0.0890625
2 0.44296875 0.33359375 0.0828125 0.0875
2 0.34765625 0.39296875 0.0984375 0.0859375
2 0.2671875 0.43515625 0.0921875 0.0921875