1 0.5328125 0.63984375 0.125 0.1375
1 0.6734375 0.665625 0.1109375 0.1421875
1 0.79765625 0.6921875 0.10625 0.1609375
1 0.7515625 0.86015625 0.1203125 0.15625
1 0.6609375 0.809375 0.125 0.146875
1 0.5359375 0.78515625 0.1328125 0.15
1 0.41953125 0.8140625 0.1296875 0.1671875
1 0.40625 0.6484375 0.13125 0.15
2 0.43515625 0.428125 0.1171875 0.15
2 0.565625 0.446875 0.11875 0.175
2 0.7140625 0.5140625 0.1265625 0.11875
2 0.84921875 0.503125 0.1109375 0.1546875
2 0.88203125 0.3328125 0.121875 0.1515625
2 0.77890625 0.278125 0.1234375 0.15
2 0.5984375 0.26875 0.134375 0.146875
2 0.475 0.2609375 0.13125 0.1515625
0 0.33515625 0.23359375 0.125 0.13125
0 0.30234375 0.4265625 0.13125 0.153125
0 0.28203125 0.60078125 0.1265625 0.165625
0 0.25859375 0.79921875 0.1125 0.140625
0 0.0921875 0.78046875 0.125 0.1671875
0 0.11875 0.62421875 0.1359375 0.15625
0 0.15234375 0.4109375 0.1453125 0.165625
0 0.196875 0.26640625 0.1234375 0.153125