0 0.47109375 0.66015625 0.109375 0.121875
0 0.4421875 0.79765625 0.128125 0.1296875
0 0.5578125 0.55078125 0.10625 0.109375
0 0.32109375 0.334375 0.1046875 0.1
0 0.29453125 0.41796875 0.0953125 0.096875
0 0.2140625 0.4296875 0.1078125 0.1140625
0 0.56328125 0.3046875 0.075 0.0734375
0 0.496875 0.2765625 0.0703125 0.075
1 0.85234375 0.84921875 0.1640625 0.171875
1 0.6375 0.715625 0.1328125 0.1484375
1 0.753125 0.4484375 0.1015625 0.1078125
1 0.678125 0.38515625 0.075 0.0765625
1 0.66640625 0.3265625 0.090625 0.08125
1 0.5671875 0.45078125 0.0765625 0.0765625
1 0.53125 0.36640625 0.0984375 0.0875
1 0.30078125 0.7640625 0.1171875 0.1546875
2 0.2203125 0.66953125 0.1203125 0.13125
2 0.05859375 0.5140625 0.1171875 0.121875
2 0.4140625 0.5265625 0.1015625 0.115625
2 0.3609375 0.47421875 0.08125 0.0984375
2 0.440625 0.41015625 0.09375 0.0984375
2 0.4375 0.33515625 0.0859375 0.084375
2 0.4265625 0.2671875 0.078125 0.075
2 0.64765625 0.525 0.1015625 0.10625