2 0.94296875 0.46875 0.0609375 0.06171875
2 0.721875 0.45859375 0.0453125 0.05546875
2 0.74296875 0.39296875 0.0515625 0.04921875
2 0.6 0.43046875 0.05234375 0.04921875
2 0.54765625 0.4 0.05 0.0421875
2 0.5171875 0.48046875 0.059375 0.05390625
2 0.41875 0.37265625 0.0671875 0.059375
2 0.21328125 0.47421875 0.0640625 0.06171875
1 0.06015625 0.46484375 0.07421875 0.07421875
1 0.10234375 0.39296875 0.059375 0.059375
1 0.2234375 0.4171875 0.05625 0.04375
1 0.28125 0.434375 0.0578125 0.0578125
1 0.7625 0.44609375 0.046875 0.05390625
1 0.69453125 0.40625 0.04375 0.04140625
1 0.8484375 0.4484375 0.05 0.05390625
1 0.8234375 0.3921875 0.04609375 0.05390625
0 0.88359375 0.421875 0.0453125 0.05625
0 0.665625 0.4671875 0.0515625 0.06171875
0 0.64453125 0.4140625 0.04453125 0.04921875
0 0.49375 0.425 0.0515625 0.04375
0 0.44375 0.46484375 0.05703125 0.05234375
0 0.38203125 0.43203125 0.06171875 0.05625
0 0.33125 0.40625 0.0453125 0.05625
0 0.14921875 0.428125 0.05703125 0.0484375