2 0.14783653846153846 0.48677884615384615 0.08173076923076923 0.07211538461538461
2 0.16947115384615385 0.40865384615384615 0.06490384615384616 0.0625
2 0.5877403846153846 0.17307692307692307 0.12740384615384615 0.0985576923076923
2 0.3798076923076923 0.296875 0.10096153846153846 0.09134615384615384
2 0.6550480769230769 0.35096153846153844 0.10096153846153846 0.0985576923076923
2 0.7475961538461539 0.34375 0.10576923076923077 0.09615384615384616
2 0.6634615384615384 0.5288461538461539 0.125 0.09615384615384616
2 0.29447115384615385 0.6045673076923077 0.07692307692307693 0.07451923076923077
2 0.59375 0.8125 0.07932692307692307 0.09134615384615384
2 0.7872596153846154 0.8377403846153846 0.1201923076923077 0.10096153846153846
1 0.6262019230769231 0.055288461538461536 0.12259615384615384 0.10096153846153846
1 0.8052884615384616 0.19591346153846154 0.14423076923076922 0.10096153846153846
1 0.49759615384615385 0.25961538461538464 0.10336538461538461 0.08173076923076923
1 0.20192307692307693 0.2848557692307692 0.08413461538461539 0.08173076923076923
1 0.5396634615384616 0.4795673076923077 0.0985576923076923 0.08653846153846154
1 0.4098557692307692 0.5973557692307693 0.09375 0.08653846153846154
1 0.3894230769230769 0.6694711538461539 0.09375 0.07451923076923077
1 0.5432692307692307 0.6935096153846154 0.09615384615384616 0.08413461538461539
1 0.44350961538461536 0.8125 0.09134615384615384 0.08173076923076923
1 0.34134615384615385 0.1778846153846154 0.07932692307692307 0.09134615384615384
0 0.44350961538461536 0.13942307692307693 0.0985576923076923 0.08173076923076923
0 0.5240384615384616 0.36899038461538464 0.1201923076923077 0.10096153846153846
0 0.4110576923076923 0.41586538461538464 0.08173076923076923 0.08413461538461539
0 0.3317307692307692 0.4338942307692308 0.07692307692307693 0.08653846153846154
0 0.2512019230769231 0.3737980769230769 0.07692307692307693 0.07932692307692307
0 0.23918269230769232 0.5444711538461539 0.0673076923076923 0.0625
0 0.2127403846153846 0.5973557692307693 0.057692307692307696 0.07932692307692307
0 0.2824519230769231 0.7115384615384616 0.07451923076923077 0.08413461538461539
0 0.7163461538461539 0.6947115384615384 0.13221153846153846 0.10576923076923077
0 0.8605769230769231 0.5913461538461539 0.11298076923076923 0.1201923076923077