0 0.6375 0.746875 0.09921875 0.071875
0 0.4546875 0.6703125 0.10703125 0.07421875
0 0.590625 0.5546875 0.09375 0.0625
0 0.12109375 0.5765625 0.1 0.06484375
0 0.53671875 0.3109375 0.1078125 0.0875
0 0.7171875 0.24765625 0.09140625 0.0734375
0 0.40859375 0.19453125 0.10703125 0.06875
0 0.4328125 0.84609375 0.1140625 0.0796875
2 0.36875 0.78984375 0.1171875 0.0578125
2 0.34921875 0.721875 0.1125 0.0703125
2 0.64765625 0.6171875 0.11796875 0.06875
2 0.44453125 0.43515625 0.10703125 0.0859375
2 0.3796875 0.49375 0.1125 0.065625
2 0.18125 0.36015625 0.09140625 0.071875
2 0.7609375 0.484375 0.1125 0.08046875
2 0.53828125 0.16875 0.1125 0.075
1 0.41640625 0.278125 0.1109375 0.08203125
1 0.6265625 0.384375 0.1 0.07265625
1 0.69375 0.33203125 0.1125 0.065625
1 0.26953125 0.2671875 0.1328125 0.09375
1 0.24296875 0.47265625 0.10703125 0.084375
1 0.3 0.6265625 0.1125 0.07734375
1 0.48203125 0.5546875 0.1015625 0.0765625
1 0.57109375 0.6796875 0.10546875 0.078125