1 0.3245192307692308 0.07451923076923077 0.20673076923076922 0.14903846153846154
1 0.9338942307692307 0.20552884615384615 0.13221153846153846 0.11298076923076923
1 0.8882211538461539 0.30649038461538464 0.13221153846153846 0.11298076923076923
1 0.23076923076923078 0.3605769230769231 0.1971153846153846 0.1658653846153846
1 0.23677884615384615 0.5576923076923077 0.15384615384615385 0.14903846153846154
1 0.609375 0.6478365384615384 0.1346153846153846 0.12259615384615384
1 0.6983173076923077 0.578125 0.12259615384615384 0.11298076923076923
0 0.8762019230769231 0.6778846153846154 0.1201923076923077 0.11538461538461539
2 0.9026442307692307 0.6033653846153846 0.0985576923076923 0.09375
1 0.9747596153846154 0.5757211538461539 0.05048076923076923 0.07932692307692307
1 0.9627403846153846 0.43990384615384615 0.07451923076923077 0.10576923076923077
2 0.6778846153846154 0.1875 0.15384615384615385 0.1346153846153846
2 0.6778846153846154 0.44591346153846156 0.12259615384615384 0.11298076923076923
2 0.8016826923076923 0.5504807692307693 0.11538461538461539 0.11538461538461539
0 0.9519230769230769 0.6682692307692307 0.06009615384615385 0.09134615384615384
2 0.41586538461538464 0.8088942307692307 0.14423076923076922 0.13942307692307693
2 0.5528846153846154 0.921875 0.10336538461538461 0.11298076923076923
2 0.6911057692307693 0.9122596153846154 0.10576923076923077 0.10576923076923077
2 0.7620192307692307 0.8557692307692307 0.11057692307692307 0.10817307692307693
0 0.5625 0.3076923076923077 0.16826923076923078 0.14903846153846154
0 0.5600961538461539 0.04326923076923077 0.1778846153846154 0.08653846153846154
0 0.7764423076923077 0.3269230769230769 0.13221153846153846 0.14423076923076922
0 0.44711538461538464 0.4074519230769231 0.17067307692307693 0.15384615384615385
0 0.46274038461538464 0.640625 0.14182692307692307 0.14182692307692307
0 0.3016826923076923 0.6634615384615384 0.16346153846153846 0.1466346153846154
0 0.16826923076923078 0.7884615384615384 0.17307692307692307 0.15625
0 0.46033653846153844 0.9254807692307693 0.11538461538461539 0.1201923076923077