1 0.31953125 0.87421875 0.146875 0.1875
0 0.18125 0.8453125 0.1484375 0.1671875
0 0.37734375 0.69609375 0.134375 0.1484375
0 0.35234375 0.55234375 0.115625 0.1296875
0 0.5015625 0.540625 0.1359375 0.14375
0 0.6390625 0.11171875 0.0921875 0.09375
0 0.7734375 0.21640625 0.078125 0.0671875
0 0.70625 0.1796875 0.078125 0.075
0 0.5734375 0.2015625 0.071875 0.0765625
1 0.46640625 0.42734375 0.096875 0.1078125
1 0.49140625 0.30859375 0.0875 0.09375
1 0.52734375 0.25234375 0.08125 0.08125
1 0.634375 0.2734375 0.0921875 0.0859375
1 0.62578125 0.35078125 0.10625 0.1125
1 0.5890625 0.44140625 0.0984375 0.103125
1 0.87734375 0.26640625 0.096875 0.1
2 0.82734375 0.4859375 0.1328125 0.1515625
2 0.6546875 0.5609375 0.1328125 0.146875
2 0.69375 0.4375 0.109375 0.1125
2 0.746875 0.37265625 0.103125 0.1046875
2 0.75 0.27734375 0.1 0.1
2 0.396875 0.3578125 0.09375 0.096875
2 0.3234375 0.4421875 0.1078125 0.0984375
2 0.25859375 0.50625 0.1046875 0.1046875