2 0.7824519230769231 0.15745192307692307 0.09615384615384616 0.09134615384615384
2 0.8737980769230769 0.2980769230769231 0.08653846153846154 0.10096153846153846
2 0.6442307692307693 0.2439903846153846 0.09615384615384616 0.10336538461538461
2 0.375 0.23918269230769232 0.07932692307692307 0.08653846153846154
2 0.3581730769230769 0.3641826923076923 0.09375 0.10336538461538461
2 0.15504807692307693 0.40024038461538464 0.09134615384615384 0.10096153846153846
2 0.1622596153846154 0.5036057692307693 0.10576923076923077 0.12259615384615384
2 0.28725961538461536 0.5600961538461539 0.09615384615384616 0.10576923076923077
2 0.8233173076923077 0.48677884615384615 0.09134615384615384 0.11057692307692307
2 0.8317307692307693 0.7103365384615384 0.1346153846153846 0.15144230769230768
1 0.9591346153846154 0.5324519230769231 0.08173076923076923 0.13221153846153846
1 0.8173076923076923 0.8701923076923077 0.13221153846153846 0.15144230769230768
1 0.6105769230769231 0.5757211538461539 0.1201923076923077 0.12740384615384615
1 0.7055288461538461 0.38221153846153844 0.09615384615384616 0.10576923076923077
1 0.6129807692307693 0.39783653846153844 0.10096153846153846 0.10096153846153846
1 0.49158653846153844 0.3737980769230769 0.07932692307692307 0.08173076923076923
1 0.46153846153846156 0.8461538461538461 0.12259615384615384 0.15625
1 0.6514423076923077 0.8209134615384616 0.1201923076923077 0.1346153846153846
1 0.6430288461538461 0.13822115384615385 0.08413461538461539 0.0889423076923077
1 0.5348557692307693 0.5180288461538461 0.0889423076923077 0.11538461538461539
0 0.9603365384615384 0.7632211538461539 0.07932692307692307 0.15625
0 0.5120192307692307 0.29927884615384615 0.08413461538461539 0.07932692307692307
0 0.7379807692307693 0.5420673076923077 0.10817307692307693 0.1201923076923077
0 0.42908653846153844 0.41225961538461536 0.08413461538461539 0.0985576923076923
0 0.34975961538461536 0.4735576923076923 0.10336538461538461 0.10576923076923077
0 0.4891826923076923 0.7067307692307693 0.11298076923076923 0.125
0 0.37259615384615385 0.6322115384615384 0.10576923076923077 0.10336538461538461
0 0.27524038461538464 0.7271634615384616 0.11538461538461539 0.15865384615384615
0 0.16706730769230768 0.9290865384615384 0.12740384615384615 0.14182692307692307
0 0.46875 0.1814903846153846 0.0673076923076923 0.07932692307692307