1 0.09140625 0.4578125 0.078125 0.1078125
1 0.378125 0.3671875 0.0875 0.08984375
1 0.22265625 0.2984375 0.08359375 0.078125
1 0.78125 0.24453125 0.0671875 0.0609375
1 0.7265625 0.59765625 0.0921875 0.1078125
1 0.73359375 0.69453125 0.096875 0.1109375
1 0.43671875 0.675 0.09765625 0.1125
1 0.57890625 0.35390625 0.07109375 0.08671875
2 0.50078125 0.34453125 0.0734375 0.06875
2 0.4640625 0.22890625 0.07265625 0.07265625
2 0.21328125 0.4609375 0.084375 0.0875
2 0.21171875 0.64921875 0.09609375 0.12734375
2 0.70078125 0.4703125 0.1 0.09921875
2 0.740625 0.40859375 0.08671875 0.07578125
2 0.90546875 0.71484375 0.13515625 0.1390625
2 0.94453125 0.49140625 0.10625 0.12890625
0 0.54375 0.60390625 0.1015625 0.12265625
0 0.34296875 0.6015625 0.09609375 0.090625
0 0.33515625 0.46796875 0.0875 0.09453125
0 0.4875 0.44609375 0.078125 0.1015625
0 0.65390625 0.54765625 0.084375 0.08359375
0 0.5734375 0.478125 0.08984375 0.09609375
0 0.715625 0.32421875 0.090625 0.07421875
0 0.46328125 0.29296875 0.07421875 0.0625