2 0.928125 0.56328125 0.14375 0.1421875
2 0.8984375 0.45 0.1109375 0.1203125
2 0.6625 0.44375 0.10625 0.1046875
2 0.5546875 0.59765625 0.128125 0.1421875
2 0.43203125 0.36875 0.0796875 0.096875
2 0.33828125 0.28828125 0.0796875 0.084375
2 0.6203125 0.1859375 0.0828125 0.0890625
2 0.60234375 0.23671875 0.0828125 0.09375
1 0.4453125 0.63515625 0.1234375 0.1390625
1 0.30625 0.646875 0.1484375 0.1484375
1 0.246875 0.48671875 0.1140625 0.1359375
1 0.24296875 0.38359375 0.103125 0.103125
1 0.37109375 0.396875 0.0875 0.0859375
1 0.42890625 0.50546875 0.1203125 0.1359375
1 0.43984375 0.2328125 0.0875 0.0890625
1 0.55390625 0.28359375 0.084375 0.09375
0 0.6921875 0.62421875 0.1140625 0.1203125
0 0.49609375 0.82578125 0.14375 0.1671875
0 0.27890625 0.2359375 0.103125 0.0984375
0 0.2078125 0.2875 0.09375 0.096875
0 0.11171875 0.34375 0.0875 0.0953125
0 0.0953125 0.496875 0.1203125 0.1359375
0 0.40234375 0.3 0.0953125 0.090625
0 0.6390625 0.3640625 0.10625 0.1046875