1 0.8203125 0.31953125 0.0734375 0.071875
1 0.75546875 0.34609375 0.0609375 0.0578125
1 0.621875 0.30546875 0.046875 0.046875
1 0.315625 0.37265625 0.0515625 0.0484375
1 0.31015625 0.4328125 0.0515625 0.0609375
1 0.26171875 0.37109375 0.05625 0.0515625
1 0.08671875 0.4546875 0.0609375 0.059375
1 0.421875 0.39765625 0.0546875 0.05
2 0.11953125 0.3984375 0.05 0.0453125
2 0.19296875 0.44296875 0.0578125 0.0546875
2 0.371875 0.37265625 0.05625 0.0515625
2 0.4203125 0.35390625 0.0390625 0.0390625
2 0.56796875 0.3765625 0.0578125 0.0546875
2 0.49375 0.3640625 0.053125 0.0390625
2 0.6609375 0.32890625 0.053125 0.040625
2 0.653125 0.37421875 0.0453125 0.046875
0 0.1484375 0.44765625 0.0546875 0.0515625
0 0.17578125 0.3984375 0.0546875 0.046875
0 0.24296875 0.43671875 0.0609375 0.059375
0 0.37734375 0.41953125 0.05 0.0515625
0 0.51796875 0.33203125 0.0484375 0.0390625
0 0.50625 0.40390625 0.05625 0.0546875
0 0.58203125 0.32265625 0.0546875 0.0515625
0 0.72109375 0.30703125 0.0515625 0.0453125