1 0.8545673076923077 0.15384615384615385 0.07692307692307693 0.06490384615384616
1 0.8161057692307693 0.41947115384615385 0.06490384615384616 0.0733173076923077
1 0.7463942307692307 0.4074519230769231 0.078125 0.0733173076923077
1 0.8064903846153846 0.5192307692307693 0.08533653846153846 0.07091346153846154
1 0.7295673076923077 0.7824519230769231 0.08413461538461539 0.06009615384615385
1 0.40384615384615385 0.6538461538461539 0.07572115384615384 0.06850961538461539
1 0.4423076923076923 0.5264423076923077 0.07091346153846154 0.0625
1 0.051682692307692304 0.40865384615384615 0.10336538461538461 0.0673076923076923
1 0.4050480769230769 0.3786057692307692 0.06370192307692307 0.056490384615384616
1 0.28966346153846156 0.35216346153846156 0.0673076923076923 0.052884615384615384
2 0.16947115384615385 0.3161057692307692 0.08173076923076923 0.057692307692307696
2 0.3641826923076923 0.30288461538461536 0.07572115384615384 0.04927884615384615
2 0.3762019230769231 0.4567307692307692 0.06971153846153846 0.051682692307692304
2 0.30408653846153844 0.453125 0.06490384615384616 0.051682692307692304
2 0.16105769230769232 0.4639423076923077 0.06490384615384616 0.056490384615384616
2 0.34134615384615385 0.5504807692307693 0.07211538461538461 0.06370192307692307
2 0.5084134615384616 0.44471153846153844 0.06610576923076923 0.057692307692307696
2 0.7211538461538461 0.5805288461538461 0.09615384615384616 0.06971153846153846
2 0.7355769230769231 0.7283653846153846 0.0733173076923077 0.055288461538461536
2 0.8341346153846154 0.30288461538461536 0.07572115384615384 0.06490384615384616
0 0.7355769230769231 0.23197115384615385 0.0733173076923077 0.06850961538461539
0 0.84375 0.6370192307692307 0.06971153846153846 0.056490384615384616
0 0.7596153846153846 0.6418269230769231 0.0733173076923077 0.06009615384615385
0 0.8028846153846154 0.8028846153846154 0.06490384615384616 0.06610576923076923
0 0.49278846153846156 0.6141826923076923 0.07091346153846154 0.051682692307692304
0 0.484375 0.3605769230769231 0.0673076923076923 0.054086538461538464
0 0.19110576923076922 0.5552884615384616 0.07572115384615384 0.06009615384615385
0 0.20673076923076922 0.3942307692307692 0.07211538461538461 0.06129807692307692
0 0.265625 0.2536057692307692 0.07451923076923077 0.06370192307692307
0 0.3545673076923077 0.21634615384615385 0.08173076923076923 0.054086538461538464