2 0.875 0.528125 0.1375 0.1796875
2 0.8796875 0.78125 0.159375 0.203125
2 0.75703125 0.6546875 0.134375 0.1875
2 0.26875 0.7578125 0.146875 0.190625
2 0.33671875 0.146875 0.13125 0.146875
0 0.6171875 0.5265625 0.125 0.1546875
0 0.43359375 0.4265625 0.14375 0.1421875
0 0.31171875 0.315625 0.1390625 0.1796875
0 0.25859375 0.50234375 0.1359375 0.184375
0 0.18125 0.8921875 0.1546875 0.184375
1 0.64140625 0.7875 0.1328125 0.1734375
1 0.50390625 0.65078125 0.1390625 0.184375
1 0.4171875 0.7640625 0.1421875 0.19375
1 0.12890625 0.5359375 0.1421875 0.1625
1 0.13984375 0.29375 0.1328125 0.15625