0 0.8984375 0.7921875 0.128125 0.153125
0 0.84453125 0.528125 0.09375 0.1046875
0 0.62890625 0.55625 0.1109375 0.1390625
0 0.55390625 0.5265625 0.084375 0.09375
0 0.5859375 0.44375 0.075 0.075
0 0.44921875 0.61796875 0.09375 0.0859375
0 0.2234375 0.65390625 0.10625 0.1125
0 0.28203125 0.47265625 0.075 0.08125
1 0.7109375 0.496875 0.08125 0.1140625
1 0.66171875 0.7265625 0.1265625 0.1375
1 0.51640625 0.81015625 0.11875 0.13125
1 0.52890625 0.69609375 0.103125 0.10625
1 0.58515625 0.3625 0.078125 0.084375
1 0.34296875 0.40859375 0.0765625 0.0796875
1 0.35625 0.5046875 0.0859375 0.1109375
1 0.31171875 0.278125 0.0609375 0.06875
2 0.4671875 0.37265625 0.0875 0.08125
2 0.4484375 0.44140625 0.0890625 0.0828125
2 0.30390625 0.75546875 0.128125 0.14375
2 0.1234375 0.67265625 0.096875 0.11875
2 0.1203125 0.55546875 0.1203125 0.0921875
2 0.21171875 0.55234375 0.0953125 0.0796875
2 0.371875 0.28984375 0.0609375 0.05625
2 0.67109375 0.38046875 0.0953125 0.0890625