2 0.8296875 0.2703125 0.15625 0.121875
2 0.7046875 0.38046875 0.128125 0.1015625
2 0.8953125 0.5796875 0.134375 0.096875
2 0.49609375 0.54453125 0.1125 0.084375
2 0.41171875 0.409375 0.140625 0.1234375
2 0.14921875 0.40390625 0.1421875 0.1203125
2 0.56171875 0.33046875 0.134375 0.0859375
1 0.6265625 0.16015625 0.15625 0.1171875
1 0.6125 0.25390625 0.1203125 0.075
1 0.3 0.52890625 0.1265625 0.1015625
1 0.57265625 0.403125 0.1171875 0.071875
1 0.70234375 0.796875 0.103125 0.09375
1 0.390625 0.7328125 0.1203125 0.09375
0 0.27265625 0.4109375 0.125 0.10625
0 0.6 0.490625 0.125 0.103125
0 0.7828125 0.484375 0.1265625 0.1
0 0.7578125 0.628125 0.1546875 0.1015625
0 0.6046875 0.625 0.146875 0.103125
0 0.596875 0.80546875 0.115625 0.103125
0 0.503125 0.80546875 0.13125 0.1125
1 0.92109375 0.4765625 0.134375 0.1