1 0.20793269230769232 0.23798076923076922 0.14182692307692307 0.09975961538461539
1 0.6995192307692307 0.22956730769230768 0.0889423076923077 0.06850961538461539
1 0.6850961538461539 0.3161057692307692 0.09014423076923077 0.06850961538461539
1 0.19230769230769232 0.48197115384615385 0.13581730769230768 0.10096153846153846
1 0.234375 0.6310096153846154 0.10216346153846154 0.09495192307692307
1 0.5360576923076923 0.6286057692307693 0.0889423076923077 0.078125
1 0.5913461538461539 0.5588942307692307 0.08173076923076923 0.07091346153846154
0 0.7463942307692307 0.6009615384615384 0.07932692307692307 0.0733173076923077
2 0.7524038461538461 0.5396634615384616 0.06370192307692307 0.06129807692307692
1 0.8221153846153846 0.5048076923076923 0.0673076923076923 0.056490384615384616
1 0.7728365384615384 0.4014423076923077 0.057692307692307696 0.07211538461538461
1 0.84375 0.3942307692307692 0.051682692307692304 0.06129807692307692
2 0.5012019230769231 0.2644230769230769 0.10336538461538461 0.08413461538461539
2 0.8173076923076923 0.2620192307692308 0.07211538461538461 0.08052884615384616
2 0.5504807692307693 0.46153846153846156 0.08173076923076923 0.07211538461538461
2 0.6646634615384616 0.5180288461538461 0.07451923076923077 0.07572115384615384
0 0.8137019230769231 0.5793269230769231 0.055288461538461536 0.06490384615384616
2 0.8605769230769231 0.5673076923076923 0.042067307692307696 0.0625
2 0.41947115384615385 0.7896634615384616 0.09495192307692307 0.0889423076923077
2 0.5456730769230769 0.8497596153846154 0.06490384615384616 0.07572115384615384
2 0.6490384615384616 0.8149038461538461 0.06971153846153846 0.0673076923076923
2 0.6923076923076923 0.7584134615384616 0.07211538461538461 0.06971153846153846
0 0.43509615384615385 0.37740384615384615 0.11177884615384616 0.09375
0 0.38221153846153844 0.14543269230769232 0.12980769230769232 0.10216346153846154
0 0.6021634615384616 0.35336538461538464 0.0829326923076923 0.09615384615384616
0 0.36658653846153844 0.47716346153846156 0.1141826923076923 0.09615384615384616
0 0.421875 0.6514423076923077 0.09254807692307693 0.09134615384615384
0 0.30408653846153844 0.6995192307692307 0.11057692307692307 0.09134615384615384
0 0.22596153846153846 0.8209134615384616 0.11538461538461539 0.09735576923076923
0 0.47596153846153844 0.8689903846153846 0.07451923076923077 0.07932692307692307