0 0.12734375 0.72109375 0.115625 0.1265625
0 0.165625 0.546875 0.1109375 0.1171875
0 0.259375 0.41484375 0.109375 0.103125
0 0.571875 0.56640625 0.1125 0.1203125
0 0.7796875 0.734375 0.10625 0.1375
0 0.703125 0.46875 0.0859375 0.08125
0 0.51640625 0.38671875 0.0859375 0.10625
0 0.80234375 0.35703125 0.0828125 0.096875
1 0.634375 0.71640625 0.121875 0.1421875
1 0.42578125 0.834375 0.1421875 0.175
1 0.41953125 0.575 0.1015625 0.1234375
1 0.33515625 0.3296875 0.0625 0.084375
1 0.64453125 0.39296875 0.084375 0.0828125
1 0.740625 0.39453125 0.084375 0.09375
1 0.8546875 0.31640625 0.0859375 0.0921875
1 0.665625 0.26640625 0.0703125 0.0828125
2 0.24609375 0.8203125 0.1203125 0.146875
2 0.325 0.50078125 0.090625 0.1078125
2 0.41953125 0.36640625 0.0875 0.0984375
2 0.45859375 0.24375 0.075 0.0765625
2 0.66171875 0.1859375 0.0625 0.0671875
2 0.74765625 0.18125 0.0859375 0.075
2 0.7390625 0.24765625 0.0828125 0.0953125
2 0.928125 0.503125 0.1 0.11875