1 0.72734375 0.10625 0.1796875 0.1171875
1 0.35078125 0.2 0.1390625 0.128125
1 0.184375 0.5265625 0.1671875 0.125
1 0.6328125 0.8125 0.1296875 0.1109375
1 0.415625 0.83984375 0.1359375 0.109375
1 0.8875 0.5578125 0.1140625 0.1109375
1 0.4 0.38203125 0.1453125 0.115625
2 0.83203125 0.40078125 0.1234375 0.115625
2 0.75546875 0.30234375 0.1140625 0.0828125
2 0.52109375 0.24921875 0.14375 0.10625
2 0.33984375 0.47109375 0.15625 0.125
2 0.5296875 0.6609375 0.140625 0.1203125
2 0.79296875 0.725 0.146875 0.10625
2 0.3828125 0.70859375 0.1484375 0.1296875
0 0.65078125 0.590625 0.1453125 0.1109375
0 0.51328125 0.52578125 0.1671875 0.140625
0 0.759375 0.490625 0.1359375 0.11875
0 0.6328125 0.4234375 0.1421875 0.1234375
0 0.23125 0.65703125 0.1546875 0.1265625
0 0.2890625 0.83046875 0.146875 0.1265625
0 0.70703125 0.21328125 0.146875 0.1078125