2 0.4951923076923077 0.22956730769230768 0.10096153846153846 0.08653846153846154
2 0.7367788461538461 0.14783653846153846 0.11057692307692307 0.0889423076923077
0 0.9362980769230769 0.3762019230769231 0.08173076923076923 0.06971153846153846
2 0.8882211538461539 0.31490384615384615 0.09375 0.08173076923076923
2 0.9939903846153846 0.4411057692307692 0.01201923076923077 0.06971153846153846
1 0.96875 0.5276442307692307 0.0625 0.06971153846153846
2 0.9110576923076923 0.46274038461538464 0.07692307692307693 0.07692307692307693
2 0.8641826923076923 0.5901442307692307 0.0985576923076923 0.0889423076923077
2 0.78125 0.46274038461538464 0.0889423076923077 0.07211538461538461
2 0.5324519230769231 0.5516826923076923 0.12259615384615384 0.0889423076923077
2 0.6778846153846154 0.6814903846153846 0.0889423076923077 0.07211538461538461
1 0.796875 0.28846153846153844 0.0889423076923077 0.07692307692307693
1 0.7079326923076923 0.2692307692307692 0.08653846153846154 0.07692307692307693
1 0.7992788461538461 0.38221153846153844 0.07692307692307693 0.07211538461538461
1 0.37740384615384615 0.7091346153846154 0.10576923076923077 0.08653846153846154
1 0.7067307692307693 0.7836538461538461 0.0889423076923077 0.07211538461538461
1 0.7247596153846154 0.5300480769230769 0.09134615384615384 0.07692307692307693
1 0.6274038461538461 0.09735576923076923 0.10096153846153846 0.08413461538461539
1 0.9435096153846154 0.19110576923076922 0.0889423076923077 0.07451923076923077
0 0.8737980769230769 0.1201923076923077 0.09375 0.08173076923076923
0 0.6105769230769231 0.18870192307692307 0.0889423076923077 0.0673076923076923
0 0.7307692307692307 0.38822115384615385 0.07932692307692307 0.06490384615384616
0 0.6598557692307693 0.45072115384615385 0.0889423076923077 0.07451923076923077
0 0.5564903846153846 0.42908653846153844 0.09615384615384616 0.07932692307692307
0 0.4543269230769231 0.41225961538461536 0.11538461538461539 0.09134615384615384
0 0.5925480769230769 0.29927884615384615 0.09615384615384616 0.08653846153846154
0 0.6021634615384616 0.6298076923076923 0.10336538461538461 0.08653846153846154