1 0.42908653846153844 0.1875 0.0829326923076923 0.0625
1 0.7115384615384616 0.24639423076923078 0.07692307692307693 0.078125
1 0.5432692307692307 0.42788461538461536 0.07211538461538461 0.054086538461538464
1 0.49278846153846156 0.5588942307692307 0.06490384615384616 0.052884615384615384
1 0.7560096153846154 0.5588942307692307 0.08052884615384616 0.055288461538461536
1 0.43028846153846156 0.6201923076923077 0.06971153846153846 0.052884615384615384
1 0.21033653846153846 0.6370192307692307 0.0673076923076923 0.051682692307692304
1 0.7115384615384616 0.7584134615384616 0.06971153846153846 0.057692307692307696
1 0.4579326923076923 0.7536057692307693 0.07451923076923077 0.056490384615384616
1 0.3581730769230769 0.5853365384615384 0.08173076923076923 0.054086538461538464
2 0.6141826923076923 0.3112980769230769 0.08533653846153846 0.0673076923076923
2 0.42908653846153844 0.33653846153846156 0.078125 0.04927884615384615
2 0.6983173076923077 0.46153846153846156 0.07692307692307693 0.05889423076923077
2 0.5336538461538461 0.49399038461538464 0.08533653846153846 0.05889423076923077
2 0.6358173076923077 0.5661057692307693 0.07211538461538461 0.057692307692307696
2 0.5012019230769231 0.6490384615384616 0.06610576923076923 0.057692307692307696
2 0.21514423076923078 0.5108173076923077 0.07091346153846154 0.052884615384615384
2 0.2980769230769231 0.6646634615384616 0.07091346153846154 0.057692307692307696
2 0.7271634615384616 0.6454326923076923 0.078125 0.06009615384615385
2 0.5144230769230769 0.828125 0.06370192307692307 0.056490384615384616
0 0.5216346153846154 0.3137019230769231 0.07091346153846154 0.052884615384615384
0 0.3016826923076923 0.38822115384615385 0.06971153846153846 0.054086538461538464
0 0.36177884615384615 0.42427884615384615 0.0673076923076923 0.04807692307692308
0 0.43990384615384615 0.44471153846153844 0.07091346153846154 0.054086538461538464
0 0.30528846153846156 0.5132211538461539 0.06971153846153846 0.05048076923076923
0 0.2512019230769231 0.5793269230769231 0.07932692307692307 0.056490384615384616
0 0.4483173076923077 0.5204326923076923 0.06610576923076923 0.051682692307692304
0 0.5853365384615384 0.6442307692307693 0.07091346153846154 0.055288461538461536
0 0.6177884615384616 0.8293269230769231 0.07572115384615384 0.04927884615384615
0 0.3641826923076923 0.7548076923076923 0.07572115384615384 0.06009615384615385