2 0.88515625 0.44375 0.05 0.0453125
2 0.6609375 0.434375 0.05 0.046875
2 0.58984375 0.39453125 0.0484375 0.0375
2 0.50234375 0.39453125 0.046875 0.040625
2 0.32421875 0.4296875 0.0484375 0.0484375
2 0.23828125 0.43203125 0.0578125 0.04375
2 0.165625 0.371875 0.0515625 0.040625
2 0.55078125 0.45546875 0.0484375 0.040625
0 0.1703125 0.43359375 0.0515625 0.05
0 0.23984375 0.39453125 0.0453125 0.034375
0 0.4703125 0.4375 0.0453125 0.040625
0 0.50546875 0.43984375 0.0421875 0.0453125
0 0.5546875 0.41875 0.0359375 0.0296875
0 0.790625 0.4796875 0.0515625 0.040625
0 0.85390625 0.47890625 0.053125 0.0421875
0 0.81875 0.42421875 0.0484375 0.0421875
1 0.10703125 0.40390625 0.0546875 0.0421875
1 0.3359375 0.3765625 0.046875 0.0390625
1 0.3796875 0.4265625 0.0390625 0.040625
1 0.4234375 0.4109375 0.0390625 0.04375
1 0.60546875 0.45859375 0.046875 0.0546875
1 0.73828125 0.45546875 0.0484375 0.0390625
1 0.75859375 0.4125 0.05 0.0484375
1 0.6953125 0.4015625 0.0421875 0.03125