0 0.73125 0.1828125 0.03203125 0.02734375
0 0.6859375 0.18359375 0.0359375 0.03203125
0 0.62109375 0.28203125 0.0453125 0.03515625
0 0.56171875 0.26015625 0.04296875 0.04140625
0 0.5140625 0.3578125 0.05546875 0.040625
0 0.39765625 0.4625 0.06484375 0.06015625
0 0.2296875 0.4625 0.0609375 0.06796875
0 0.18515625 0.62890625 0.075 0.07109375
1 0.1296875 0.56015625 0.0765625 0.0671875
1 0.240625 0.56328125 0.06171875 0.0625
1 0.2953125 0.41328125 0.059375 0.06171875
1 0.36953125 0.390625 0.05859375 0.0578125
1 0.49296875 0.31875 0.040625 0.03828125
1 0.6671875 0.23125 0.0390625 0.0390625
1 0.70625 0.15546875 0.028125 0.0296875
1 0.6703125 0.15 0.03515625 0.03046875
2 0.6359375 0.20078125 0.03984375 0.03125
2 0.60703125 0.240625 0.0375 0.04609375
2 0.5875 0.196875 0.034375 0.03125
2 0.54296875 0.3171875 0.0546875 0.0453125
2 0.4734375 0.275 0.0484375 0.0390625
2 0.4203125 0.33125 0.053125 0.0515625
2 0.45234375 0.4046875 0.06171875 0.04765625
2 0.3171875 0.49375 0.0625 0.065625