0 0.8390625 0.46015625 0.109375 0.10625
0 0.703125 0.51171875 0.1125 0.11875
0 0.5421875 0.44765625 0.1140625 0.103125
0 0.47265625 0.53203125 0.11875 0.1203125
0 0.303125 0.725 0.1265625 0.1625
0 0.13828125 0.625 0.15 0.1546875
0 0.33984375 0.265625 0.09375 0.096875
0 0.3140625 0.20390625 0.071875 0.0828125
2 0.21015625 0.3796875 0.1140625 0.1265625
2 0.284375 0.44921875 0.1203125 0.121875
2 0.80546875 0.3671875 0.096875 0.0796875
2 0.74375 0.32734375 0.0859375 0.0859375
2 0.83671875 0.60859375 0.1296875 0.1375
2 0.61953125 0.603125 0.1390625 0.13125
2 0.50703125 0.17734375 0.078125 0.0625
2 0.49375 0.353125 0.0859375 0.0921875
1 0.3609375 0.5703125 0.1265625 0.134375
1 0.4375 0.73671875 0.15 0.1578125
1 0.584375 0.82265625 0.134375 0.1609375
1 0.70546875 0.74765625 0.1484375 0.1578125
1 0.659375 0.3125 0.09375 0.096875
1 0.56953125 0.31484375 0.0921875 0.0890625
1 0.46171875 0.240625 0.0875 0.0921875
1 0.41640625 0.35 0.0953125 0.1015625