0 0.8671875 0.28359375 0.1921875 0.14375
0 0.88359375 0.45 0.2046875 0.1625
0 0.67109375 0.27265625 0.221875 0.159375
0 0.52265625 0.2796875 0.2359375 0.1984375
0 0.36015625 0.2984375 0.23125 0.1578125
2 0.82734375 0.60078125 0.203125 0.1640625
2 0.70859375 0.53125 0.1875 0.1734375
2 0.30234375 0.4859375 0.20625 0.18125
2 0.7078125 0.82109375 0.196875 0.165625
2 0.36953125 0.8359375 0.23125 0.1921875
1 0.5546875 0.79609375 0.178125 0.153125
1 0.4921875 0.625 0.2140625 0.1796875
1 0.175 0.62421875 0.25 0.1921875
1 0.46328125 0.48828125 0.209375 0.1625
1 0.640625 0.12109375 0.21875 0.16875