1 0.88203125 0.56015625 0.109375 0.1296875
1 0.484375 0.33984375 0.0859375 0.07578125
1 0.3671875 0.240625 0.07578125 0.07578125
1 0.1734375 0.5578125 0.08828125 0.0984375
1 0.24375 0.41796875 0.08671875 0.07421875
1 0.15859375 0.415625 0.08046875 0.10234375
1 0.365625 0.43984375 0.07578125 0.1
1 0.7765625 0.66328125 0.09609375 0.11015625
0 0.45078125 0.4140625 0.09375 0.0796875
0 0.40625 0.33125 0.06953125 0.07578125
0 0.28828125 0.26640625 0.07890625 0.07578125
0 0.5703125 0.28125 0.0828125 0.08046875
0 0.5078125 0.25859375 0.05546875 0.0703125
0 0.775 0.50703125 0.09296875 0.09453125
0 0.35625 0.67734375 0.115625 0.128125
0 0.2765625 0.528125 0.08984375 0.109375
2 0.81640625 0.39453125 0.09140625 0.09140625
2 0.61953125 0.38125 0.09375 0.0984375
2 0.625 0.5546875 0.0984375 0.11484375
2 0.53046875 0.52109375 0.08359375 0.10234375
2 0.4421875 0.54375 0.090625 0.1078125
2 0.56171875 0.7109375 0.11484375 0.15703125
2 0.42109375 0.80546875 0.11796875 0.1359375
2 0.21640625 0.6703125 0.10625 0.115625