0 0.5817307692307693 0.140625 0.07932692307692307 0.0625
0 0.6814903846153846 0.25240384615384615 0.08173076923076923 0.07692307692307693
0 0.5925480769230769 0.2644230769230769 0.0985576923076923 0.07211538461538461
0 0.2800480769230769 0.20072115384615385 0.07451923076923077 0.06490384615384616
0 0.21033653846153846 0.22956730769230768 0.09134615384615384 0.06490384615384616
0 0.7908653846153846 0.3581730769230769 0.09134615384615384 0.08173076923076923
0 0.5685096153846154 0.3858173076923077 0.0889423076923077 0.07211538461538461
0 0.8052884615384616 0.5372596153846154 0.09375 0.07932692307692307
0 0.5745192307692307 0.5144230769230769 0.10336538461538461 0.08413461538461539
0 0.35336538461538464 0.5721153846153846 0.10817307692307693 0.0889423076923077
2 0.17067307692307693 0.4423076923076923 0.0889423076923077 0.07451923076923077
2 0.12379807692307693 0.3701923076923077 0.08173076923076923 0.07211538461538461
2 0.7439903846153846 0.16466346153846154 0.09615384615384616 0.07692307692307693
2 0.53125 0.18389423076923078 0.10096153846153846 0.07692307692307693
2 0.3713942307692308 0.21754807692307693 0.08413461538461539 0.06490384615384616
2 0.2776442307692308 0.47596153846153844 0.0889423076923077 0.07451923076923077
2 0.4639423076923077 0.546875 0.0889423076923077 0.0673076923076923
2 0.6153846153846154 0.6141826923076923 0.0985576923076923 0.06971153846153846
2 0.7788461538461539 0.6081730769230769 0.10817307692307693 0.08173076923076923
2 0.35216346153846156 0.6706730769230769 0.09375 0.07451923076923077
1 0.49158653846153844 0.32211538461538464 0.09134615384615384 0.07692307692307693
1 0.3713942307692308 0.3245192307692308 0.0889423076923077 0.07932692307692307
1 0.23076923076923078 0.3245192307692308 0.0985576923076923 0.06971153846153846
1 0.375 0.42427884615384615 0.09375 0.07451923076923077
1 0.47115384615384615 0.3918269230769231 0.09615384615384616 0.07932692307692307
1 0.6586538461538461 0.3762019230769231 0.09134615384615384 0.08173076923076923
1 0.7283653846153846 0.45552884615384615 0.10096153846153846 0.09134615384615384
1 0.5264423076923077 0.6995192307692307 0.11298076923076923 0.09375
1 0.22355769230769232 0.6454326923076923 0.0889423076923077 0.07932692307692307
1 0.12620192307692307 0.6694711538461539 0.08653846153846154 0.0673076923076923