1 0.85625 0.65078125 0.1375 0.1515625
1 0.5234375 0.340625 0.1015625 0.09375
1 0.43359375 0.21640625 0.0921875 0.0921875
1 0.16953125 0.47734375 0.109375 0.1171875
1 0.27109375 0.35859375 0.1015625 0.09375
1 0.1890625 0.33515625 0.103125 0.11875
1 0.384375 0.409375 0.0984375 0.115625
1 0.72890625 0.725 0.1203125 0.1296875
0 0.47265625 0.4046875 0.1109375 0.1
0 0.45 0.31328125 0.0859375 0.090625
0 0.35078125 0.221875 0.0953125 0.0921875
0 0.62109375 0.3046875 0.1 0.0984375
0 0.565625 0.26796875 0.0703125 0.08125
0 0.76484375 0.5734375 0.1125 0.1140625
0 0.31796875 0.6375 0.14375 0.1515625
0 0.2765625 0.4734375 0.1140625 0.128125
2 0.8328125 0.47421875 0.1109375 0.1109375
2 0.64453125 0.4140625 0.1140625 0.11875
2 0.6078125 0.58359375 0.1234375 0.1359375
2 0.52421875 0.528125 0.10625 0.11875
2 0.43359375 0.528125 0.1140625 0.1265625
2 0.50859375 0.71953125 0.15 0.1796875
2 0.34921875 0.77734375 0.146875 0.1609375
2 0.18359375 0.596875 0.13125 0.1375