2 0.9 0.41171875 0.040625 0.0453125
2 0.69296875 0.3984375 0.05 0.0546875
2 0.5453125 0.453125 0.05 0.046875
2 0.51796875 0.4875 0.065625 0.05625
2 0.44609375 0.4375 0.05625 0.05
2 0.41484375 0.5109375 0.0703125 0.05625
2 0.24765625 0.51953125 0.0640625 0.0484375
2 0.615625 0.42890625 0.046875 0.0421875
0 0.7421875 0.403125 0.046875 0.0515625
0 0.7203125 0.44375 0.053125 0.0453125
0 0.66640625 0.45703125 0.0546875 0.0453125
0 0.65390625 0.415625 0.0375 0.0421875
0 0.621875 0.39140625 0.040625 0.0359375
0 0.39140625 0.45859375 0.059375 0.05
0 0.13515625 0.5515625 0.06875 0.053125
0 0.83984375 0.403125 0.0390625 0.0328125
1 0.871875 0.428125 0.0390625 0.040625
1 0.8546875 0.3734375 0.0390625 0.03125
1 0.7953125 0.37578125 0.04375 0.0359375
1 0.8 0.41640625 0.0453125 0.0484375
1 0.74140625 0.3625 0.0484375 0.0375
1 0.51484375 0.41015625 0.046875 0.040625
1 0.33046875 0.51328125 0.0609375 0.0609375
1 0.24140625 0.4703125 0.065625 0.05625