0 0.07578125 0.58828125 0.128125 0.1375
0 0.16875 0.43515625 0.121875 0.128125
0 0.3 0.340625 0.11875 0.1140625
0 0.546875 0.5859375 0.1234375 0.1296875
0 0.68828125 0.8125 0.1203125 0.146875
0 0.70234375 0.5359375 0.09375 0.0890625
0 0.55234375 0.3984375 0.096875 0.1125
0 0.8328125 0.46328125 0.0921875 0.103125
1 0.55625 0.74765625 0.1359375 0.1515625
1 0.32109375 0.7921875 0.159375 0.1875
1 0.39921875 0.54453125 0.1140625 0.1328125
1 0.4 0.28515625 0.0703125 0.0890625
1 0.67109375 0.44609375 0.0921875 0.090625
1 0.76171875 0.47890625 0.0921875 0.1015625
1 0.8953125 0.4421875 0.09375 0.1
1 0.7328125 0.3328125 0.0796875 0.0890625
2 0.15546875 0.7203125 0.134375 0.1578125
2 0.334375 0.44375 0.1015625 0.115625
2 0.4671875 0.34765625 0.096875 0.10625
2 0.54453125 0.24375 0.08125 0.0828125
2 0.75546875 0.25546875 0.06875 0.071875
2 0.83828125 0.27890625 0.0921875 0.0828125
2 0.8078125 0.3390625 0.0921875 0.103125
2 0.90390625 0.6421875 0.1109375 0.1265625