0 0.8329326923076923 0.35096153846153844 0.06610576923076923 0.0625
0 0.8137019230769231 0.4543269230769231 0.07091346153846154 0.06009615384615385
0 0.6838942307692307 0.4026442307692308 0.0673076923076923 0.054086538461538464
0 0.4723557692307692 0.3629807692307692 0.07932692307692307 0.06129807692307692
0 0.33413461538461536 0.5012019230769231 0.08413461538461539 0.0673076923076923
0 0.3798076923076923 0.24639423076923078 0.08413461538461539 0.06009615384615385
0 0.27403846153846156 0.2247596153846154 0.09134615384615384 0.057692307692307696
0 0.4891826923076923 0.22115384615384615 0.078125 0.06490384615384616
0 0.5336538461538461 0.15384615384615385 0.07692307692307693 0.06490384615384616
0 0.6550480769230769 0.6442307692307693 0.07692307692307693 0.056490384615384616
2 0.78125 0.6201923076923077 0.06490384615384616 0.06009615384615385
2 0.8088942307692307 0.53125 0.06370192307692307 0.04567307692307692
2 0.5961538461538461 0.5769230769230769 0.07572115384615384 0.06129807692307692
2 0.35096153846153844 0.41466346153846156 0.078125 0.06490384615384616
2 0.2283653846153846 0.3581730769230769 0.09014423076923077 0.0673076923076923
2 0.5420673076923077 0.28846153846153844 0.078125 0.06610576923076923
2 0.6622596153846154 0.1971153846153846 0.06971153846153846 0.06129807692307692
2 0.7860576923076923 0.23557692307692307 0.0625 0.06129807692307692
2 0.7487980769230769 0.3112980769230769 0.0733173076923077 0.06009615384615385
2 0.43028846153846156 0.11057692307692307 0.0829326923076923 0.0625
1 0.4639423076923077 0.5360576923076923 0.07572115384615384 0.06971153846153846
1 0.5288461538461539 0.4855769230769231 0.07692307692307693 0.0625
1 0.6298076923076923 0.4699519230769231 0.0733173076923077 0.0673076923076923
1 0.5853365384615384 0.39903846153846156 0.08052884615384616 0.07091346153846154
1 0.4338942307692308 0.4375 0.06971153846153846 0.06370192307692307
1 0.36658653846153844 0.3173076923076923 0.06850961538461539 0.06009615384615385
1 0.2512019230769231 0.12139423076923077 0.08052884615384616 0.078125
1 0.6237980769230769 0.3329326923076923 0.08533653846153846 0.057692307692307696
1 0.6165865384615384 0.2692307692307692 0.06009615384615385 0.052884615384615384
1 0.7451923076923077 0.48197115384615385 0.07692307692307693 0.06129807692307692