0 0.7932692307692307 0.484375 0.08533653846153846 0.0673076923076923
0 0.7752403846153846 0.59375 0.08173076923076923 0.06370192307692307
0 0.6105769230769231 0.7139423076923077 0.0733173076923077 0.056490384615384616
0 0.5913461538461539 0.7908653846153846 0.07091346153846154 0.056490384615384616
0 0.5084134615384616 0.5901442307692307 0.07211538461538461 0.052884615384615384
1 0.4170673076923077 0.4723557692307692 0.0625 0.056490384615384616
0 0.47596153846153844 0.4206730769230769 0.07091346153846154 0.057692307692307696
0 0.5048076923076923 0.5 0.0733173076923077 0.05889423076923077
0 0.25 0.5120192307692307 0.06009615384615385 0.05048076923076923
0 0.27403846153846156 0.5913461538461539 0.07091346153846154 0.05048076923076923
1 0.39903846153846156 0.3605769230769231 0.06370192307692307 0.05048076923076923
0 0.42788461538461536 0.30408653846153844 0.0673076923076923 0.051682692307692304
1 0.25721153846153844 0.3125 0.06971153846153846 0.056490384615384616
1 0.21754807692307693 0.4519230769230769 0.06610576923076923 0.04927884615384615
1 0.6262019230769231 0.5492788461538461 0.08413461538461539 0.0673076923076923
1 0.5853365384615384 0.6442307692307693 0.07932692307692307 0.07211538461538461
1 0.6850961538461539 0.6310096153846154 0.07692307692307693 0.0733173076923077
1 0.6899038461538461 0.4879807692307692 0.08533653846153846 0.07211538461538461
1 0.33413461538461536 0.6586538461538461 0.057692307692307696 0.0625
1 0.39663461538461536 0.6081730769230769 0.06490384615384616 0.06850961538461539
2 0.5036057692307693 0.35697115384615385 0.07451923076923077 0.054086538461538464
2 0.5600961538461539 0.4026442307692308 0.06971153846153846 0.06490384615384616
2 0.6213942307692307 0.45552884615384615 0.08052884615384616 0.07451923076923077
2 0.7403846153846154 0.3605769230769231 0.07211538461538461 0.06370192307692307
2 0.3545673076923077 0.4254807692307692 0.0733173076923077 0.05889423076923077
2 0.3233173076923077 0.5504807692307693 0.07932692307692307 0.046875
2 0.41225961538461536 0.5444711538461539 0.0733173076923077 0.052884615384615384
2 0.47115384615384615 0.6778846153846154 0.08413461538461539 0.057692307692307696
2 0.765625 0.6802884615384616 0.08653846153846154 0.06009615384615385
2 0.7367788461538461 0.7788461538461539 0.0829326923076923 0.06129807692307692