0 0.59375 0.30649038461538464 0.10336538461538461 0.07451923076923077
1 0.5528846153846154 0.23197115384615385 0.10576923076923077 0.06971153846153846
1 0.2932692307692308 0.3870192307692308 0.08173076923076923 0.07451923076923077
1 0.6165865384615384 0.6478365384615384 0.09615384615384616 0.07692307692307693
1 0.4519230769230769 0.6826923076923077 0.0889423076923077 0.0625
1 0.27163461538461536 0.6899038461538461 0.08653846153846154 0.0673076923076923
1 0.17427884615384615 0.7752403846153846 0.0889423076923077 0.08173076923076923
1 0.2848557692307692 0.7764423076923077 0.09134615384615384 0.06971153846153846
1 0.2764423076923077 0.8509615384615384 0.08173076923076923 0.06971153846153846
1 0.359375 0.6394230769230769 0.07692307692307693 0.06971153846153846
1 0.625 0.42427884615384615 0.09134615384615384 0.07692307692307693
2 0.36899038461538464 0.19471153846153846 0.0985576923076923 0.0889423076923077
2 0.5168269230769231 0.4254807692307692 0.09375 0.07451923076923077
2 0.6826923076923077 0.4987980769230769 0.10336538461538461 0.07932692307692307
2 0.7439903846153846 0.6610576923076923 0.0985576923076923 0.07932692307692307
2 0.47596153846153844 0.5877403846153846 0.10576923076923077 0.07451923076923077
2 0.27283653846153844 0.59375 0.10096153846153846 0.07211538461538461
2 0.15384615384615385 0.5841346153846154 0.09375 0.07932692307692307
2 0.6706730769230769 0.7680288461538461 0.07692307692307693 0.07211538461538461
2 0.5216346153846154 0.7644230769230769 0.09134615384615384 0.07932692307692307
2 0.38221153846153844 0.75 0.07692307692307693 0.06490384615384616
0 0.7175480769230769 0.40384615384615385 0.11057692307692307 0.07692307692307693
0 0.8377403846153846 0.484375 0.10817307692307693 0.08653846153846154
0 0.4254807692307692 0.4675480769230769 0.09134615384615384 0.07932692307692307
0 0.5973557692307693 0.5504807692307693 0.07692307692307693 0.0673076923076923
0 0.23677884615384615 0.5120192307692307 0.08653846153846154 0.06971153846153846
0 0.6117788461538461 0.8870192307692307 0.10096153846153846 0.07692307692307693
0 0.5480769230769231 0.8461538461538461 0.09134615384615384 0.07932692307692307
0 0.40865384615384615 0.8425480769230769 0.09615384615384616 0.07692307692307693
0 0.16105769230769232 0.6754807692307693 0.08653846153846154 0.0673076923076923