2 0.83203125 0.796875 0.109375 0.1234375
2 0.58359375 0.5640625 0.1140625 0.11875
2 0.58046875 0.44609375 0.0875 0.084375
2 0.4328125 0.2984375 0.096875 0.078125
2 0.38515625 0.4140625 0.071875 0.084375
2 0.1921875 0.4765625 0.1171875 0.1015625
2 0.22734375 0.628125 0.11875 0.1296875
2 0.48046875 0.5671875 0.1 0.0984375
0 0.75859375 0.6453125 0.0796875 0.0921875
0 0.8390625 0.56484375 0.0953125 0.0984375
0 0.7578125 0.45078125 0.08125 0.0765625
0 0.66015625 0.42421875 0.0921875 0.0953125
0 0.540625 0.38671875 0.078125 0.0828125
0 0.44375 0.45078125 0.0796875 0.0859375
0 0.31640625 0.53359375 0.1 0.1
0 0.14921875 0.3703125 0.0875 0.075
1 0.4 0.721875 0.121875 0.1171875
1 0.0640625 0.6890625 0.128125 0.134375
1 0.33203125 0.35625 0.084375 0.084375
1 0.2328125 0.35625 0.096875 0.09375
1 0.56484375 0.296875 0.0859375 0.0875
1 0.86484375 0.659375 0.1015625 0.1
1 0.68828125 0.59375 0.09375 0.1046875
1 0.58203125 0.85703125 0.1171875 0.1453125