1 0.11899038461538461 0.13341346153846154 0.1658653846153846 0.13701923076923078
1 0.6959134615384616 0.1935096153846154 0.11538461538461539 0.09375
1 0.6658653846153846 0.29447115384615385 0.11778846153846154 0.09375
1 0.07211538461538461 0.421875 0.14423076923076922 0.1346153846153846
1 0.08413461538461539 0.6021634615384616 0.1346153846153846 0.12740384615384615
1 0.44350961538461536 0.6442307692307693 0.11778846153846154 0.10576923076923077
1 0.5192307692307693 0.5685096153846154 0.10576923076923077 0.09615384615384616
0 0.6971153846153846 0.6418269230769231 0.10576923076923077 0.0985576923076923
2 0.7127403846153846 0.5697115384615384 0.08413461538461539 0.08173076923076923
1 0.8004807692307693 0.5396634615384616 0.0889423076923077 0.07692307692307693
1 0.7584134615384616 0.4098557692307692 0.07932692307692307 0.09375
1 0.8425480769230769 0.4098557692307692 0.07211538461538461 0.07932692307692307
2 0.4543269230769231 0.20793269230769232 0.1346153846153846 0.11298076923076923
2 0.8305288461538461 0.25 0.09615384615384616 0.10817307692307693
2 0.484375 0.44711538461538464 0.10817307692307693 0.0985576923076923
2 0.6117788461538461 0.5324519230769231 0.0985576923076923 0.10096153846153846
0 0.7800480769230769 0.625 0.07692307692307693 0.08653846153846154
2 0.8365384615384616 0.6177884615384616 0.06009615384615385 0.08173076923076923
2 0.28125 0.8173076923076923 0.12740384615384615 0.1201923076923077
2 0.421875 0.9074519230769231 0.08653846153846154 0.0985576923076923
2 0.5504807692307693 0.8810096153846154 0.09134615384615384 0.0889423076923077
2 0.609375 0.8209134615384616 0.09615384615384616 0.09375
0 0.3605769230769231 0.3317307692307692 0.1466346153846154 0.12740384615384615
0 0.33052884615384615 0.05889423076923077 0.17067307692307693 0.11778846153846154
0 0.5625 0.32572115384615385 0.11298076923076923 0.12740384615384615
0 0.265625 0.4387019230769231 0.14903846153846154 0.13221153846153846
0 0.30528846153846156 0.6538461538461539 0.12259615384615384 0.12259615384615384
0 0.15745192307692307 0.6947115384615384 0.14423076923076922 0.125
0 0.06129807692307692 0.8257211538461539 0.12259615384615384 0.13221153846153846
0 0.33653846153846156 0.9206730769230769 0.10096153846153846 0.10576923076923077