1 0.6640625 0.5953125 0.14375 0.125
1 0.2078125 0.61328125 0.1828125 0.1375
1 0.50625 0.8828125 0.1734375 0.1484375
1 0.56953125 0.26875 0.196875 0.175
1 0.53671875 0.13828125 0.1703125 0.146875
2 0.7171875 0.221875 0.1671875 0.1328125
2 0.73984375 0.3453125 0.1875 0.1546875
2 0.5265625 0.5296875 0.1734375 0.1390625
2 0.38828125 0.4546875 0.1765625 0.1375
2 0.78046875 0.678125 0.1734375 0.1484375
0 0.78828125 0.80390625 0.190625 0.1609375
0 0.5703125 0.7421875 0.2125 0.1796875
0 0.39921875 0.25546875 0.1953125 0.165625
0 0.24375 0.35078125 0.1953125 0.1671875
0 0.6890625 0.465625 0.175 0.1234375