0 0.18269230769230768 0.03485576923076923 0.11538461538461539 0.06971153846153846
0 0.12139423076923077 0.40625 0.10096153846153846 0.08653846153846154
0 0.1502403846153846 0.5288461538461539 0.10817307692307693 0.09615384615384616
0 0.15264423076923078 0.6225961538461539 0.11538461538461539 0.0889423076923077
0 0.7620192307692307 0.4951923076923077 0.09375 0.06971153846153846
0 0.671875 0.5072115384615384 0.07451923076923077 0.057692307692307696
1 0.6153846153846154 0.4807692307692308 0.06971153846153846 0.055288461538461536
0 0.5576923076923077 0.45552884615384615 0.07932692307692307 0.0673076923076923
0 0.5084134615384616 0.4963942307692308 0.07932692307692307 0.0625
0 0.6862980769230769 0.30649038461538464 0.0889423076923077 0.07932692307692307
0 0.6394230769230769 0.6153846153846154 0.07932692307692307 0.06009615384615385
2 0.7776442307692307 0.2692307692307692 0.08413461538461539 0.07451923076923077
2 0.7872596153846154 0.3629807692307692 0.09375 0.07211538461538461
2 0.7331730769230769 0.4074519230769231 0.09134615384615384 0.07211538461538461
2 0.6899038461538461 0.4567307692307692 0.0673076923076923 0.052884615384615384
1 0.7836538461538461 0.6478365384615384 0.06490384615384616 0.06009615384615385
2 0.7271634615384616 0.6394230769230769 0.0625 0.06009615384615385
2 0.734375 0.5841346153846154 0.08653846153846154 0.0673076923076923
2 0.6754807692307693 0.7572115384615384 0.10096153846153846 0.07932692307692307
2 0.5865384615384616 0.5588942307692307 0.08653846153846154 0.057692307692307696
2 0.23677884615384615 0.2932692307692308 0.11778846153846154 0.0985576923076923
2 0.2704326923076923 0.7259615384615384 0.13221153846153846 0.10576923076923077
1 0.5985576923076923 0.29086538461538464 0.08173076923076923 0.07692307692307693
1 0.2860576923076923 0.59375 0.1201923076923077 0.09615384615384616
1 0.1346153846153846 0.7980769230769231 0.11778846153846154 0.11538461538461539
1 0.30649038461538464 0.47115384615384615 0.1201923076923077 0.09375
1 0.23557692307692307 0.390625 0.12740384615384615 0.10096153846153846
1 0.12259615384615384 0.23197115384615385 0.1201923076923077 0.0889423076923077
1 0.265625 0.18509615384615385 0.13221153846153846 0.10817307692307693
1 0.30528846153846156 0.07572115384615384 0.1201923076923077 0.10096153846153846