0 0.7596153846153846 0.11538461538461539 0.051682692307692304 0.05889423076923077
1 0.5384615384615384 0.16105769230769232 0.054086538461538464 0.08173076923076923
0 0.5637019230769231 0.07451923076923077 0.056490384615384616 0.056490384615384616
0 0.46153846153846156 0.08533653846153846 0.055288461538461536 0.06490384615384616
0 0.2704326923076923 0.1502403846153846 0.06370192307692307 0.06370192307692307
0 0.4639423076923077 0.44350961538461536 0.055288461538461536 0.06971153846153846
2 0.5973557692307693 0.4987980769230769 0.057692307692307696 0.0625
0 0.6021634615384616 0.43149038461538464 0.046875 0.05889423076923077
2 0.44471153846153844 0.5817307692307693 0.05048076923076923 0.055288461538461536
0 0.48197115384615385 0.5456730769230769 0.046875 0.052884615384615384
0 0.5733173076923077 0.5625 0.046875 0.054086538461538464
0 0.36177884615384615 0.6862980769230769 0.051682692307692304 0.06971153846153846
0 0.24278846153846154 0.7151442307692307 0.05889423076923077 0.07572115384615384
2 0.22956730769230768 0.9278846153846154 0.06971153846153846 0.0889423076923077
2 0.4963942307692308 0.6490384615384616 0.055288461538461536 0.078125
2 0.39903846153846156 0.6286057692307693 0.051682692307692304 0.06009615384615385
2 0.33533653846153844 0.5420673076923077 0.052884615384615384 0.06490384615384616
2 0.6177884615384616 0.5709134615384616 0.054086538461538464 0.07091346153846154
2 0.4110576923076923 0.19591346153846154 0.07451923076923077 0.0625
2 0.3401442307692308 0.12980769230769232 0.06009615384615385 0.07211538461538461
1 0.4879807692307692 0.8701923076923077 0.06490384615384616 0.08653846153846154
1 0.48197115384615385 0.765625 0.056490384615384616 0.0829326923076923
1 0.4098557692307692 0.7355769230769231 0.04927884615384615 0.078125
1 0.6033653846153846 0.6971153846153846 0.05889423076923077 0.08173076923076923
1 0.25961538461538464 0.24519230769230768 0.07451923076923077 0.08052884615384616
1 0.15625 0.17427884615384615 0.0625 0.07932692307692307
1 0.6538461538461539 0.13581730769230768 0.05889423076923077 0.06490384615384616
1 0.6935096153846154 0.08774038461538461 0.05048076923076923 0.0625
1 0.34975961538461536 0.6045673076923077 0.046875 0.055288461538461536
2 0.5913461538461539 0.14783653846153846 0.057692307692307696 0.056490384615384616