2 0.7644230769230769 0.32572115384615385 0.0829326923076923 0.06129807692307692
2 0.8966346153846154 0.3954326923076923 0.08173076923076923 0.052884615384615384
2 0.7980769230769231 0.453125 0.09495192307692307 0.06850961538461539
2 0.703125 0.5108173076923077 0.07572115384615384 0.06370192307692307
2 0.8617788461538461 0.5673076923076923 0.07572115384615384 0.057692307692307696
2 0.8521634615384616 0.515625 0.06610576923076923 0.04927884615384615
2 0.6538461538461539 0.6213942307692307 0.07932692307692307 0.06370192307692307
2 0.23317307692307693 0.4387019230769231 0.09375 0.06850961538461539
2 0.4807692307692308 0.3485576923076923 0.08653846153846154 0.06129807692307692
2 0.6334134615384616 0.3858173076923077 0.0673076923076923 0.05889423076923077
1 0.22115384615384615 0.23918269230769232 0.09735576923076923 0.0625
1 0.4074519230769231 0.5985576923076923 0.0733173076923077 0.05889423076923077
1 0.47475961538461536 0.47716346153846156 0.08052884615384616 0.06850961538461539
1 0.5709134615384616 0.45072115384615385 0.08653846153846154 0.0625
1 0.5132211538461539 0.6033653846153846 0.07932692307692307 0.04807692307692308
1 0.5084134615384616 0.5516826923076923 0.07692307692307693 0.051682692307692304
1 0.7824519230769231 0.5769230769230769 0.08052884615384616 0.06490384615384616
1 0.9158653846153846 0.5180288461538461 0.0673076923076923 0.04567307692307692
1 0.5865384615384616 0.5180288461538461 0.08052884615384616 0.05889423076923077
1 0.5552884615384616 0.6442307692307693 0.07451923076923077 0.052884615384615384
0 0.36177884615384615 0.5348557692307693 0.08653846153846154 0.056490384615384616
0 0.3954326923076923 0.3894230769230769 0.08533653846153846 0.06490384615384616
0 0.3293269230769231 0.34134615384615385 0.08173076923076923 0.06129807692307692
0 0.44471153846153844 0.21514423076923078 0.09375 0.06850961538461539
0 0.6850961538461539 0.265625 0.08533653846153846 0.05889423076923077
0 0.5649038461538461 0.3557692307692308 0.07451923076923077 0.06370192307692307
0 0.921875 0.30408653846153844 0.07091346153846154 0.06009615384615385
0 0.7019230769230769 0.4206730769230769 0.07211538461538461 0.06610576923076923
0 0.8305288461538461 0.6358173076923077 0.078125 0.06971153846153846
0 0.6370192307692307 0.6850961538461539 0.09615384615384616 0.06009615384615385