1 0.3954326923076923 0.5625 0.08413461538461539 0.07692307692307693
0 0.31971153846153844 0.5865384615384616 0.09615384615384616 0.08413461538461539
1 0.29447115384615385 0.5168269230769231 0.07932692307692307 0.06971153846153846
1 0.48677884615384615 0.6057692307692307 0.08653846153846154 0.07451923076923077
0 0.4831730769230769 0.7235576923076923 0.0985576923076923 0.0889423076923077
1 0.4098557692307692 0.7019230769230769 0.08653846153846154 0.08173076923076923
1 0.26322115384615385 0.6875 0.10576923076923077 0.09375
1 0.5552884615384616 0.9615384615384616 0.09134615384615384 0.07451923076923077
1 0.734375 0.9002403846153846 0.0889423076923077 0.07932692307692307
1 0.7379807692307693 0.5913461538461539 0.09375 0.08173076923076923
1 0.7692307692307693 0.41346153846153844 0.10096153846153846 0.09615384615384616
1 0.4831730769230769 0.41466346153846156 0.08653846153846154 0.07451923076923077
2 0.46153846153846156 0.3317307692307692 0.09375 0.08653846153846154
2 0.2692307692307692 0.44711538461538464 0.09375 0.07932692307692307
2 0.484375 0.5144230769230769 0.09615384615384616 0.08413461538461539
2 0.6610576923076923 0.625 0.09134615384615384 0.08173076923076923
2 0.5877403846153846 0.6790865384615384 0.0985576923076923 0.09134615384615384
2 0.7127403846153846 0.7379807692307693 0.10336538461538461 0.0889423076923077
2 0.8016826923076923 0.8798076923076923 0.08173076923076923 0.06971153846153846
2 0.45072115384615385 0.8173076923076923 0.09615384615384616 0.07932692307692307
2 0.40384615384615385 0.9002403846153846 0.09615384615384616 0.08413461538461539
2 0.5985576923076923 0.8485576923076923 0.0985576923076923 0.08653846153846154
0 0.7055288461538461 0.30528846153846156 0.10096153846153846 0.08173076923076923
0 0.5685096153846154 0.2644230769230769 0.10576923076923077 0.0889423076923077
0 0.6021634615384616 0.36538461538461536 0.0985576923076923 0.0889423076923077
0 0.6754807692307693 0.49038461538461536 0.10096153846153846 0.09134615384615384
0 0.6033653846153846 0.5396634615384616 0.10336538461538461 0.08653846153846154
0 0.7572115384615384 0.6875 0.11298076923076923 0.08413461538461539
0 0.2403846153846154 0.5853365384615384 0.0889423076923077 0.08173076923076923
0 0.30649038461538464 0.8040865384615384 0.10336538461538461 0.09375