2 0.49158653846153844 0.18990384615384615 0.04447115384615385 0.04567307692307692
2 0.49158653846153844 0.14903846153846154 0.039663461538461536 0.039663461538461536
2 0.14783653846153846 0.43990384615384615 0.07932692307692307 0.08052884615384616
2 0.546875 0.546875 0.05048076923076923 0.05048076923076923
2 0.4651442307692308 0.5228365384615384 0.038461538461538464 0.046875
2 0.35096153846153844 0.6117788461538461 0.04326923076923077 0.052884615384615384
2 0.4495192307692308 0.7463942307692307 0.056490384615384616 0.07211538461538461
2 0.5084134615384616 0.7151442307692307 0.04326923076923077 0.05889423076923077
2 0.4675480769230769 0.8882211538461539 0.06009615384615385 0.07692307692307693
2 0.515625 0.8233173076923077 0.04927884615384615 0.07451923076923077
0 0.42788461538461536 0.9711538461538461 0.056490384615384616 0.057692307692307696
0 0.5829326923076923 0.8629807692307693 0.04807692307692308 0.06971153846153846
0 0.3894230769230769 0.8581730769230769 0.052884615384615384 0.0673076923076923
0 0.5456730769230769 0.6586538461538461 0.039663461538461536 0.05048076923076923
0 0.31009615384615385 0.7271634615384616 0.046875 0.057692307692307696
0 0.36778846153846156 0.3329326923076923 0.052884615384615384 0.054086538461538464
0 0.390625 0.28966346153846156 0.04807692307692308 0.042067307692307696
0 0.3485576923076923 0.2439903846153846 0.05048076923076923 0.04927884615384615
0 0.4362980769230769 0.1502403846153846 0.04927884615384615 0.046875
0 0.4110576923076923 0.6478365384615384 0.036057692307692304 0.04927884615384615
1 0.3473557692307692 0.7800480769230769 0.046875 0.051682692307692304
1 0.49158653846153844 0.6346153846153846 0.040865384615384616 0.051682692307692304
1 0.35697115384615385 0.6682692307692307 0.04567307692307692 0.04447115384615385
1 0.4098557692307692 0.5745192307692307 0.03485576923076923 0.054086538461538464
1 0.38100961538461536 0.5444711538461539 0.03245192307692308 0.040865384615384616
1 0.2439903846153846 0.45913461538461536 0.06850961538461539 0.07572115384615384
1 0.30408653846153844 0.3701923076923077 0.056490384615384616 0.055288461538461536
1 0.234375 0.3762019230769231 0.054086538461538464 0.06009615384615385
1 0.29927884615384615 0.2932692307692308 0.052884615384615384 0.04447115384615385
1 0.41947115384615385 0.23317307692307693 0.04927884615384615 0.039663461538461536