2 0.30528846153846156 0.3737980769230769 0.07692307692307693 0.08173076923076923
2 0.39663461538461536 0.375 0.0673076923076923 0.09375
2 0.43028846153846156 0.203125 0.057692307692307696 0.07932692307692307
2 0.4735576923076923 0.6310096153846154 0.0625 0.07692307692307693
2 0.46634615384615385 0.7716346153846154 0.06971153846153846 0.08173076923076923
2 0.6514423076923077 0.7379807692307693 0.0625 0.07692307692307693
2 0.7295673076923077 0.5600961538461539 0.0625 0.08173076923076923
2 0.8245192307692307 0.359375 0.055288461538461536 0.0625
2 0.5420673076923077 0.5336538461538461 0.04567307692307692 0.06009615384615385
2 0.5240384615384616 0.46274038461538464 0.055288461538461536 0.057692307692307696
1 0.6430288461538461 0.4375 0.05048076923076923 0.055288461538461536
1 0.625 0.3786057692307692 0.04567307692307692 0.05048076923076923
1 0.7247596153846154 0.46875 0.05048076923076923 0.055288461538461536
1 0.5228365384615384 0.8485576923076923 0.052884615384615384 0.07692307692307693
1 0.7115384615384616 0.6983173076923077 0.06009615384615385 0.0625
1 0.38822115384615385 0.17307692307692307 0.05048076923076923 0.06009615384615385
1 0.48677884615384615 0.18028846153846154 0.06009615384615385 0.06971153846153846
1 0.5552884615384616 0.05048076923076923 0.05048076923076923 0.06490384615384616
1 0.484375 0.018028846153846152 0.055288461538461536 0.036057692307692304
1 0.25600961538461536 0.5528846153846154 0.08413461538461539 0.08653846153846154
0 0.4807692307692308 0.09495192307692307 0.052884615384615384 0.06009615384615385
0 0.33413461538461536 0.2932692307692308 0.07451923076923077 0.07211538461538461
0 0.4110576923076923 0.2824519230769231 0.055288461538461536 0.07451923076923077
0 0.20192307692307693 0.6875 0.0985576923076923 0.10817307692307693
0 0.48677884615384615 0.5204326923076923 0.04807692307692308 0.055288461538461536
0 0.5745192307692307 0.6442307692307693 0.06490384615384616 0.07211538461538461
0 0.6189903846153846 0.5769230769230769 0.052884615384615384 0.0625
0 0.6947115384615384 0.36778846153846156 0.05048076923076923 0.06009615384615385
0 0.8257211538461539 0.5612980769230769 0.0625 0.07451923076923077
0 0.8052884615384616 0.5048076923076923 0.06009615384615385 0.057692307692307696