0 0.4699519230769231 0.26322115384615385 0.08052884615384616 0.057692307692307696
1 0.5012019230769231 0.20072115384615385 0.08413461538461539 0.054086538461538464
1 0.7163461538461539 0.31971153846153844 0.0625 0.057692307692307696
1 0.46033653846153844 0.5396634615384616 0.07451923076923077 0.06009615384615385
1 0.5949519230769231 0.5637019230769231 0.06971153846153846 0.04927884615384615
1 0.7415865384615384 0.5649038461538461 0.06850961538461539 0.051682692307692304
1 0.8233173076923077 0.6298076923076923 0.06971153846153846 0.06490384615384616
1 0.734375 0.6358173076923077 0.0733173076923077 0.054086538461538464
1 0.7427884615384616 0.6947115384615384 0.06610576923076923 0.054086538461538464
1 0.6694711538461539 0.5264423076923077 0.06009615384615385 0.054086538461538464
1 0.4483173076923077 0.359375 0.07091346153846154 0.06009615384615385
2 0.6490384615384616 0.1658653846153846 0.078125 0.06850961538461539
2 0.5360576923076923 0.35697115384615385 0.0733173076923077 0.057692307692307696
2 0.40384615384615385 0.4206730769230769 0.08052884615384616 0.06129807692307692
2 0.3581730769230769 0.5540865384615384 0.07692307692307693 0.0625
2 0.5745192307692307 0.48677884615384615 0.0829326923076923 0.05889423076923077
2 0.7391826923076923 0.4855769230769231 0.08052884615384616 0.055288461538461536
2 0.8341346153846154 0.47596153846153844 0.07451923076923077 0.06129807692307692
2 0.4206730769230769 0.6394230769230769 0.06129807692307692 0.055288461538461536
2 0.5408653846153846 0.6322115384615384 0.07211538461538461 0.0625
2 0.6538461538461539 0.6165865384615384 0.0625 0.05048076923076923
0 0.3713942307692308 0.3449519230769231 0.08774038461538461 0.057692307692307696
0 0.2776442307692308 0.41346153846153844 0.08413461538461539 0.06850961538461539
0 0.6105769230769231 0.3894230769230769 0.07211538461538461 0.06129807692307692
0 0.47475961538461536 0.46033653846153844 0.06009615384615385 0.051682692307692304
0 0.765625 0.4182692307692308 0.06850961538461539 0.054086538461538464
0 0.47115384615384615 0.734375 0.08052884615384616 0.06009615384615385
0 0.5216346153846154 0.6995192307692307 0.07091346153846154 0.06129807692307692
0 0.6358173076923077 0.6923076923076923 0.07572115384615384 0.06009615384615385
0 0.8317307692307693 0.5492788461538461 0.06971153846153846 0.052884615384615384