0 0.2608173076923077 0.24639423076923078 0.09134615384615384 0.07211538461538461
0 0.4567307692307692 0.2403846153846154 0.09615384615384616 0.08173076923076923
0 0.5600961538461539 0.25961538461538464 0.09615384615384616 0.08173076923076923
2 0.5012019230769231 0.3918269230769231 0.09615384615384616 0.06971153846153846
0 0.5240384615384616 0.33413461538461536 0.09375 0.07692307692307693
0 0.6514423076923077 0.36899038461538464 0.0889423076923077 0.06971153846153846
1 0.46634615384615385 0.5697115384615384 0.08653846153846154 0.07932692307692307
0 0.5432692307692307 0.5276442307692307 0.07932692307692307 0.0673076923076923
0 0.6129807692307693 0.4831730769230769 0.0889423076923077 0.0625
0 0.25841346153846156 0.6610576923076923 0.0889423076923077 0.07692307692307693
1 0.3701923076923077 0.7307692307692307 0.0889423076923077 0.06971153846153846
0 0.36177884615384615 0.6706730769230769 0.08173076923076923 0.06971153846153846
0 0.5576923076923077 0.7572115384615384 0.0889423076923077 0.07692307692307693
1 0.3329326923076923 0.2283653846153846 0.07692307692307693 0.07692307692307693
1 0.3557692307692308 0.3942307692307692 0.09615384615384616 0.07932692307692307
1 0.4483173076923077 0.4579326923076923 0.09134615384615384 0.07692307692307693
1 0.7415865384615384 0.49278846153846156 0.08413461538461539 0.07451923076923077
1 0.7487980769230769 0.5889423076923077 0.07932692307692307 0.06490384615384616
1 0.6478365384615384 0.6802884615384616 0.0889423076923077 0.07211538461538461
1 0.7788461538461539 0.703125 0.0889423076923077 0.0673076923076923
1 0.6478365384615384 0.765625 0.08413461538461539 0.07451923076923077
2 0.2692307692307692 0.328125 0.10336538461538461 0.07451923076923077
2 0.22115384615384615 0.4170673076923077 0.11778846153846154 0.09134615384615384
2 0.71875 0.2932692307692308 0.10336538461538461 0.07692307692307693
2 0.8088942307692307 0.36899038461538464 0.07451923076923077 0.06971153846153846
2 0.8173076923076923 0.5348557692307693 0.07692307692307693 0.07211538461538461
2 0.8064903846153846 0.6322115384615384 0.07932692307692307 0.0625
2 0.36899038461538464 0.59375 0.09375 0.07932692307692307
2 0.45072115384615385 0.7103365384615384 0.08413461538461539 0.07932692307692307
2 0.5180288461538461 0.6646634615384616 0.0889423076923077 0.07692307692307693