2 0.80390625 0.2375 0.165625 0.1359375
2 0.690625 0.359375 0.1375 0.1140625
2 0.9015625 0.53828125 0.1421875 0.1109375
2 0.50078125 0.54453125 0.1203125 0.0953125
2 0.40234375 0.41875 0.1515625 0.1359375
2 0.14140625 0.440625 0.153125 0.134375
2 0.54375 0.325 0.1421875 0.1
1 0.590625 0.14921875 0.1671875 0.1328125
1 0.5859375 0.24296875 0.1265625 0.0859375
1 0.30390625 0.54921875 0.1359375 0.1140625
1 0.56171875 0.39609375 0.1234375 0.0828125
1 0.7328125 0.77421875 0.1125 0.103125
1 0.415625 0.74296875 0.1296875 0.1046875
0 0.26484375 0.43515625 0.134375 0.1171875
0 0.5984375 0.4796875 0.134375 0.115625
0 0.7796875 0.45546875 0.134375 0.1109375
0 0.76953125 0.6 0.1640625 0.1171875
0 0.6171875 0.6140625 0.15625 0.1171875
0 0.628125 0.79375 0.125 0.1140625
0 0.53515625 0.80390625 0.1421875 0.125
1 0.91640625 0.4328125 0.1421875 0.1125