1 0.89609375 0.4671875 0.0890625 0.0703125
1 0.56484375 0.4171875 0.0890625 0.084375
1 0.5609375 0.35 0.0796875 0.071875
1 0.31640625 0.20546875 0.078125 0.0703125
1 0.1671875 0.24921875 0.06875 0.06875
1 0.378125 0.1703125 0.0640625 0.0515625
1 0.37578125 0.4296875 0.096875 0.1078125
1 0.52109375 0.4796875 0.1046875 0.096875
2 0.8046875 0.45546875 0.1 0.1046875
2 0.65390625 0.47890625 0.1 0.1046875
2 0.41171875 0.5515625 0.090625 0.096875
2 0.34296875 0.64609375 0.146875 0.15
2 0.2015625 0.54140625 0.1375 0.1015625
2 0.43359375 0.32578125 0.0890625 0.0921875
2 0.39375 0.24921875 0.06875 0.059375
2 0.4984375 0.18203125 0.0671875 0.0703125
0 0.68046875 0.41015625 0.09375 0.078125
0 0.65078125 0.33828125 0.084375 0.0734375
0 0.615625 0.28828125 0.06875 0.05625
0 0.49375 0.3640625 0.08125 0.084375
0 0.5453125 0.65546875 0.1296875 0.121875
0 0.2015625 0.446875 0.0984375 0.109375
0 0.1921875 0.30859375 0.0765625 0.071875
0 0.31328125 0.29609375 0.090625 0.090625