1 0.76640625 0.66796875 0.09921875 0.14296875
1 0.7875 0.4984375 0.075 0.08125
1 0.678125 0.5546875 0.08359375 0.08125
1 0.3625 0.63125 0.0984375 0.09375
1 0.1078125 0.6 0.09609375 0.096875
1 0.46875 0.45234375 0.09296875 0.08828125
1 0.7453125 0.34921875 0.08046875 0.08046875
1 0.61015625 0.1421875 0.0828125 0.08046875
2 0.68203125 0.26328125 0.059375 0.06953125
2 0.609375 0.27421875 0.07734375 0.075
2 0.68671875 0.4140625 0.09609375 0.08203125
2 0.56484375 0.4875 0.08203125 0.096875
2 0.31328125 0.51796875 0.09140625 0.09296875
2 0.20703125 0.4859375 0.090625 0.084375
2 0.42734375 0.36015625 0.06171875 0.090625
2 0.35546875 0.28984375 0.08125 0.06953125
0 0.56484375 0.39765625 0.07734375 0.078125
0 0.53046875 0.2875 0.07109375 0.08046875
0 0.42265625 0.24609375 0.0703125 0.071875
0 0.309375 0.42265625 0.0734375 0.08515625
0 0.346875 0.35859375 0.0859375 0.071875
0 0.60546875 0.71171875 0.10703125 0.1046875
0 0.46953125 0.665625 0.08671875 0.11875
0 0.5921875 0.621875 0.09140625 0.09296875