2 0.38828125 0.49375 0.06796875 0.05234375
2 0.4578125 0.51953125 0.06015625 0.06875
2 0.25390625 0.64140625 0.07109375 0.08046875
2 0.3296875 0.66640625 0.075 0.06953125
2 0.40625 0.5703125 0.07109375 0.0390625
2 0.31640625 0.534375 0.0546875 0.05234375
2 0.69765625 0.57109375 0.08359375 0.04296875
2 0.78515625 0.55703125 0.04921875 0.05078125
1 0.12421875 0.63515625 0.06953125 0.07109375
1 0.21328125 0.55234375 0.05625 0.0578125
1 0.2671875 0.51796875 0.04140625 0.04296875
1 0.61484375 0.525 0.046875 0.04921875
1 0.753125 0.6484375 0.06328125 0.06015625
1 0.61484375 0.61484375 0.053125 0.05
1 0.871875 0.6203125 0.05546875 0.05390625
1 0.90078125 0.571875 0.046875 0.05
0 0.83984375 0.578125 0.059375 0.04375
0 0.6671875 0.65859375 0.0765625 0.065625
0 0.71953125 0.52734375 0.0609375 0.05078125
0 0.57734375 0.57890625 0.046875 0.04921875
0 0.5671875 0.5234375 0.025 0.05
0 0.3796875 0.6125 0.0625 0.04375
0 0.24921875 0.584375 0.05234375 0.04296875
0 0.1375 0.5484375 0.07734375 0.06640625