0 0.82734375 0.6015625 0.090625 0.0921875
0 0.7953125 0.434375 0.0890625 0.090625
0 0.671875 0.378125 0.0578125 0.0578125
0 0.69296875 0.48515625 0.084375 0.0734375
0 0.59140625 0.575 0.1046875 0.09375
0 0.3859375 0.5421875 0.0921875 0.0875
0 0.425 0.33125 0.0546875 0.0515625
0 0.465625 0.30078125 0.05625 0.0453125
1 0.17890625 0.459375 0.0734375 0.071875
1 0.28359375 0.390625 0.06875 0.078125
1 0.28515625 0.31484375 0.053125 0.053125
1 0.553125 0.29765625 0.053125 0.04375
1 0.609375 0.47890625 0.0734375 0.075
1 0.56015625 0.39921875 0.06875 0.0578125
1 0.44375 0.3828125 0.0703125 0.05625
1 0.72890625 0.3640625 0.0578125 0.05
2 0.7109375 0.68125 0.1109375 0.10625
2 0.55546875 0.659375 0.09375 0.096875
2 0.5453125 0.475 0.0765625 0.065625
2 0.453125 0.48125 0.08125 0.065625
2 0.2734375 0.48046875 0.0734375 0.06875
2 0.3375 0.3234375 0.0671875 0.05625
2 0.228125 0.31328125 0.0625 0.0609375
2 0.6359375 0.32421875 0.0546875 0.046875