1 0.75703125 0.68203125 0.10625 0.1484375
1 0.7875 0.51328125 0.0796875 0.084375
1 0.675 0.5640625 0.0875 0.0859375
1 0.35546875 0.62421875 0.103125 0.0984375
1 0.103125 0.5796875 0.1015625 0.1015625
1 0.47109375 0.45078125 0.096875 0.09375
1 0.753125 0.3625 0.084375 0.084375
1 0.62890625 0.1484375 0.0875 0.084375
2 0.69453125 0.2734375 0.0625 0.071875
2 0.62109375 0.28046875 0.08125 0.0796875
2 0.690625 0.42421875 0.1 0.0875
2 0.565625 0.490625 0.0875 0.1015625
2 0.3125 0.5078125 0.096875 0.096875
2 0.2078125 0.4703125 0.0953125 0.0890625
2 0.434375 0.35625 0.065625 0.09375
2 0.36640625 0.2828125 0.084375 0.0734375
0 0.5703125 0.4015625 0.08125 0.0828125
0 0.54140625 0.2890625 0.075 0.084375
0 0.4359375 0.2421875 0.0734375 0.075
0 0.3140625 0.4125 0.078125 0.0890625
0 0.3546875 0.35078125 0.0890625 0.0765625
0 0.59453125 0.7171875 0.1125 0.109375
0 0.4609375 0.6640625 0.0921875 0.1234375
0 0.5859375 0.6265625 0.096875 0.096875