0 0.53125 0.27163461538461536 0.09375 0.0673076923076923
0 0.39302884615384615 0.35216346153846156 0.07091346153846154 0.07091346153846154
0 0.5841346153846154 0.375 0.07932692307692307 0.06971153846153846
0 0.8581730769230769 0.44591346153846156 0.08052884615384616 0.06370192307692307
0 0.5985576923076923 0.5889423076923077 0.06971153846153846 0.0625
0 0.31971153846153844 0.5492788461538461 0.09975961538461539 0.08173076923076923
0 0.3557692307692308 0.6538461538461539 0.07211538461538461 0.06610576923076923
0 0.4170673076923077 0.7668269230769231 0.0889423076923077 0.078125
0 0.8365384615384616 0.5564903846153846 0.06490384615384616 0.054086538461538464
0 0.8088942307692307 0.6754807692307693 0.0733173076923077 0.06490384615384616
1 0.3798076923076923 0.18389423076923078 0.08052884615384616 0.06490384615384616
1 0.24879807692307693 0.25721153846153844 0.109375 0.0673076923076923
1 0.6742788461538461 0.3076923076923077 0.06850961538461539 0.06490384615384616
1 0.47115384615384615 0.46033653846153844 0.08774038461538461 0.07572115384615384
1 0.5 0.6766826923076923 0.0733173076923077 0.06610576923076923
1 0.6706730769230769 0.8305288461538461 0.08413461538461539 0.06971153846153846
2 0.703125 0.609375 0.07932692307692307 0.05889423076923077
1 0.7415865384615384 0.5625 0.07451923076923077 0.056490384615384616
1 0.6081730769230769 0.484375 0.0829326923076923 0.06610576923076923
1 0.7896634615384616 0.4170673076923077 0.0673076923076923 0.057692307692307696
1 0.15264423076923078 0.3954326923076923 0.11658653846153846 0.06490384615384616
2 0.171875 0.33413461538461536 0.09014423076923077 0.06610576923076923
2 0.32091346153846156 0.35336538461538464 0.09014423076923077 0.0625
2 0.23317307692307693 0.4879807692307692 0.08653846153846154 0.07572115384615384
2 0.44350961538461536 0.5889423076923077 0.09615384615384616 0.07211538461538461
2 0.2920673076923077 0.6213942307692307 0.0985576923076923 0.06490384615384616
2 0.7091346153846154 0.40024038461538464 0.07692307692307693 0.0625
2 0.6117788461538461 0.6694711538461539 0.09375 0.07451923076923077
2 0.8713942307692307 0.6225961538461539 0.07451923076923077 0.056490384615384616
2 0.7127403846153846 0.7620192307692307 0.06971153846153846 0.056490384615384616