0 0.61171875 0.4625 0.15625 0.1296875
0 0.5171875 0.68046875 0.17421875 0.13828125
0 0.74453125 0.615625 0.11015625 0.096875
0 0.63203125 0.86171875 0.13671875 0.1203125
1 0.39609375 0.5359375 0.1984375 0.14375
1 0.74140625 0.35234375 0.115625 0.11484375
1 0.09765625 0.51953125 0.1953125 0.16875
1 0.77578125 0.89140625 0.11328125 0.10234375
2 0.84375 0.68828125 0.10859375 0.10703125
2 0.875 0.4296875 0.11953125 0.10859375
2 0.65625 0.19765625 0.153125 0.14375
2 0.9640625 0.63046875 0.071875 0.09375