0 0.609375 0.39609375 0.09375 0.09375
0 0.52890625 0.3765625 0.1109375 0.10625
0 0.5875 0.58828125 0.1109375 0.1421875
0 0.76171875 0.4953125 0.1 0.109375
0 0.2765625 0.3859375 0.0859375 0.08125
0 0.13828125 0.41796875 0.1015625 0.10625
0 0.1578125 0.5875 0.109375 0.1125
0 0.221875 0.66640625 0.1375 0.128125
2 0.24296875 0.91171875 0.1390625 0.1765625
2 0.4078125 0.525 0.10625 0.109375
2 0.5234375 0.48125 0.103125 0.1078125
2 0.39609375 0.44140625 0.103125 0.1
2 0.39296875 0.325 0.103125 0.096875
2 0.475 0.27265625 0.0859375 0.084375
2 0.73203125 0.2640625 0.084375 0.0921875
2 0.67890625 0.55546875 0.1171875 0.13125
1 0.48828125 0.60859375 0.103125 0.1109375
1 0.40546875 0.68046875 0.1125 0.1109375
1 0.46328125 0.9140625 0.14375 0.1578125
1 0.3109375 0.5265625 0.1015625 0.1015625
1 0.3890625 0.23671875 0.075 0.0703125
1 0.58046875 0.19140625 0.0703125 0.0734375
1 0.509375 0.18828125 0.0875 0.084375
1 0.7703125 0.4015625 0.0984375 0.103125