0 0.03125 0.28125 0.0625 0.07692307692307693
0 0.43509615384615385 0.36538461538461536 0.10336538461538461 0.0889423076923077
0 0.6153846153846154 0.2776442307692308 0.10576923076923077 0.0889423076923077
0 0.6490384615384616 0.41586538461538464 0.10336538461538461 0.09134615384615384
0 0.021634615384615384 0.5745192307692307 0.040865384615384616 0.06490384615384616
0 0.10576923076923077 0.5504807692307693 0.09615384615384616 0.06490384615384616
0 0.1935096153846154 0.42427884615384615 0.10336538461538461 0.07451923076923077
0 0.28966346153846156 0.6550480769230769 0.0985576923076923 0.07451923076923077
0 0.22956730769230768 0.5817307692307693 0.0889423076923077 0.07451923076923077
0 0.36538461538461536 0.04567307692307692 0.10576923076923077 0.08173076923076923
2 0.5456730769230769 0.04326923076923077 0.10096153846153846 0.08653846153846154
2 0.59375 0.17067307692307693 0.10096153846153846 0.07451923076923077
2 0.3076923076923077 0.13701923076923078 0.09134615384615384 0.07451923076923077
2 0.052884615384615384 0.37740384615384615 0.08653846153846154 0.07692307692307693
2 0.2800480769230769 0.5012019230769231 0.09134615384615384 0.06490384615384616
2 0.6009615384615384 0.5612980769230769 0.09615384615384616 0.08173076923076923
2 0.5396634615384616 0.4699519230769231 0.10096153846153846 0.08413461538461539
2 0.1875 0.6935096153846154 0.10096153846153846 0.08413461538461539
2 0.4338942307692308 0.6141826923076923 0.09375 0.08413461538461539
1 0.23197115384615385 0.27403846153846156 0.09134615384615384 0.08173076923076923
1 0.15625 0.21514423076923078 0.0889423076923077 0.07932692307692307
1 0.36658653846153844 0.2776442307692308 0.10336538461538461 0.08413461538461539
1 0.3161057692307692 0.375 0.10336538461538461 0.08173076923076923
1 0.5168269230769231 0.24519230769230768 0.09134615384615384 0.07211538461538461
1 0.3713942307692308 0.5252403846153846 0.09375 0.07451923076923077
1 0.37740384615384615 0.44711538461538464 0.09375 0.0673076923076923
1 0.030048076923076924 0.6682692307692307 0.04326923076923077 0.07451923076923077
1 0.13221153846153846 0.34134615384615385 0.0889423076923077 0.07692307692307693
1 0.08173076923076923 0.47115384615384615 0.08413461538461539 0.06971153846153846