0 0.3 0.69140625 0.11015625 0.11875
0 0.66953125 0.80625 0.10234375 0.12109375
0 0.7890625 0.6125 0.071875 0.0984375
0 0.86015625 0.5078125 0.06953125 0.07578125
0 0.65625 0.4046875 0.071875 0.078125
0 0.75625 0.41484375 0.0734375 0.08125
0 0.48046875 0.37734375 0.0765625 0.0609375
0 0.2703125 0.36953125 0.06328125 0.065625
2 0.375 0.86171875 0.11953125 0.1390625
2 0.134375 0.7234375 0.11171875 0.128125
2 0.546875 0.52109375 0.07265625 0.0828125
2 0.621875 0.6171875 0.0734375 0.09296875
2 0.9109375 0.73671875 0.090625 0.1078125
2 0.55078125 0.4421875 0.071875 0.07578125
2 0.4015625 0.33359375 0.07265625 0.075
2 0.42890625 0.4359375 0.08359375 0.1015625
1 0.29140625 0.48125 0.07109375 0.07421875
1 0.21953125 0.49296875 0.078125 0.0703125
1 0.37578125 0.56171875 0.08515625 0.08125
1 0.48046875 0.65859375 0.09296875 0.09921875
1 0.55 0.8515625 0.115625 0.159375
1 0.66640625 0.52578125 0.075 0.084375
1 0.9109375 0.59765625 0.0859375 0.09609375
1 0.52890625 0.29921875 0.06875 0.06796875