1 0.7953125 0.60859375 0.1265625 0.1609375
1 0.78125 0.4390625 0.090625 0.0953125
1 0.6859375 0.51640625 0.0984375 0.096875
1 0.39296875 0.65703125 0.115625 0.1125
1 0.1375 0.6796875 0.1140625 0.1140625
1 0.459375 0.46015625 0.109375 0.10625
1 0.70859375 0.3015625 0.0953125 0.0953125
1 0.53359375 0.12734375 0.0984375 0.0953125
2 0.62890625 0.23046875 0.071875 0.0796875
2 0.56015625 0.25625 0.090625 0.0890625
2 0.66484375 0.37734375 0.1109375 0.1
2 0.5609375 0.47421875 0.1 0.1125
2 0.32109375 0.55625 0.109375 0.109375
2 0.21015625 0.546875 0.10625 0.1015625
2 0.4 0.378125 0.0796875 0.1015625
2 0.31484375 0.32421875 0.09375 0.084375
0 0.5421875 0.38671875 0.0921875 0.0921875
0 0.4859375 0.2859375 0.0859375 0.09375
0 0.371875 0.26796875 0.084375 0.084375
0 0.29765625 0.4640625 0.0890625 0.0984375
0 0.32109375 0.39375 0.0984375 0.0875
0 0.646875 0.68515625 0.1265625 0.125
0 0.5046875 0.66796875 0.109375 0.134375
0 0.615625 0.6 0.109375 0.109375