1 0.5384615384615384 0.35216346153846156 0.08413461538461539 0.07451923076923077
1 0.6610576923076923 0.36658653846153844 0.09615384615384616 0.08173076923076923
1 0.7788461538461539 0.5709134615384616 0.11298076923076923 0.09134615384615384
1 0.39302884615384615 0.6286057692307693 0.0889423076923077 0.07932692307692307
1 0.17067307692307693 0.703125 0.10096153846153846 0.07451923076923077
1 0.13341346153846154 0.6213942307692307 0.07932692307692307 0.07211538461538461
1 0.04447115384615385 0.2932692307692308 0.04326923076923077 0.07211538461538461
1 0.21514423076923078 0.2608173076923077 0.07692307692307693 0.07451923076923077
1 0.6394230769230769 0.23197115384615385 0.09134615384615384 0.08173076923076923
2 0.38100961538461536 0.21033653846153846 0.07692307692307693 0.06971153846153846
2 0.6442307692307693 0.10576923076923077 0.10576923076923077 0.08413461538461539
2 0.7271634615384616 0.2439903846153846 0.10576923076923077 0.08413461538461539
2 0.2536057692307692 0.1935096153846154 0.07932692307692307 0.06971153846153846
2 0.31009615384615385 0.14783653846153846 0.09615384615384616 0.08173076923076923
2 0.4987980769230769 0.6069711538461539 0.10576923076923077 0.08653846153846154
2 0.2512019230769231 0.5084134615384616 0.0985576923076923 0.07692307692307693
2 0.3401442307692308 0.7055288461538461 0.10096153846153846 0.08413461538461539
2 0.03125 0.5540865384615384 0.0625 0.0889423076923077
2 0.30408653846153844 0.3161057692307692 0.10817307692307693 0.08413461538461539
0 0.7295673076923077 0.47115384615384615 0.09615384615384616 0.08173076923076923
0 0.8016826923076923 0.1971153846153846 0.09615384615384616 0.07451923076923077
0 0.44350961538461536 0.171875 0.08413461538461539 0.06971153846153846
0 0.47716346153846156 0.48677884615384615 0.10576923076923077 0.0889423076923077
0 0.6069711538461539 0.6682692307692307 0.11298076923076923 0.09134615384615384
0 0.3449519230769231 0.45913461538461536 0.0889423076923077 0.07692307692307693
0 0.3762019230769231 0.40384615384615385 0.09615384615384616 0.07932692307692307
0 0.20673076923076922 0.4423076923076923 0.09375 0.07451923076923077
0 0.054086538461538464 0.39663461538461536 0.0985576923076923 0.0889423076923077