0 0.6859375 0.71328125 0.1125 0.090625
0 0.49140625 0.67578125 0.1203125 0.0953125
0 0.6 0.534375 0.1046875 0.08125
0 0.1453125 0.65390625 0.1109375 0.084375
0 0.496875 0.3078125 0.1234375 0.1078125
0 0.66015625 0.2078125 0.1046875 0.090625
0 0.346875 0.2203125 0.11875 0.0890625
0 0.50625 0.85234375 0.128125 0.1015625
2 0.43203125 0.8109375 0.1265625 0.08125
2 0.3984375 0.7484375 0.125 0.0921875
2 0.66875 0.58359375 0.1296875 0.0921875
2 0.43203125 0.4484375 0.121875 0.10625
2 0.38125 0.51875 0.1234375 0.0875
2 0.159375 0.4296875 0.1046875 0.0890625
2 0.75234375 0.43046875 0.1265625 0.1015625
2 0.46875 0.16796875 0.125 0.096875
1 0.371875 0.3 0.125 0.103125
1 0.6 0.3609375 0.1125 0.0921875
1 0.6546875 0.2953125 0.1234375 0.0875
1 0.22578125 0.3203125 0.15 0.11875
1 0.24296875 0.5265625 0.121875 0.1046875
1 0.33046875 0.665625 0.1265625 0.0984375
1 0.49375 0.55703125 0.115625 0.0953125
1 0.60703125 0.6609375 0.11875 0.0984375