1 0.20673076923076922 0.22596153846153846 0.07451923076923077 0.057692307692307696
2 0.2247596153846154 0.16947115384615385 0.08173076923076923 0.06490384615384616
2 0.3605769230769231 0.22355769230769232 0.08173076923076923 0.0733173076923077
2 0.31009615384615385 0.34615384615384615 0.07211538461538461 0.09254807692307693
1 0.5432692307692307 0.26322115384615385 0.07211538461538461 0.0673076923076923
2 0.5516826923076923 0.20552884615384615 0.07932692307692307 0.06009615384615385
2 0.5348557692307693 0.3545673076923077 0.06610576923076923 0.08533653846153846
2 0.5252403846153846 0.4411057692307692 0.08774038461538461 0.08533653846153846
2 0.24639423076923078 0.515625 0.09975961538461539 0.09975961538461539
2 0.16466346153846154 0.671875 0.0829326923076923 0.11298076923076923
2 0.8533653846153846 0.3918269230769231 0.07211538461538461 0.09615384615384616
2 0.8521634615384616 0.30288461538461536 0.0829326923076923 0.08413461538461539
1 0.1045673076923077 0.5252403846153846 0.08533653846153846 0.11538461538461539
1 0.47115384615384615 0.25721153846153844 0.06610576923076923 0.06971153846153846
1 0.6334134615384616 0.28365384615384615 0.07211538461538461 0.08413461538461539
1 0.6057692307692307 0.36778846153846156 0.06971153846153846 0.07572115384615384
1 0.6502403846153846 0.43149038461538464 0.08052884615384616 0.09014423076923077
1 0.71875 0.40865384615384615 0.08774038461538461 0.10697115384615384
1 0.328125 0.6862980769230769 0.08052884615384616 0.12740384615384615
1 0.625 0.6983173076923077 0.10216346153846154 0.11899038461538461
0 0.18028846153846154 0.390625 0.08533653846153846 0.09014423076923077
0 0.23798076923076922 0.29447115384615385 0.07211538461538461 0.06610576923076923
0 0.40024038461538464 0.33533653846153844 0.08173076923076923 0.09975961538461539
0 0.39302884615384615 0.45552884615384615 0.07572115384615384 0.109375
0 0.4579326923076923 0.53125 0.08533653846153846 0.09254807692307693
0 0.47475961538461536 0.6550480769230769 0.10096153846153846 0.11658653846153846
0 0.6274038461538461 0.5552884615384616 0.09254807692307693 0.11899038461538461
0 0.24639423076923078 0.7271634615384616 0.07692307692307693 0.11778846153846154
0 0.9026442307692307 0.7403846153846154 0.09254807692307693 0.13221153846153846
0 0.8774038461538461 0.5372596153846154 0.07932692307692307 0.1141826923076923