0 0.86015625 0.790625 0.103125 0.1078125
0 0.75625 0.4984375 0.08125 0.0859375
0 0.6625 0.39296875 0.0953125 0.0890625
0 0.60859375 0.41875 0.08125 0.0890625
0 0.38671875 0.51796875 0.1109375 0.115625
0 0.62265625 0.53828125 0.0890625 0.090625
0 0.40390625 0.31328125 0.078125 0.0796875
0 0.14453125 0.3265625 0.075 0.0640625
1 0.25859375 0.8234375 0.1375 0.140625
1 0.721875 0.62421875 0.0875 0.0859375
1 0.56640625 0.65390625 0.0796875 0.090625
1 0.3625 0.6515625 0.0953125 0.1203125
1 0.1890625 0.37265625 0.0859375 0.0875
1 0.4125 0.4078125 0.0828125 0.078125
1 0.36875 0.36328125 0.0703125 0.0703125
1 0.47578125 0.26484375 0.0796875 0.071875
2 0.5 0.371875 0.0890625 0.0890625
2 0.496875 0.475 0.084375 0.084375
2 0.4484375 0.59140625 0.0875 0.1
2 0.05390625 0.71484375 0.1078125 0.1734375
2 0.05546875 0.565625 0.1109375 0.121875
2 0.11015625 0.43125 0.1328125 0.109375
2 0.33515625 0.27109375 0.096875 0.103125
2 0.66328125 0.8390625 0.11875 0.1390625