0 0.27163461538461536 0.2668269230769231 0.08653846153846154 0.07692307692307693
0 0.3870192307692308 0.30288461538461536 0.0889423076923077 0.06129807692307692
0 0.4963942307692308 0.2956730769230769 0.078125 0.07091346153846154
0 0.31009615384615385 0.43149038461538464 0.08533653846153846 0.0673076923076923
0 0.3918269230769231 0.3954326923076923 0.0733173076923077 0.0625
0 0.44471153846153844 0.47836538461538464 0.07451923076923077 0.06009615384615385
0 0.4891826923076923 0.42427884615384615 0.078125 0.06490384615384616
0 0.30649038461538464 0.5264423076923077 0.06971153846153846 0.054086538461538464
0 0.49158653846153844 0.5721153846153846 0.0733173076923077 0.057692307692307696
0 0.4735576923076923 0.6454326923076923 0.06971153846153846 0.052884615384615384
2 0.265625 0.6057692307692307 0.09014423076923077 0.06009615384615385
2 0.35697115384615385 0.5697115384615384 0.09014423076923077 0.06490384615384616
2 0.5673076923076923 0.4326923076923077 0.06370192307692307 0.04807692307692308
2 0.6225961538461539 0.40384615384615385 0.0625 0.055288461538461536
2 0.6009615384615384 0.5192307692307693 0.07211538461538461 0.04927884615384615
2 0.6189903846153846 0.4639423076923077 0.0625 0.04807692307692308
2 0.6742788461538461 0.4098557692307692 0.04447115384615385 0.052884615384615384
2 0.7163461538461539 0.40625 0.04567307692307692 0.051682692307692304
2 0.5360576923076923 0.5024038461538461 0.06370192307692307 0.04927884615384615
2 0.6706730769230769 0.515625 0.056490384615384616 0.046875
1 0.515625 0.7247596153846154 0.06971153846153846 0.04807692307692308
1 0.7536057692307693 0.4807692307692308 0.05889423076923077 0.051682692307692304
1 0.8473557692307693 0.6021634615384616 0.0625 0.054086538461538464
1 0.8810096153846154 0.546875 0.05889423076923077 0.042067307692307696
1 0.5192307692307693 0.6790865384615384 0.056490384615384616 0.042067307692307696
1 0.7704326923076923 0.546875 0.06610576923076923 0.05048076923076923
1 0.6610576923076923 0.5829326923076923 0.0625 0.05048076923076923
1 0.5817307692307693 0.6550480769230769 0.06490384615384616 0.054086538461538464
1 0.6802884615384616 0.6754807692307693 0.0673076923076923 0.055288461538461536
1 0.7704326923076923 0.6526442307692307 0.06971153846153846 0.04927884615384615