2 0.5765625 0.8015625 0.1515625 0.134375
2 0.72265625 0.7109375 0.159375 0.1234375
2 0.49609375 0.7171875 0.1828125 0.1453125
2 0.35625 0.5875 0.1671875 0.121875
2 0.334375 0.48828125 0.1578125 0.1265625
2 0.2734375 0.35625 0.1734375 0.1375
2 0.46484375 0.32421875 0.1609375 0.115625
1 0.88125 0.6390625 0.1359375 0.115625
1 0.75859375 0.584375 0.1265625 0.1015625
1 0.63203125 0.61171875 0.14375 0.109375
1 0.48359375 0.60703125 0.121875 0.103125
1 0.13671875 0.528125 0.146875 0.128125
1 0.17265625 0.64375 0.1625 0.1203125
1 0.33671875 0.2015625 0.1703125 0.1375
0 0.3046875 0.7734375 0.1609375 0.140625
0 0.50703125 0.47421875 0.1546875 0.1328125
0 0.69453125 0.465625 0.15625 0.1171875
0 0.846875 0.47421875 0.134375 0.115625
0 0.828125 0.34921875 0.165625 0.1375
0 0.66015625 0.34453125 0.140625 0.121875
0 0.58515625 0.1953125 0.171875 0.1375