1 0.5372596153846154 0.109375 0.09615384615384616 0.08173076923076923
1 0.6923076923076923 0.3762019230769231 0.07211538461538461 0.06490384615384616
1 0.7211538461538461 0.33653846153846156 0.07211538461538461 0.06490384615384616
1 0.7752403846153846 0.3870192307692308 0.0625 0.0673076923076923
1 0.8822115384615384 0.5576923076923077 0.05048076923076923 0.057692307692307696
1 0.22115384615384615 0.6262019230769231 0.07692307692307693 0.07211538461538461
1 0.5480769230769231 0.5408653846153846 0.0625 0.05048076923076923
1 0.47716346153846156 0.4699519230769231 0.055288461538461536 0.04807692307692308
1 0.3293269230769231 0.4014423076923077 0.0673076923076923 0.04807692307692308
1 0.25841346153846156 0.4675480769230769 0.07451923076923077 0.06009615384615385
2 0.6502403846153846 0.2439903846153846 0.07692307692307693 0.07451923076923077
2 0.7776442307692307 0.47596153846153844 0.07211538461538461 0.06490384615384616
2 0.8581730769230769 0.53125 0.03365384615384615 0.04567307692307692
2 0.4375 0.3798076923076923 0.0625 0.055288461538461536
2 0.3545673076923077 0.5084134615384616 0.0625 0.05048076923076923
2 0.2403846153846154 0.3918269230769231 0.057692307692307696 0.052884615384615384
2 0.17307692307692307 0.515625 0.07932692307692307 0.06971153846153846
2 0.3870192307692308 0.4639423076923077 0.057692307692307696 0.04567307692307692
2 0.45552884615384615 0.53125 0.04567307692307692 0.05048076923076923
2 0.3125 0.5925480769230769 0.055288461538461536 0.057692307692307696
0 0.5528846153846154 0.2668269230769231 0.10096153846153846 0.08653846153846154
0 0.828125 0.4855769230769231 0.052884615384615384 0.055288461538461536
0 0.8533653846153846 0.43509615384615385 0.0673076923076923 0.0625
0 0.9146634615384616 0.5216346153846154 0.06009615384615385 0.06009615384615385
0 0.140625 0.33052884615384615 0.08173076923076923 0.0673076923076923
0 0.14783653846153846 0.42427884615384615 0.09375 0.06971153846153846
0 0.2704326923076923 0.5336538461538461 0.08173076923076923 0.06009615384615385
0 0.39903846153846156 0.6117788461538461 0.06009615384615385 0.057692307692307696
0 0.5564903846153846 0.47716346153846156 0.0673076923076923 0.057692307692307696
0 0.3557692307692308 0.34375 0.06009615384615385 0.04807692307692308