0 0.4078125 0.271875 0.0765625 0.06875
0 0.49296875 0.4125 0.0765625 0.08125
0 0.33359375 0.6421875 0.10625 0.09375
0 0.17265625 0.67734375 0.1 0.115625
0 0.765625 0.8453125 0.1203125 0.1328125
0 0.86328125 0.6625 0.1046875 0.1265625
0 0.6203125 0.65078125 0.0984375 0.121875
0 0.4375 0.82734375 0.125 0.134375
1 0.65390625 0.8078125 0.109375 0.140625
1 0.34375 0.7375 0.1 0.1015625
1 0.5125 0.625 0.090625 0.11875
1 0.465625 0.52734375 0.0859375 0.09375
1 0.578125 0.4546875 0.084375 0.0875
1 0.6515625 0.525 0.084375 0.090625
1 0.36015625 0.33828125 0.0625 0.0734375
1 0.578125 0.3046875 0.0734375 0.0625
2 0.72421875 0.46875 0.09375 0.103125
2 0.57265625 0.36953125 0.0765625 0.06875
2 0.41875 0.39921875 0.0796875 0.0921875
2 0.3578125 0.4453125 0.0875 0.075
2 0.30234375 0.53125 0.0875 0.096875
2 0.28828125 0.37578125 0.0828125 0.0828125
2 0.14609375 0.490625 0.1046875 0.0859375
2 0.24140625 0.75390625 0.115625 0.125