0 0.78046875 0.81953125 0.1328125 0.1671875
0 0.36328125 0.7875 0.1296875 0.15
0 0.15 0.61640625 0.1234375 0.1453125
0 0.2421875 0.3265625 0.090625 0.0796875
0 0.33828125 0.23984375 0.1015625 0.1
0 0.68125 0.47890625 0.109375 0.125
0 0.82109375 0.4953125 0.0984375 0.1078125
0 0.4625 0.59140625 0.11875 0.121875
2 0.26875 0.68671875 0.140625 0.1609375
2 0.421875 0.4671875 0.1046875 0.115625
2 0.5171875 0.3171875 0.09375 0.1
2 0.865625 0.378125 0.121875 0.0875
2 0.128125 0.3640625 0.1171875 0.1125
2 0.25546875 0.23515625 0.0953125 0.1
2 0.65625 0.62265625 0.140625 0.1484375
2 0.71953125 0.26640625 0.0875 0.090625
1 0.58359375 0.19453125 0.0859375 0.0875
1 0.6 0.29453125 0.09375 0.0859375
1 0.73828125 0.36640625 0.1078125 0.10625
1 0.6109375 0.4328125 0.0953125 0.10625
1 0.51171875 0.4453125 0.1125 0.10625
1 0.31328125 0.375 0.0953125 0.1015625
1 0.228125 0.3984375 0.1078125 0.1046875
1 0.17734375 0.5109375 0.1234375 0.1359375