0 0.09134615384615384 0.4182692307692308 0.125 0.10336538461538461
0 0.13822115384615385 0.5540865384615384 0.11778846153846154 0.0985576923076923
0 0.375 0.6694711538461539 0.10576923076923077 0.08653846153846154
0 0.4170673076923077 0.7620192307692307 0.10336538461538461 0.0889423076923077
0 0.47716346153846156 0.4891826923076923 0.10336538461538461 0.08413461538461539
1 0.5673076923076923 0.31850961538461536 0.09134615384615384 0.08653846153846154
0 0.4807692307692308 0.265625 0.10336538461538461 0.0889423076923077
0 0.46153846153846156 0.3737980769230769 0.10576923076923077 0.09134615384615384
0 0.7872596153846154 0.3317307692307692 0.08653846153846154 0.07692307692307693
0 0.7752403846153846 0.43990384615384615 0.10096153846153846 0.07932692307692307
1 0.5649038461538461 0.17427884615384615 0.09134615384615384 0.07692307692307693
0 0.515625 0.10817307692307693 0.09615384615384616 0.07932692307692307
1 0.734375 0.07932692307692307 0.10096153846153846 0.08653846153846154
1 0.8173076923076923 0.24759615384615385 0.09615384615384616 0.07692307692307693
1 0.3173076923076923 0.4639423076923077 0.12259615384615384 0.10576923076923077
1 0.3918269230769231 0.5757211538461539 0.11778846153846154 0.10817307692307693
1 0.2620192307692308 0.5805288461538461 0.11538461538461539 0.11057692307692307
1 0.22355769230769232 0.40024038461538464 0.125 0.11057692307692307
1 0.7151442307692307 0.5360576923076923 0.0889423076923077 0.09375
1 0.6237980769230769 0.4879807692307692 0.0985576923076923 0.10336538461538461
2 0.43149038461538464 0.19110576923076922 0.10576923076923077 0.08653846153846154
2 0.3701923076923077 0.2620192307692308 0.10096153846153846 0.09615384615384616
2 0.30288461538461536 0.34375 0.1201923076923077 0.11298076923076923
2 0.1310096153846154 0.24879807692307693 0.10576923076923077 0.09615384615384616
2 0.6358173076923077 0.2439903846153846 0.10576923076923077 0.09134615384615384
2 0.7043269230769231 0.39663461538461536 0.11057692307692307 0.07692307692307693
2 0.5901442307692307 0.4098557692307692 0.10576923076923077 0.08413461538461539
2 0.5444711538461539 0.59375 0.1201923076923077 0.09134615384615384
2 0.16947115384615385 0.6610576923076923 0.12259615384615384 0.09615384615384616
2 0.22956730769230768 0.7800480769230769 0.1201923076923077 0.09615384615384616