1 0.09014423076923077 0.18028846153846154 0.09375 0.07932692307692307
1 0.14182692307692307 0.4951923076923077 0.07932692307692307 0.0889423076923077
1 0.2247596153846154 0.4795673076923077 0.09375 0.0889423076923077
1 0.15745192307692307 0.6117788461538461 0.10336538461538461 0.08653846153846154
1 0.2536057692307692 0.9242788461538461 0.10096153846153846 0.07211538461538461
1 0.6358173076923077 0.7644230769230769 0.09134615384615384 0.08413461538461539
1 0.5877403846153846 0.6141826923076923 0.08653846153846154 0.07692307692307693
1 0.6298076923076923 0.4375 0.07692307692307693 0.06971153846153846
1 0.7668269230769231 0.40384615384615385 0.07932692307692307 0.06490384615384616
2 0.9074519230769231 0.3581730769230769 0.09615384615384616 0.06971153846153846
2 0.6766826923076923 0.34615384615384615 0.09134615384615384 0.06009615384615385
2 0.6646634615384616 0.5300480769230769 0.08413461538461539 0.0625
2 0.75 0.5228365384615384 0.07692307692307693 0.0625
2 0.9206730769230769 0.5324519230769231 0.07692307692307693 0.06971153846153846
2 0.7079326923076923 0.6394230769230769 0.08653846153846154 0.07692307692307693
2 0.5084134615384616 0.5180288461538461 0.07932692307692307 0.06971153846153846
2 0.25841346153846156 0.6838942307692307 0.11538461538461539 0.08413461538461539
2 0.2439903846153846 0.859375 0.0889423076923077 0.0673076923076923
2 0.11899038461538461 0.35697115384615385 0.09134615384615384 0.07932692307692307
0 0.234375 0.2692307692307692 0.0889423076923077 0.08413461538461539
0 0.11538461538461539 0.7524038461538461 0.08413461538461539 0.06971153846153846
0 0.21514423076923078 0.7572115384615384 0.0889423076923077 0.07451923076923077
0 0.16466346153846154 0.9495192307692307 0.07932692307692307 0.07932692307692307
0 0.5300480769230769 0.71875 0.08413461538461539 0.0625
0 0.5348557692307693 0.41586538461538464 0.07932692307692307 0.0673076923076923
0 0.8870192307692307 0.6418269230769231 0.09134615384615384 0.07451923076923077
0 0.8641826923076923 0.4519230769230769 0.0889423076923077 0.07451923076923077
0 0.7920673076923077 0.2860576923076923 0.09134615384615384 0.07692307692307693
0 0.6850961538461539 0.24278846153846154 0.09615384615384616 0.0673076923076923