0 0.5203125 0.7234375 0.1515625 0.184375
0 0.7671875 0.63984375 0.140625 0.1671875
0 0.40234375 0.54609375 0.146875 0.178125
0 0.45546875 0.27265625 0.134375 0.171875
0 0.359375 0.22109375 0.1390625 0.1640625
1 0.6125 0.2875 0.1296875 0.146875
1 0.68125 0.73203125 0.1421875 0.1890625
1 0.3671875 0.38203125 0.1421875 0.159375
1 0.2859375 0.71796875 0.1625 0.1765625
1 0.3109375 0.88828125 0.146875 0.1765625
2 0.0984375 0.59609375 0.1703125 0.19375
2 0.90234375 0.61953125 0.1484375 0.1859375
2 0.7640625 0.36953125 0.1296875 0.1703125
2 0.5203125 0.44453125 0.140625 0.165625
2 0.45234375 0.09453125 0.1421875 0.1578125