1 0.70625 0.2828125 0.08125 0.09375
1 0.55234375 0.49296875 0.0734375 0.1046875
1 0.6578125 0.64921875 0.06875 0.103125
1 0.5453125 0.609375 0.059375 0.0734375
1 0.48046875 0.59609375 0.0609375 0.078125
1 0.3765625 0.66796875 0.059375 0.0859375
1 0.1609375 0.5703125 0.0578125 0.0796875
1 0.2328125 0.45 0.065625 0.084375
0 0.6484375 0.40390625 0.071875 0.0859375
0 0.5234375 0.32265625 0.059375 0.0765625
0 0.45625 0.4578125 0.0640625 0.075
0 0.2921875 0.51328125 0.065625 0.0859375
0 0.2859375 0.65546875 0.0875 0.0984375
0 0.321875 0.80625 0.071875 0.10625
0 0.57578125 0.76015625 0.0578125 0.0953125
0 0.59296875 0.66328125 0.0625 0.0921875
2 0.43515625 0.78359375 0.06875 0.084375
2 0.640625 0.78671875 0.0765625 0.103125
2 0.7453125 0.6703125 0.0765625 0.103125
2 0.66328125 0.50703125 0.0828125 0.090625
2 0.5796875 0.36875 0.0703125 0.084375
2 0.465625 0.38125 0.0640625 0.084375
2 0.425 0.3078125 0.0625 0.078125
2 0.37578125 0.46875 0.0703125 0.090625