2 0.3609375 0.2671875 0.1859375 0.1390625
2 0.17734375 0.35703125 0.1875 0.1484375
2 0.6703125 0.728125 0.16875 0.134375
2 0.77578125 0.60078125 0.165625 0.121875
2 0.35703125 0.56484375 0.1453125 0.1296875
1 0.90625 0.48828125 0.153125 0.128125
1 0.76484375 0.46328125 0.1484375 0.1109375
1 0.4953125 0.56171875 0.15 0.115625
1 0.11171875 0.57578125 0.1484375 0.1328125
1 0.1953125 0.6859375 0.175 0.1296875
0 0.3890625 0.784375 0.1671875 0.128125
0 0.46328125 0.415625 0.15625 0.1328125
0 0.653125 0.35625 0.1578125 0.10625
0 0.5796875 0.25078125 0.1609375 0.134375
0 0.7375 0.20234375 0.1640625 0.1234375