0 0.91171875 0.63359375 0.10859375 0.096875
0 0.70625 0.5078125 0.06875 0.07578125
0 0.51171875 0.55078125 0.08671875 0.07578125
0 0.1984375 0.78125 0.103125 0.1125
0 0.4203125 0.43125 0.0921875 0.078125
0 0.25546875 0.4140625 0.0703125 0.053125
0 0.3484375 0.3421875 0.07734375 0.05703125
0 0.0890625 0.4609375 0.078125 0.05703125
2 0.23359375 0.57265625 0.09140625 0.09296875
2 0.14453125 0.54453125 0.096875 0.0890625
2 0.37265625 0.5265625 0.07421875 0.071875
2 0.28046875 0.48359375 0.075 0.07578125
2 0.15625 0.37734375 0.0546875 0.053125
2 0.1046875 0.3984375 0.0796875 0.05078125
2 0.521875 0.353125 0.07578125 0.06171875
2 0.25 0.2734375 0.06875 0.04296875
1 0.42421875 0.66015625 0.11171875 0.109375
1 0.66953125 0.6390625 0.0921875 0.09921875
1 0.77109375 0.57734375 0.07734375 0.09609375
1 0.665625 0.37890625 0.06328125 0.07578125
1 0.57890625 0.4171875 0.078125 0.07265625
1 0.31171875 0.3859375 0.0671875 0.04921875
1 0.27890625 0.31875 0.0609375 0.05078125
1 0.1453125 0.31953125 0.08203125 0.05625