1 0.66015625 0.60078125 0.140625 0.121875
1 0.20390625 0.603125 0.18125 0.1328125
1 0.49296875 0.8828125 0.1703125 0.14375
1 0.578125 0.27109375 0.19375 0.1703125
1 0.54921875 0.13984375 0.1671875 0.1421875
2 0.72734375 0.2296875 0.165625 0.128125
2 0.7453125 0.35390625 0.184375 0.15
2 0.52578125 0.53046875 0.1703125 0.1359375
2 0.38984375 0.45078125 0.1734375 0.1328125
2 0.77421875 0.6875 0.1703125 0.14375
0 0.77734375 0.81328125 0.1875 0.15625
0 0.56171875 0.74453125 0.209375 0.175
0 0.4078125 0.25234375 0.1921875 0.1609375
0 0.24921875 0.3421875 0.19375 0.1625
0 0.68984375 0.471875 0.1734375 0.11875