1 0.85625 0.2953125 0.06875 0.059375
1 0.69296875 0.3234375 0.0578125 0.0484375
1 0.56015625 0.37578125 0.0546875 0.05625
1 0.54453125 0.321875 0.0578125 0.053125
1 0.3328125 0.3796875 0.053125 0.05
1 0.2359375 0.46484375 0.0625 0.0609375
1 0.16328125 0.41640625 0.05625 0.0515625
1 0.125 0.434375 0.0453125 0.0453125
2 0.0875 0.4796875 0.0546875 0.05
2 0.2984375 0.421875 0.059375 0.053125
2 0.26015625 0.390625 0.0640625 0.059375
2 0.4375 0.40859375 0.0578125 0.059375
2 0.490625 0.38671875 0.0625 0.0640625
2 0.39140625 0.3953125 0.0453125 0.046875
2 0.421875 0.35234375 0.053125 0.0546875
2 0.67734375 0.29140625 0.0515625 0.04375
0 0.16015625 0.475 0.0484375 0.0453125
0 0.20390625 0.390625 0.0546875 0.046875
0 0.35703125 0.4359375 0.0578125 0.059375
0 0.48125 0.34296875 0.05625 0.05
0 0.6078125 0.378125 0.0546875 0.0515625
0 0.64296875 0.33828125 0.0484375 0.0453125
0 0.62421875 0.3015625 0.05 0.0453125
0 0.81328125 0.3328125 0.0640625 0.0546875