0 0.8305288461538461 0.171875 0.0889423076923077 0.0889423076923077
0 0.4074519230769231 0.3173076923076923 0.08173076923076923 0.0625
0 0.24519230769230768 0.32572115384615385 0.0889423076923077 0.06971153846153846
0 0.2608173076923077 0.4326923076923077 0.0889423076923077 0.07451923076923077
0 0.7704326923076923 0.4543269230769231 0.07211538461538461 0.07451923076923077
0 0.7355769230769231 0.5300480769230769 0.08173076923076923 0.08653846153846154
0 0.7235576923076923 0.6322115384615384 0.10336538461538461 0.07451923076923077
0 0.8665865384615384 0.6370192307692307 0.08173076923076923 0.08413461538461539
0 0.7944711538461539 0.8125 0.07451923076923077 0.07451923076923077
0 0.7391826923076923 0.9290865384615384 0.10096153846153846 0.0889423076923077
1 0.390625 0.20673076923076922 0.08413461538461539 0.0625
1 0.3329326923076923 0.3713942307692308 0.07692307692307693 0.0625
1 0.47115384615384615 0.37740384615384615 0.08173076923076923 0.0625
1 0.39903846153846156 0.47475961538461536 0.07692307692307693 0.0625
1 0.32091346153846156 0.5144230769230769 0.07692307692307693 0.06971153846153846
1 0.35216346153846156 0.5769230769230769 0.06971153846153846 0.0625
1 0.4026442307692308 0.6971153846153846 0.07211538461538461 0.0673076923076923
2 0.1814903846153846 0.47716346153846156 0.08413461538461539 0.07451923076923077
1 0.8076923076923077 0.5901442307692307 0.08653846153846154 0.07692307692307693
1 0.8569711538461539 0.48677884615384615 0.08173076923076923 0.06971153846153846
1 0.7572115384615384 0.3173076923076923 0.08653846153846154 0.08173076923076923
2 0.8425480769230769 0.265625 0.09615384615384616 0.07692307692307693
2 0.8341346153846154 0.3581730769230769 0.0985576923076923 0.07692307692307693
2 0.7620192307692307 0.7055288461538461 0.08413461538461539 0.07932692307692307
2 0.8389423076923077 0.7367788461538461 0.08413461538461539 0.07451923076923077
2 0.7079326923076923 0.7896634615384616 0.10576923076923077 0.0889423076923077
2 0.4483173076923077 0.6069711538461539 0.07932692307692307 0.06971153846153846
2 0.2764423076923077 0.5961538461538461 0.07932692307692307 0.06971153846153846
2 0.24639423076923078 0.6706730769230769 0.07211538461538461 0.0625
2 0.3076923076923077 0.7103365384615384 0.06971153846153846 0.0625