2 0.6790865384615384 0.22235576923076922 0.10096153846153846 0.09615384615384616
2 0.7572115384615384 0.3269230769230769 0.12980769230769232 0.0985576923076923
2 0.4411057692307692 0.3581730769230769 0.1201923076923077 0.09134615384615384
2 0.4375 0.5348557692307693 0.11298076923076923 0.09615384615384616
2 0.32211538461538464 0.5420673076923077 0.12259615384615384 0.0985576923076923
2 0.421875 0.6935096153846154 0.09375 0.07692307692307693
2 0.6286057692307693 0.7307692307692307 0.10817307692307693 0.0889423076923077
2 0.7055288461538461 0.5865384615384616 0.10576923076923077 0.0985576923076923
2 0.6634615384615384 0.6634615384615384 0.09375 0.07692307692307693
2 0.8377403846153846 0.6622596153846154 0.09615384615384616 0.08653846153846154
0 0.53125 0.21394230769230768 0.12259615384615384 0.10336538461538461
0 0.5757211538461539 0.29927884615384615 0.10817307692307693 0.09134615384615384
0 0.7836538461538461 0.41466346153846156 0.08653846153846154 0.07932692307692307
0 0.84375 0.5264423076923077 0.0889423076923077 0.08173076923076923
0 0.5264423076923077 0.4639423076923077 0.0889423076923077 0.08173076923076923
0 0.5600961538461539 0.5697115384615384 0.10336538461538461 0.08413461538461539
0 0.5552884615384616 0.6646634615384616 0.09615384615384616 0.08413461538461539
0 0.22355769230769232 0.4987980769230769 0.12259615384615384 0.09615384615384616
0 0.22716346153846154 0.6117788461538461 0.11298076923076923 0.09615384615384616
0 0.5697115384615384 0.8197115384615384 0.0889423076923077 0.07932692307692307
1 0.5757211538461539 0.38461538461538464 0.09134615384615384 0.0889423076923077
1 0.6875 0.3786057692307692 0.10576923076923077 0.09134615384615384
1 0.6622596153846154 0.48677884615384615 0.09375 0.07932692307692307
1 0.7512019230769231 0.5336538461538461 0.08653846153846154 0.08413461538461539
1 0.3786057692307692 0.453125 0.10576923076923077 0.09615384615384616
1 0.27524038461538464 0.39663461538461536 0.0985576923076923 0.08653846153846154
1 0.4675480769230769 0.6262019230769231 0.09134615384615384 0.08413461538461539
1 0.5048076923076923 0.7572115384615384 0.10817307692307693 0.09375
1 0.20072115384615385 0.7211538461538461 0.11057692307692307 0.0985576923076923
1 0.359375 0.8786057692307693 0.12259615384615384 0.0985576923076923