2 0.1466346153846154 0.3269230769230769 0.08413461538461539 0.06370192307692307
2 0.2512019230769231 0.42788461538461536 0.0733173076923077 0.05889423076923077
2 0.13942307692307693 0.515625 0.0829326923076923 0.05889423076923077
2 0.3401442307692308 0.5168269230769231 0.0673076923076923 0.05048076923076923
2 0.3161057692307692 0.5949519230769231 0.06971153846153846 0.052884615384615384
2 0.4951923076923077 0.5384615384615384 0.051682692307692304 0.038461538461538464
0 0.46634615384615385 0.4963942307692308 0.051682692307692304 0.04447115384615385
2 0.5264423076923077 0.49038461538461536 0.0625 0.040865384615384616
2 0.4338942307692308 0.4362980769230769 0.06971153846153846 0.04807692307692308
2 0.6935096153846154 0.28125 0.06971153846153846 0.0673076923076923
2 0.8257211538461539 0.5408653846153846 0.052884615384615384 0.055288461538461536
1 0.29927884615384615 0.296875 0.0673076923076923 0.057692307692307696
1 0.14182692307692307 0.39663461538461536 0.08413461538461539 0.06490384615384616
1 0.3473557692307692 0.40865384615384615 0.05048076923076923 0.039663461538461536
1 0.7536057692307693 0.1875 0.06490384615384616 0.0673076923076923
1 0.7752403846153846 0.28125 0.06009615384615385 0.06129807692307692
1 0.8149038461538461 0.40024038461538464 0.05889423076923077 0.06610576923076923
1 0.8858173076923077 0.5721153846153846 0.04807692307692308 0.042067307692307696
1 0.8713942307692307 0.5252403846153846 0.042067307692307696 0.04326923076923077
0 0.8533653846153846 0.6610576923076923 0.057692307692307696 0.06129807692307692
1 0.9170673076923077 0.6526442307692307 0.05048076923076923 0.052884615384615384
1 0.7175480769230769 0.38100961538461536 0.07451923076923077 0.06490384615384616
0 0.6298076923076923 0.19831730769230768 0.09615384615384616 0.08653846153846154
0 0.36778846153846156 0.3293269230769231 0.06610576923076923 0.06370192307692307
0 0.3485576923076923 0.4675480769230769 0.06009615384615385 0.040865384615384616
0 0.24639423076923078 0.5588942307692307 0.07451923076923077 0.055288461538461536
0 0.3918269230769231 0.5625 0.06370192307692307 0.04567307692307692
0 0.44591346153846156 0.6322115384615384 0.057692307692307696 0.04927884615384615
0 0.7379807692307693 0.4651442307692308 0.07932692307692307 0.06971153846153846
0 0.859375 0.45913461538461536 0.0625 0.051682692307692304