2 0.8076923076923077 0.22235576923076922 0.0889423076923077 0.07932692307692307
2 0.7175480769230769 0.140625 0.08653846153846154 0.07692307692307693
2 0.5709134615384616 0.17548076923076922 0.0985576923076923 0.08173076923076923
2 0.4182692307692308 0.2620192307692308 0.09615384615384616 0.08653846153846154
2 0.3389423076923077 0.35216346153846156 0.11057692307692307 0.0889423076923077
2 0.40384615384615385 0.43509615384615385 0.09375 0.08413461538461539
2 0.6201923076923077 0.41225961538461536 0.09134615384615384 0.07932692307692307
2 0.7920673076923077 0.5384615384615384 0.09615384615384616 0.08173076923076923
2 0.6153846153846154 0.7920673076923077 0.10096153846153846 0.08173076923076923
2 0.3076923076923077 0.7884615384615384 0.10576923076923077 0.0889423076923077
0 0.8004807692307693 0.7932692307692307 0.09615384615384616 0.07932692307692307
0 0.49278846153846156 0.6322115384615384 0.09375 0.08173076923076923
0 0.5673076923076923 0.5192307692307693 0.10576923076923077 0.0889423076923077
0 0.47115384615384615 0.4831730769230769 0.0889423076923077 0.07211538461538461
0 0.7608173076923077 0.43509615384615385 0.08653846153846154 0.07451923076923077
0 0.5408653846153846 0.3473557692307692 0.09134615384615384 0.07451923076923077
0 0.6983173076923077 0.25240384615384615 0.0889423076923077 0.06971153846153846
0 0.6153846153846154 0.09615384615384616 0.08653846153846154 0.0673076923076923
0 0.5240384615384616 0.055288461538461536 0.09615384615384616 0.07692307692307693
0 0.42427884615384615 0.0889423076923077 0.08413461538461539 0.07451923076923077
1 0.8822115384615384 0.6225961538461539 0.0985576923076923 0.08173076923076923
1 0.7728365384615384 0.6165865384615384 0.08653846153846154 0.07932692307692307
1 0.6033653846153846 0.6706730769230769 0.10576923076923077 0.08173076923076923
1 0.6838942307692307 0.5444711538461539 0.09134615384615384 0.08413461538461539
1 0.25600961538461536 0.5216346153846154 0.11057692307692307 0.07451923076923077
1 0.24278846153846154 0.4651442307692308 0.0889423076923077 0.06971153846153846
1 0.8509615384615384 0.4110576923076923 0.09615384615384616 0.07451923076923077
1 0.7908653846153846 0.3581730769230769 0.09134615384615384 0.0673076923076923
1 0.6358173076923077 0.3269230769230769 0.10096153846153846 0.07211538461538461
1 0.6862980769230769 0.037259615384615384 0.0985576923076923 0.07451923076923077