2 0.5721153846153846 0.3473557692307692 0.0829326923076923 0.07091346153846154
2 0.5168269230769231 0.2536057692307692 0.08774038461538461 0.05889423076923077
2 0.1875 0.3942307692307692 0.09134615384615384 0.06971153846153846
0 0.4735576923076923 0.5252403846153846 0.06850961538461539 0.056490384615384616
2 0.515625 0.46634615384615385 0.078125 0.06009615384615385
2 0.3798076923076923 0.5264423076923077 0.07572115384615384 0.052884615384615384
2 0.43149038461538464 0.625 0.06850961538461539 0.06009615384615385
2 0.6658653846153846 0.546875 0.078125 0.052884615384615384
2 0.8269230769230769 0.5396634615384616 0.07091346153846154 0.052884615384615384
2 0.7103365384615384 0.6658653846153846 0.08052884615384616 0.055288461538461536
2 0.7860576923076923 0.7151442307692307 0.06610576923076923 0.055288461538461536
0 0.6850961538461539 0.2800480769230769 0.09615384615384616 0.06850961538461539
0 0.75 0.4723557692307692 0.07932692307692307 0.0673076923076923
0 0.9110576923076923 0.47115384615384615 0.07451923076923077 0.0625
0 0.8918269230769231 0.5889423076923077 0.0673076923076923 0.06370192307692307
0 0.8245192307692307 0.6322115384615384 0.08173076923076923 0.06129807692307692
0 0.6538461538461539 0.6153846153846154 0.08653846153846154 0.06009615384615385
0 0.32572115384615385 0.4795673076923077 0.08173076923076923 0.054086538461538464
0 0.35697115384615385 0.7439903846153846 0.078125 0.06610576923076923
0 0.34375 0.6105769230769231 0.07692307692307693 0.06490384615384616
1 0.3016826923076923 0.38822115384615385 0.07572115384615384 0.0673076923076923
1 0.39783653846153844 0.36778846153846156 0.07091346153846154 0.0625
1 0.6838942307692307 0.38100961538461536 0.08533653846153846 0.07091346153846154
1 0.859375 0.3918269230769231 0.078125 0.054086538461538464
1 0.6322115384615384 0.46634615384615385 0.07572115384615384 0.06370192307692307
1 0.5661057692307693 0.5396634615384616 0.07572115384615384 0.05048076923076923
1 0.2608173076923077 0.5516826923076923 0.09254807692307693 0.06490384615384616
1 0.5132211538461539 0.6995192307692307 0.08774038461538461 0.056490384615384616
1 0.6069711538461539 0.7451923076923077 0.07692307692307693 0.051682692307692304
1 0.4567307692307692 0.7788461538461539 0.0829326923076923 0.06370192307692307