0 0.62421875 0.75390625 0.103125 0.0765625
0 0.44609375 0.66796875 0.1109375 0.0796875
0 0.5875 0.559375 0.096875 0.0671875
0 0.11796875 0.55625 0.103125 0.0703125
0 0.546875 0.31328125 0.1125 0.09375
0 0.73046875 0.259375 0.0953125 0.078125
0 0.425 0.18984375 0.1109375 0.075
0 0.41484375 0.8421875 0.11875 0.0859375
2 0.35390625 0.7828125 0.1203125 0.0640625
2 0.3375 0.7140625 0.115625 0.0765625
2 0.64140625 0.625 0.121875 0.075
2 0.44765625 0.43203125 0.1109375 0.0921875
2 0.38046875 0.4875 0.115625 0.071875
2 0.1890625 0.34375 0.0953125 0.0765625
2 0.76171875 0.4984375 0.1171875 0.0859375
2 0.55546875 0.17109375 0.115625 0.08125
1 0.428125 0.27421875 0.115625 0.0875
1 0.6328125 0.39140625 0.103125 0.078125
1 0.70234375 0.3421875 0.115625 0.071875
1 0.28203125 0.25546875 0.1375 0.1
1 0.24453125 0.459375 0.1109375 0.090625
1 0.29375 0.615625 0.115625 0.0828125
1 0.47890625 0.55390625 0.1046875 0.08125
1 0.56171875 0.6828125 0.109375 0.0828125