2 0.1141826923076923 0.14543269230769232 0.0889423076923077 0.08173076923076923
2 0.16706730769230768 0.23076923076923078 0.08413461538461539 0.08173076923076923
2 0.5276442307692307 0.3449519230769231 0.09134615384615384 0.07211538461538461
2 0.4651442307692308 0.47115384615384615 0.08413461538461539 0.06971153846153846
2 0.4879807692307692 0.5625 0.06490384615384616 0.0625
2 0.8052884615384616 0.3894230769230769 0.08413461538461539 0.08173076923076923
2 0.8894230769230769 0.5540865384615384 0.11778846153846154 0.09375
2 0.6646634615384616 0.5745192307692307 0.0889423076923077 0.06971153846153846
2 0.5576923076923077 0.5192307692307693 0.07211538461538461 0.07211538461538461
2 0.21995192307692307 0.7463942307692307 0.10336538461538461 0.08413461538461539
0 0.7872596153846154 0.3004807692307692 0.09615384615384616 0.06971153846153846
0 0.5661057692307693 0.2692307692307692 0.0889423076923077 0.07211538461538461
0 0.53125 0.41586538461538464 0.07451923076923077 0.057692307692307696
0 0.7668269230769231 0.6237980769230769 0.0889423076923077 0.06971153846153846
0 0.6454326923076923 0.6586538461538461 0.08173076923076923 0.06971153846153846
0 0.5552884615384616 0.6670673076923077 0.09134615384615384 0.07451923076923077
0 0.22956730769230768 0.27283653846153844 0.08653846153846154 0.08413461538461539
0 0.22235576923076922 0.3545673076923077 0.09615384615384616 0.07932692307692307
0 0.12980769230769232 0.38100961538461536 0.0889423076923077 0.07451923076923077
0 0.10817307692307693 0.6574519230769231 0.09615384615384616 0.07692307692307693
1 0.6742788461538461 0.30288461538461536 0.07451923076923077 0.0673076923076923
1 0.921875 0.45913461538461536 0.09375 0.07692307692307693
1 0.6466346153846154 0.3713942307692308 0.08173076923076923 0.057692307692307696
1 0.6766826923076923 0.45552884615384615 0.10096153846153846 0.07932692307692307
1 0.7884615384615384 0.5060096153846154 0.10817307692307693 0.08173076923076923
1 0.23076923076923078 0.53125 0.0889423076923077 0.07932692307692307
1 0.1778846153846154 0.5865384615384616 0.09375 0.07932692307692307
1 0.22115384615384615 0.6754807692307693 0.0889423076923077 0.08653846153846154
1 0.13341346153846154 0.5108173076923077 0.09375 0.08413461538461539
1 0.0889423076923077 0.44591346153846156 0.0889423076923077 0.07451923076923077