0 0.49453125 0.478125 0.0765625 0.096875
0 0.540625 0.28359375 0.109375 0.109375
0 0.55859375 0.19765625 0.084375 0.1078125
0 0.20625 0.303125 0.0921875 0.1078125
0 0.23203125 0.43828125 0.1015625 0.1125
0 0.47890625 0.59140625 0.1125 0.13125
0 0.58046875 0.709375 0.1203125 0.14375
0 0.36953125 0.71640625 0.1015625 0.1390625
1 0.76640625 0.5625 0.1 0.121875
1 0.7171875 0.6296875 0.1 0.1234375
1 0.63125 0.54609375 0.1 0.1140625
1 0.290625 0.75234375 0.1 0.1234375
1 0.33671875 0.52734375 0.1 0.1265625
1 0.56640625 0.0890625 0.0875 0.109375
1 0.6875 0.12109375 0.0890625 0.1015625
1 0.628125 0.88125 0.1125 0.14375
2 0.796875 0.3265625 0.1015625 0.121875
2 0.5984375 0.44375 0.0921875 0.1234375
2 0.50546875 0.80625 0.1125 0.11875
2 0.42265625 0.38828125 0.0984375 0.1171875
2 0.425 0.2515625 0.115625 0.1265625
2 0.32265625 0.39140625 0.0953125 0.115625
2 0.27265625 0.21640625 0.096875 0.1265625
2 0.17265625 0.63125 0.1171875 0.1421875