2 0.7671875 0.434375 0.0890625 0.10625
2 0.63984375 0.4359375 0.078125 0.09375
2 0.5828125 0.35546875 0.08125 0.0875
2 0.37421875 0.28046875 0.0828125 0.1078125
2 0.36953125 0.675 0.0828125 0.1109375
2 0.30625 0.62578125 0.071875 0.0859375
2 0.52890625 0.703125 0.0796875 0.109375
2 0.60390625 0.753125 0.0671875 0.0875
1 0.4453125 0.30859375 0.0796875 0.096875
1 0.30390625 0.3859375 0.08125 0.1
1 0.51875 0.21015625 0.0859375 0.1078125
1 0.5484375 0.54765625 0.0875 0.0921875
1 0.58828125 0.62578125 0.078125 0.09375
1 0.39609375 0.50703125 0.090625 0.0953125
1 0.39296875 0.85546875 0.0953125 0.103125
1 0.75078125 0.71953125 0.0875 0.1
0 0.6578125 0.74765625 0.0734375 0.096875
0 0.571875 0.8359375 0.090625 0.096875
0 0.66875 0.61484375 0.103125 0.1203125
0 0.6640625 0.51796875 0.078125 0.0859375
0 0.5796875 0.4609375 0.0765625 0.096875
0 0.46171875 0.4484375 0.0890625 0.1015625
0 0.4609375 0.6875 0.075 0.1
0 0.67890625 0.30390625 0.075 0.096875