2 0.81796875 0.27421875 0.18125 0.1578125
2 0.71953125 0.18671875 0.1734375 0.15
2 0.63828125 0.39140625 0.1890625 0.175
2 0.590625 0.60703125 0.203125 0.16875
2 0.7734375 0.71328125 0.1953125 0.1375
0 0.85 0.45078125 0.184375 0.1546875
0 0.7765625 0.60078125 0.184375 0.140625
0 0.62265625 0.8703125 0.2140625 0.1828125
0 0.4359375 0.46640625 0.203125 0.15625
0 0.26015625 0.29140625 0.1921875 0.1625
1 0.57265625 0.13515625 0.1765625 0.1515625
1 0.51875 0.29140625 0.175 0.1328125
1 0.38125 0.578125 0.2 0.1546875
1 0.39296875 0.709375 0.1890625 0.1390625
1 0.45703125 0.834375 0.1921875 0.1578125