2 0.865625 0.678125 0.1078125 0.1265625
2 0.7984375 0.78125 0.115625 0.13203125
2 0.5609375 0.59375 0.084375 0.08671875
2 0.46796875 0.73046875 0.07734375 0.1265625
2 0.20390625 0.4453125 0.096875 0.0796875
2 0.30703125 0.33671875 0.07890625 0.071875
2 0.20546875 0.32578125 0.0734375 0.0640625
2 0.2703125 0.2375 0.06015625 0.065625
1 0.66171875 0.61484375 0.0984375 0.1109375
1 0.57265625 0.496875 0.0734375 0.08515625
1 0.36953125 0.57109375 0.078125 0.09609375
1 0.2609375 0.66484375 0.10625 0.11328125
1 0.25546875 0.52265625 0.0921875 0.09375
1 0.34453125 0.4125 0.09140625 0.06953125
1 0.5296875 0.2921875 0.053125 0.05859375
1 0.36875 0.2421875 0.0640625 0.071875
0 0.67578125 0.3734375 0.0796875 0.08671875
0 0.675 0.525 0.0765625 0.08828125
0 0.575 0.40625 0.07421875 0.07109375
0 0.434375 0.49765625 0.0734375 0.07734375
0 0.65625 0.81953125 0.11171875 0.1453125
0 0.4890625 0.2421875 0.0578125 0.053125
0 0.3640625 0.8203125 0.10625 0.14296875
0 0.125 0.53984375 0.09609375 0.10859375