1 0.640625 0.5576923076923077 0.05889423076923077 0.051682692307692304
0 0.6983173076923077 0.5925480769230769 0.06971153846153846 0.055288461538461536
1 0.734375 0.5420673076923077 0.056490384615384616 0.046875
1 0.5552884615384616 0.5721153846153846 0.06370192307692307 0.04927884615384615
0 0.5324519230769231 0.6706730769230769 0.07091346153846154 0.05889423076923077
1 0.5973557692307693 0.6694711538461539 0.0625 0.055288461538461536
1 0.7211538461538461 0.6899038461538461 0.07572115384615384 0.0625
1 0.4206730769230769 0.8509615384615384 0.06971153846153846 0.04807692307692308
1 0.2860576923076923 0.7596153846153846 0.06370192307692307 0.052884615384615384
1 0.35096153846153844 0.5048076923076923 0.06971153846153846 0.052884615384615384
1 0.36538461538461536 0.35096153846153844 0.07091346153846154 0.0673076923076923
1 0.6009615384615384 0.41586538461538464 0.0625 0.04927884615384615
2 0.6370192307692307 0.35096153846153844 0.0673076923076923 0.05889423076923077
2 0.7704326923076923 0.4891826923076923 0.06971153846153846 0.051682692307692304
2 0.5769230769230769 0.49759615384615385 0.07091346153846154 0.056490384615384616
2 0.40865384615384615 0.5504807692307693 0.0673076923076923 0.052884615384615384
2 0.45552884615384615 0.6105769230769231 0.07091346153846154 0.06129807692307692
2 0.3401442307692308 0.6322115384615384 0.07692307692307693 0.057692307692307696
2 0.23557692307692307 0.7295673076923077 0.06009615384615385 0.04567307692307692
2 0.5384615384615384 0.7548076923076923 0.07091346153846154 0.05048076923076923
2 0.5588942307692307 0.8341346153846154 0.06971153846153846 0.056490384615384616
2 0.4098557692307692 0.7487980769230769 0.07091346153846154 0.056490384615384616
0 0.4411057692307692 0.2764423076923077 0.0733173076923077 0.054086538461538464
0 0.5649038461538461 0.27403846153846156 0.07932692307692307 0.056490384615384616
0 0.5144230769230769 0.3485576923076923 0.07091346153846154 0.05889423076923077
0 0.4254807692307692 0.43509615384615385 0.07211538461538461 0.06129807692307692
0 0.4735576923076923 0.49278846153846156 0.07451923076923077 0.057692307692307696
0 0.31490384615384615 0.5805288461538461 0.08653846153846154 0.05048076923076923
0 0.7632211538461539 0.6105769230769231 0.06490384615384616 0.055288461538461536
0 0.6610576923076923 0.7764423076923077 0.07572115384615384 0.06370192307692307