2 0.8828125 0.3546875 0.15625 0.109375
2 0.7671875 0.43046875 0.178125 0.1171875
2 0.67578125 0.25390625 0.146875 0.140625
2 0.36328125 0.57421875 0.1703125 0.1078125
2 0.8421875 0.765625 0.16875 0.13125
0 0.84765625 0.22890625 0.1484375 0.128125
0 0.671875 0.09296875 0.159375 0.13125
0 0.56328125 0.5125 0.13125 0.096875
0 0.44375 0.74140625 0.178125 0.1328125
0 0.125 0.4875 0.184375 0.13125
1 0.38515625 0.37265625 0.171875 0.1125
1 0.41953125 0.48125 0.140625 0.08125
1 0.4421875 0.88671875 0.125 0.1171875
1 0.6953125 0.53203125 0.146875 0.1171875
1 0.55546875 0.6078125 0.153125 0.1