0 0.71953125 0.3640625 0.0640625 0.0640625
0 0.6921875 0.74765625 0.1015625 0.103125
0 0.5671875 0.4390625 0.0765625 0.0828125
0 0.50078125 0.35546875 0.0625 0.0546875
0 0.35859375 0.33359375 0.0609375 0.053125
0 0.31640625 0.3765625 0.0640625 0.0609375
0 0.31484375 0.5 0.0671875 0.059375
0 0.20703125 0.47734375 0.0765625 0.0703125
1 0.77890625 0.484375 0.0828125 0.08125
1 0.63359375 0.31953125 0.06875 0.0546875
1 0.44765625 0.375 0.0546875 0.05625
1 0.4453125 0.30859375 0.053125 0.0484375
1 0.4046875 0.46171875 0.078125 0.071875
1 0.21796875 0.58984375 0.0875 0.0875
1 0.53515625 0.59921875 0.1015625 0.090625
1 0.2375 0.7 0.10625 0.10625
2 0.66328125 0.5328125 0.0921875 0.08125
2 0.62265625 0.390625 0.0625 0.0703125
2 0.53828125 0.3078125 0.06875 0.0546875
2 0.496875 0.46796875 0.0734375 0.06875
2 0.428125 0.584375 0.0828125 0.0921875
2 0.38203125 0.68046875 0.0859375 0.0921875
2 0.34296875 0.778125 0.1046875 0.1140625
2 0.1265625 0.5671875 0.084375 0.0828125