0 0.6550480769230769 0.12860576923076922 0.0889423076923077 0.07692307692307693
0 0.6213942307692307 0.2247596153846154 0.09615384615384616 0.08413461538461539
0 0.3798076923076923 0.3858173076923077 0.07932692307692307 0.0673076923076923
0 0.265625 0.4230769230769231 0.08173076923076923 0.06971153846153846
0 0.2644230769230769 0.5060096153846154 0.0673076923076923 0.06009615384615385
0 0.7247596153846154 0.40625 0.09375 0.07692307692307693
0 0.4987980769230769 0.45913461538461536 0.07932692307692307 0.06971153846153846
0 0.4987980769230769 0.5480769230769231 0.07211538461538461 0.0673076923076923
0 0.4014423076923077 0.6310096153846154 0.07692307692307693 0.0673076923076923
0 0.5528846153846154 0.6526442307692307 0.07211538461538461 0.0673076923076923
2 0.31009615384615385 0.8413461538461539 0.0673076923076923 0.06490384615384616
2 0.4423076923076923 0.6983173076923077 0.08413461538461539 0.07211538461538461
2 0.2247596153846154 0.625 0.07211538461538461 0.06971153846153846
2 0.33413461538461536 0.4795673076923077 0.07451923076923077 0.0625
2 0.42788461538461536 0.4387019230769231 0.07932692307692307 0.06971153846153846
2 0.5012019230769231 0.375 0.07932692307692307 0.07692307692307693
2 0.5925480769230769 0.3161057692307692 0.0889423076923077 0.0673076923076923
2 0.703125 0.32572115384615385 0.09615384615384616 0.08413461538461539
2 0.4675480769230769 0.23076923076923078 0.08413461538461539 0.06971153846153846
2 0.3293269230769231 0.32091346153846156 0.08173076923076923 0.06971153846153846
1 0.36658653846153844 0.2608173076923077 0.07451923076923077 0.0673076923076923
1 0.6298076923076923 0.5 0.08173076923076923 0.07211538461538461
1 0.5637019230769231 0.4699519230769231 0.08653846153846154 0.06490384615384616
1 0.6081730769230769 0.6045673076923077 0.08173076923076923 0.07451923076923077
1 0.5060096153846154 0.7475961538461539 0.07692307692307693 0.06971153846153846
1 0.3629807692307692 0.7596153846153846 0.06971153846153846 0.06009615384615385
1 0.20552884615384615 0.8149038461538461 0.07211538461538461 0.06490384615384616
1 0.2956730769230769 0.6694711538461539 0.0673076923076923 0.06490384615384616
1 0.33533653846153844 0.5793269230769231 0.06971153846153846 0.057692307692307696
1 0.18629807692307693 0.5096153846153846 0.06490384615384616 0.05048076923076923