0 0.4984375 0.47734375 0.06328125 0.0875
0 0.57421875 0.29296875 0.0953125 0.09609375
0 0.60546875 0.2109375 0.06953125 0.0984375
0 0.240625 0.259375 0.07734375 0.096875
0 0.2453125 0.396875 0.0875 0.1
0 0.46484375 0.58671875 0.09609375 0.1171875
0 0.546875 0.71953125 0.1015625 0.1296875
0 0.3375 0.69375 0.0828125 0.128125
1 0.753125 0.603125 0.084375 0.11015625
1 0.69453125 0.6625 0.08359375 0.11171875
1 0.62265625 0.56640625 0.08515625 0.10234375
1 0.25390625 0.71640625 0.0828125 0.11171875
1 0.334375 0.5015625 0.08359375 0.115625
1 0.6296875 0.1046875 0.0734375 0.0984375
1 0.74453125 0.15546875 0.0765625 0.090625
1 0.5671875 0.896875 0.09375 0.13125
2 0.8203125 0.375 0.0859375 0.11015625
2 0.60625 0.46015625 0.07578125 0.1125
2 0.4578125 0.803125 0.09765625 0.10546875
2 0.44140625 0.37734375 0.08359375 0.10546875
2 0.46484375 0.24296875 0.0984375 0.11328125
2 0.3421875 0.36484375 0.0796875 0.1046875
2 0.31953125 0.184375 0.08046875 0.115625
2 0.15625 0.578125 0.09765625 0.128125