0 0.67421875 0.72265625 0.109375 0.0859375
0 0.48203125 0.675 0.1171875 0.090625
0 0.5984375 0.53984375 0.103125 0.0765625
0 0.1375 0.63515625 0.109375 0.0796875
0 0.50703125 0.3078125 0.1203125 0.103125
0 0.675 0.21640625 0.1015625 0.0875
0 0.36171875 0.2125 0.1171875 0.084375
0 0.4875 0.85234375 0.125 0.096875
2 0.415625 0.80703125 0.125 0.075
2 0.3859375 0.74296875 0.121875 0.0875
2 0.6640625 0.59296875 0.1265625 0.0859375
2 0.43515625 0.44453125 0.11875 0.1015625
2 0.38046875 0.5125 0.121875 0.0828125
2 0.16328125 0.41171875 0.1015625 0.0859375
2 0.75546875 0.44375 0.1234375 0.096875
2 0.4859375 0.1671875 0.1234375 0.0921875
1 0.3828125 0.29375 0.121875 0.0984375
1 0.60703125 0.365625 0.109375 0.0875
1 0.66484375 0.30390625 0.121875 0.0828125
1 0.2359375 0.30625 0.1453125 0.1140625
1 0.2421875 0.51328125 0.11875 0.1
1 0.321875 0.65625 0.1234375 0.09375
1 0.490625 0.55703125 0.1125 0.0921875
1 0.5984375 0.66640625 0.115625 0.09375