1 0.0890625 0.49375 0.0875 0.1140625
1 0.3671875 0.378125 0.0953125 0.096875
1 0.20625 0.3234375 0.090625 0.084375
1 0.7578125 0.22109375 0.071875 0.0671875
1 0.734375 0.57734375 0.1015625 0.115625
1 0.75 0.6734375 0.10625 0.11875
1 0.45234375 0.6796875 0.1078125 0.1203125
1 0.565625 0.34765625 0.078125 0.0921875
2 0.4875 0.3453125 0.0796875 0.075
2 0.440625 0.2328125 0.078125 0.078125
2 0.2109375 0.4859375 0.0921875 0.09375
2 0.22578125 0.6734375 0.10625 0.1359375
2 0.69765625 0.453125 0.1078125 0.1078125
2 0.73203125 0.38828125 0.09375 0.0828125
2 0.92265625 0.67890625 0.146875 0.15
2 0.94140625 0.4515625 0.1171875 0.1375
0 0.55234375 0.6 0.1125 0.13125
0 0.35234375 0.61484375 0.103125 0.0984375
0 0.3328125 0.4828125 0.0953125 0.1015625
0 0.4828125 0.44765625 0.0859375 0.1078125
0 0.6578125 0.534375 0.090625 0.090625
0 0.57109375 0.471875 0.0984375 0.103125
0 0.69921875 0.30625 0.096875 0.08125
0 0.4453125 0.296875 0.0796875 0.06875