0 0.73671875 0.18671875 0.0328125 0.028125
0 0.69140625 0.18671875 0.0359375 0.0328125
0 0.625 0.284375 0.0453125 0.0359375
0 0.565625 0.2609375 0.04375 0.0421875
0 0.51640625 0.3578125 0.05625 0.0421875
0 0.3984375 0.4609375 0.065625 0.0609375
0 0.23046875 0.4578125 0.0625 0.06875
0 0.1828125 0.6234375 0.0765625 0.071875
1 0.12890625 0.55390625 0.078125 0.06875
1 0.23984375 0.55859375 0.0625 0.0640625
1 0.296875 0.409375 0.0609375 0.0625
1 0.37109375 0.38828125 0.059375 0.059375
1 0.49609375 0.31875 0.040625 0.0390625
1 0.671875 0.234375 0.0390625 0.0390625
1 0.7125 0.159375 0.028125 0.0296875
1 0.6765625 0.153125 0.0359375 0.03125
2 0.64140625 0.203125 0.040625 0.03125
2 0.61171875 0.2421875 0.0390625 0.046875
2 0.59296875 0.1984375 0.034375 0.03125
2 0.54609375 0.31796875 0.05625 0.046875
2 0.47734375 0.27421875 0.0484375 0.040625
2 0.4234375 0.3296875 0.0546875 0.053125
2 0.45390625 0.40390625 0.0625 0.0484375
2 0.3171875 0.490625 0.0640625 0.0671875