2 0.48125 0.37890625 0.075 0.0921875
2 0.1375 0.3859375 0.1078125 0.09140625
2 0.24765625 0.278125 0.08046875 0.08359375
2 0.62890625 0.1875 0.06640625 0.06875
2 0.58359375 0.7046875 0.08828125 0.1421875
2 0.70390625 0.309375 0.078125 0.0578125
2 0.1125 0.5765625 0.121875 0.09296875
2 0.8859375 0.79140625 0.12578125 0.1265625
0 0.6484375 0.47890625 0.10078125 0.1125
0 0.39453125 0.5765625 0.10703125 0.10390625
0 0.603125 0.35625 0.07734375 0.1015625
0 0.56875 0.27421875 0.0828125 0.0875
0 0.89375 0.49296875 0.08046875 0.115625
0 0.7875 0.41953125 0.08984375 0.07734375
0 0.7546875 0.36015625 0.0796875 0.05703125
0 0.1515625 0.6859375 0.11640625 0.121875
1 0.378125 0.19375 0.06875 0.078125
1 0.4640625 0.15390625 0.0625 0.05703125
1 0.37734375 0.31171875 0.0859375 0.08515625
1 0.5109375 0.49921875 0.10625 0.1
1 0.690625 0.7625 0.10703125 0.13984375
1 0.86953125 0.6671875 0.10625 0.1015625
1 0.96953125 0.553125 0.0609375 0.0921875
1 0.71796875 0.246875 0.06953125 0.06484375