2 0.23677884615384615 0.19110576923076922 0.07932692307692307 0.07451923076923077
2 0.16947115384615385 0.3293269230769231 0.06971153846153846 0.08413461538461539
2 0.37259615384615385 0.2536057692307692 0.07932692307692307 0.08533653846153846
2 0.6165865384615384 0.21995192307692307 0.06370192307692307 0.07211538461538461
2 0.6466346153846154 0.3329326923076923 0.07451923076923077 0.08653846153846154
2 0.8353365384615384 0.3425480769230769 0.0733173076923077 0.08413461538461539
2 0.8389423076923077 0.4362980769230769 0.08533653846153846 0.10336538461538461
2 0.7319711538461539 0.5012019230769231 0.078125 0.08653846153846154
2 0.23798076923076922 0.4951923076923077 0.0733173076923077 0.09254807692307693
2 0.2536057692307692 0.6983173076923077 0.10817307692307693 0.12620192307692307
1 0.10336538461538461 0.5552884615384616 0.09375 0.11177884615384616
1 0.2848557692307692 0.84375 0.10697115384615384 0.12620192307692307
1 0.43990384615384615 0.5528846153846154 0.09615384615384616 0.10576923076923077
1 0.3317307692307692 0.3870192307692308 0.078125 0.08653846153846154
1 0.4182692307692308 0.390625 0.0829326923076923 0.0829326923076923
1 0.5252403846153846 0.3557692307692308 0.06370192307692307 0.06610576923076923
1 0.6069711538461539 0.78125 0.09735576923076923 0.13221153846153846
1 0.42908653846153844 0.7788461538461539 0.09615384615384616 0.11298076923076923
1 0.36177884615384615 0.15865384615384615 0.06850961538461539 0.0733173076923077
1 0.5024038461538461 0.49038461538461536 0.06971153846153846 0.0985576923076923
0 0.11899038461538461 0.7644230769230769 0.10817307692307693 0.13221153846153846
0 0.5 0.28966346153846156 0.07091346153846154 0.06370192307692307
0 0.32091346153846156 0.5360576923076923 0.08774038461538461 0.09975961538461539
0 0.5877403846153846 0.38341346153846156 0.06850961538461539 0.08173076923076923
0 0.6658653846153846 0.43028846153846156 0.08533653846153846 0.08653846153846154
0 0.5661057692307693 0.6586538461538461 0.09134615384615384 0.10336538461538461
0 0.6634615384615384 0.5769230769230769 0.08653846153846154 0.08533653846153846
0 0.7632211538461539 0.6526442307692307 0.09014423076923077 0.1346153846153846
0 0.8834134615384616 0.828125 0.10216346153846154 0.12139423076923077
0 0.5252403846153846 0.17908653846153846 0.054086538461538464 0.0673076923076923