0 0.559375 0.6515625 0.103125 0.109375
0 0.35234375 0.53984375 0.0953125 0.1046875
0 0.41171875 0.46796875 0.09375 0.0875
0 0.53125 0.36015625 0.0828125 0.078125
0 0.66328125 0.353125 0.075 0.071875
0 0.68359375 0.45390625 0.0765625 0.0796875
0 0.3 0.31875 0.09375 0.0734375
0 0.8609375 0.53046875 0.1015625 0.109375
1 0.7953125 0.6484375 0.09375 0.1
1 0.41953125 0.68046875 0.121875 0.11875
1 0.25546875 0.51015625 0.103125 0.096875
1 0.18984375 0.6640625 0.1328125 0.11875
1 0.128125 0.5421875 0.1140625 0.109375
1 0.14375 0.43046875 0.1109375 0.090625
1 0.253125 0.36484375 0.090625 0.078125
1 0.503125 0.478125 0.090625 0.090625
2 0.2703125 0.43984375 0.0984375 0.0875
2 0.32109375 0.7984375 0.1265625 0.11875
2 0.59609375 0.871875 0.11875 0.1390625
2 0.69609375 0.72421875 0.1015625 0.1203125
2 0.653125 0.59453125 0.090625 0.1015625
2 0.5703125 0.50859375 0.0734375 0.0921875
2 0.73125 0.53359375 0.084375 0.0890625
2 0.78125 0.4484375 0.090625 0.0890625