1 0.5048076923076923 0.09615384615384616 0.12259615384615384 0.09134615384615384
1 0.890625 0.24879807692307693 0.11057692307692307 0.07211538461538461
1 0.7463942307692307 0.31850961538461536 0.10336538461538461 0.08173076923076923
1 0.5925480769230769 0.44471153846153844 0.10336538461538461 0.0889423076923077
1 0.48677884615384615 0.5889423076923077 0.11298076923076923 0.08413461538461539
1 0.6622596153846154 0.953125 0.11778846153846154 0.09375
1 0.9098557692307693 0.5841346153846154 0.12740384615384615 0.0889423076923077
1 0.9555288461538461 0.8125 0.038461538461538464 0.08653846153846154
2 0.8942307692307693 0.8173076923076923 0.09134615384615384 0.0889423076923077
1 0.9038461538461539 0.6923076923076923 0.0985576923076923 0.0889423076923077
2 0.7884615384615384 0.7043269230769231 0.11778846153846154 0.09375
2 0.8185096153846154 0.9290865384615384 0.11538461538461539 0.08653846153846154
2 0.7403846153846154 0.8389423076923077 0.0889423076923077 0.07692307692307693
2 0.40625 0.7415865384615384 0.11778846153846154 0.0889423076923077
2 0.4266826923076923 0.28846153846153844 0.09615384615384616 0.07932692307692307
2 0.4338942307692308 0.45552884615384615 0.13701923076923078 0.09375
2 0.7259615384615384 0.5024038461538461 0.11538461538461539 0.09615384615384616
2 0.8088942307692307 0.42427884615384615 0.11538461538461539 0.09134615384615384
2 0.9867788461538461 0.30528846153846156 0.026442307692307692 0.09134615384615384
0 0.9146634615384616 0.36899038461538464 0.10096153846153846 0.08413461538461539
0 0.6598557692307693 0.36658653846153844 0.0985576923076923 0.07451923076923077
0 0.6538461538461539 0.19951923076923078 0.09375 0.08173076923076923
0 0.6141826923076923 0.6742788461538461 0.10096153846153846 0.09375
0 0.6490384615384616 0.8125 0.10576923076923077 0.09615384615384616
0 0.4723557692307692 0.8401442307692307 0.10576923076923077 0.09615384615384616
0 0.32091346153846156 0.8269230769230769 0.11538461538461539 0.09134615384615384
0 0.32572115384615385 0.671875 0.09615384615384616 0.0889423076923077