2 0.8828125 0.43046875 0.04921875 0.04296875
2 0.65859375 0.42890625 0.04921875 0.04453125
2 0.5859375 0.39140625 0.04765625 0.03515625
2 0.4984375 0.39453125 0.0453125 0.0390625
2 0.321875 0.4359375 0.046875 0.04609375
2 0.2359375 0.44140625 0.05703125 0.0421875
2 0.16171875 0.38359375 0.05078125 0.03828125
2 0.54921875 0.45390625 0.04765625 0.03828125
0 0.16796875 0.4453125 0.05 0.04765625
0 0.23671875 0.40390625 0.04375 0.0328125
0 0.46796875 0.43828125 0.04375 0.0390625
0 0.503125 0.43984375 0.040625 0.04375
0 0.5515625 0.4171875 0.034375 0.02890625
0 0.78984375 0.46953125 0.05 0.0390625
0 0.853125 0.46640625 0.0515625 0.03984375
0 0.815625 0.41328125 0.046875 0.040625
1 0.10390625 0.41796875 0.05390625 0.03984375
1 0.33203125 0.38203125 0.0453125 0.03828125
1 0.37734375 0.43046875 0.03828125 0.0390625
1 0.4203125 0.41328125 0.0375 0.0421875
1 0.60390625 0.4546875 0.0453125 0.053125
1 0.73671875 0.446875 0.046875 0.0375
1 0.75546875 0.40390625 0.0484375 0.04609375
1 0.69140625 0.39453125 0.04140625 0.03046875