1 0.46875 0.11057692307692307 0.08533653846153846 0.0673076923076923
1 0.6670673076923077 0.3449519230769231 0.06490384615384616 0.052884615384615384
1 0.6887019230769231 0.3004807692307692 0.0625 0.054086538461538464
1 0.7487980769230769 0.34134615384615385 0.054086538461538464 0.056490384615384616
1 0.8834134615384616 0.49038461538461536 0.042067307692307696 0.05048076923076923
1 0.24879807692307693 0.671875 0.06610576923076923 0.0625
1 0.5540865384615384 0.53125 0.055288461538461536 0.040865384615384616
1 0.4723557692307692 0.4735576923076923 0.04927884615384615 0.039663461538461536
1 0.3161057692307692 0.4326923076923077 0.06009615384615385 0.038461538461538464
1 0.25600961538461536 0.5084134615384616 0.0673076923076923 0.04927884615384615
2 0.6033653846153846 0.22355769230769232 0.06490384615384616 0.0625
2 0.7680288461538461 0.4266826923076923 0.0625 0.054086538461538464
2 0.8557692307692307 0.4675480769230769 0.026442307692307692 0.042067307692307696
2 0.4170673076923077 0.3918269230769231 0.056490384615384616 0.04447115384615385
2 0.3581730769230769 0.5324519230769231 0.055288461538461536 0.040865384615384616
2 0.22716346153846154 0.4387019230769231 0.05048076923076923 0.04326923076923077
2 0.1814903846153846 0.5709134615384616 0.07091346153846154 0.057692307692307696
2 0.38221153846153844 0.484375 0.052884615384615384 0.037259615384615384
2 0.46153846153846156 0.5372596153846154 0.039663461538461536 0.04326923076923077
2 0.3317307692307692 0.6225961538461539 0.04807692307692308 0.04927884615384615
0 0.5120192307692307 0.2620192307692308 0.0889423076923077 0.0733173076923077
0 0.8197115384615384 0.42908653846153844 0.04567307692307692 0.04927884615384615
0 0.8341346153846154 0.375 0.05889423076923077 0.051682692307692304
0 0.9098557692307693 0.4495192307692308 0.052884615384615384 0.051682692307692304
0 0.11778846153846154 0.3954326923076923 0.07211538461538461 0.056490384615384616
0 0.14182692307692307 0.4855769230769231 0.08413461538461539 0.055288461538461536
0 0.28125 0.5721153846153846 0.0733173076923077 0.04927884615384615
0 0.41947115384615385 0.6262019230769231 0.052884615384615384 0.04927884615384615
0 0.5516826923076923 0.4675480769230769 0.05889423076923077 0.04807692307692308
0 0.33052884615384615 0.3713942307692308 0.052884615384615384 0.039663461538461536