0 0.72578125 0.37578125 0.0609375 0.0609375
0 0.6796875 0.75703125 0.096875 0.0984375
0 0.5703125 0.44296875 0.0734375 0.08125
0 0.50859375 0.35546875 0.0609375 0.053125
0 0.3671875 0.3265625 0.0578125 0.05
0 0.32265625 0.3671875 0.0625 0.0578125
0 0.31484375 0.490625 0.0640625 0.05625
0 0.20859375 0.46171875 0.0734375 0.0671875
1 0.77890625 0.49921875 0.0796875 0.078125
1 0.6421875 0.3265625 0.0671875 0.0515625
1 0.4546875 0.371875 0.053125 0.0546875
1 0.45546875 0.30625 0.0515625 0.046875
1 0.40703125 0.45625 0.075 0.06875
1 0.21328125 0.575 0.084375 0.084375
1 0.5296875 0.60078125 0.0984375 0.0859375
1 0.22734375 0.6859375 0.1015625 0.1015625
2 0.6609375 0.54140625 0.0890625 0.078125
2 0.628125 0.396875 0.059375 0.06875
2 0.5484375 0.31015625 0.065625 0.0515625
2 0.4984375 0.46796875 0.0703125 0.065625
2 0.42421875 0.58046875 0.078125 0.0890625
2 0.37265625 0.67421875 0.0828125 0.0890625
2 0.328125 0.76953125 0.1 0.1109375
2 0.12421875 0.54765625 0.0796875 0.0796875