0 0.82421875 0.2234375 0.17421875 0.11484375
0 0.86875 0.384375 0.184375 0.1328125
0 0.62890625 0.24609375 0.20234375 0.1265625
0 0.484375 0.27890625 0.21015625 0.16484375
0 0.32734375 0.32578125 0.2125 0.12265625
2 0.83984375 0.5421875 0.1828125 0.13359375
2 0.7109375 0.49453125 0.16484375 0.146875
2 0.303125 0.5203125 0.18203125 0.1515625
2 0.76015625 0.78046875 0.1765625 0.13671875
2 0.4296875 0.85390625 0.20625 0.15859375
1 0.60546875 0.78203125 0.15859375 0.128125
1 0.5140625 0.62421875 0.190625 0.14921875
1 0.2015625 0.67890625 0.2265625 0.15546875
1 0.46171875 0.49453125 0.1890625 0.13203125
1 0.57265625 0.10234375 0.1984375 0.1359375