1 0.8515625 0.35078125 0.0625 0.0578125
1 0.76328125 0.35546875 0.0453125 0.04375
1 0.75625 0.39296875 0.059375 0.059375
1 0.5484375 0.41640625 0.05625 0.0546875
1 0.3828125 0.42109375 0.0546875 0.0484375
1 0.1609375 0.52109375 0.065625 0.0609375
1 0.090625 0.5375 0.053125 0.05625
1 0.11640625 0.46875 0.0515625 0.0515625
0 0.8125 0.390625 0.0578125 0.0578125
0 0.68828125 0.4078125 0.059375 0.0578125
0 0.615625 0.428125 0.0578125 0.0609375
0 0.6109375 0.37734375 0.053125 0.046875
0 0.50546875 0.39453125 0.046875 0.0453125
0 0.3390625 0.48203125 0.0609375 0.0578125
0 0.2328125 0.46171875 0.0578125 0.053125
0 0.17578125 0.46875 0.053125 0.0421875
2 0.6609375 0.3609375 0.046875 0.04375
2 0.50390625 0.4484375 0.0515625 0.053125
2 0.440625 0.4328125 0.0578125 0.0578125
2 0.4484375 0.3921875 0.046875 0.046875
2 0.4 0.47421875 0.05625 0.05625
2 0.30234375 0.44140625 0.046875 0.0453125
2 0.27578125 0.5 0.05 0.0484375
2 0.2171875 0.521875 0.053125 0.05