1 0.8149038461538461 0.1346153846153846 0.08413461538461539 0.08173076923076923
1 0.9314903846153846 0.23918269230769232 0.07932692307692307 0.0625
1 0.5588942307692307 0.3137019230769231 0.0985576923076923 0.08413461538461539
1 0.22596153846153846 0.33653846153846156 0.11057692307692307 0.08173076923076923
1 0.7944711538461539 0.5012019230769231 0.0985576923076923 0.07211538461538461
1 0.53125 0.4411057692307692 0.09615384615384616 0.07932692307692307
1 0.4014423076923077 0.5901442307692307 0.0985576923076923 0.08173076923076923
1 0.6370192307692307 0.06490384615384616 0.08413461538461539 0.07932692307692307
0 0.6033653846153846 0.7091346153846154 0.0985576923076923 0.0889423076923077
1 0.6370192307692307 0.6334134615384616 0.11298076923076923 0.08413461538461539
2 0.29086538461538464 0.7379807692307693 0.11298076923076923 0.09134615384615384
2 0.05048076923076923 0.5649038461538461 0.10096153846153846 0.08173076923076923
2 0.234375 0.45552884615384615 0.11057692307692307 0.08653846153846154
2 0.31850961538461536 0.5420673076923077 0.10336538461538461 0.07692307692307693
2 0.6574519230769231 0.5420673076923077 0.0889423076923077 0.08173076923076923
2 0.36899038461538464 0.28846153846153844 0.09375 0.07451923076923077
2 0.515625 0.11658653846153846 0.10576923076923077 0.08173076923076923
0 0.27524038461538464 0.20673076923076922 0.11057692307692307 0.07211538461538461
2 0.328125 0.15625 0.0889423076923077 0.07692307692307693
0 0.7103365384615384 0.24759615384615385 0.12740384615384615 0.07211538461538461
2 0.6983173076923077 0.18629807692307693 0.10096153846153846 0.07211538461538461
2 0.71875 0.07572115384615384 0.07692307692307693 0.06971153846153846
0 0.0889423076923077 0.25841346153846156 0.12259615384615384 0.08653846153846154
0 0.4254807692307692 0.1814903846153846 0.10336538461538461 0.07932692307692307
0 0.8305288461538461 0.36658653846153844 0.0985576923076923 0.08173076923076923
0 0.6935096153846154 0.4170673076923077 0.0889423076923077 0.07451923076923077
0 0.4026442307692308 0.6983173076923077 0.09134615384615384 0.07932692307692307
0 0.19471153846153846 0.6682692307692307 0.11538461538461539 0.08173076923076923
0 0.3581730769230769 0.42908653846153844 0.11298076923076923 0.07932692307692307