0 0.74921875 0.4859375 0.1140625 0.1296875
0 0.63828125 0.60859375 0.1109375 0.128125
0 0.45859375 0.5203125 0.13125 0.1421875
0 0.2375 0.6765625 0.14375 0.1828125
0 0.27265625 0.3421875 0.1296875 0.1328125
0 0.375 0.2453125 0.115625 0.115625
0 0.1421875 0.2796875 0.1046875 0.1203125
0 0.575 0.26015625 0.090625 0.084375
1 0.55859375 0.72578125 0.1625 0.1796875
1 0.2484375 0.528125 0.128125 0.13125
1 0.75078125 0.853125 0.1265625 0.1484375
1 0.69765625 0.78671875 0.1171875 0.1546875
1 0.78671875 0.37578125 0.0796875 0.0828125
1 0.69765625 0.271875 0.1046875 0.0921875
1 0.5140625 0.3 0.084375 0.084375
1 0.8390625 0.54296875 0.1109375 0.128125
2 0.84296875 0.725 0.1171875 0.1515625
2 0.75859375 0.6453125 0.14375 0.1421875
2 0.65546875 0.42421875 0.103125 0.1140625
2 0.5765625 0.46953125 0.1046875 0.1328125
2 0.4015625 0.73828125 0.1375 0.1609375
2 0.43125 0.42421875 0.1078125 0.1046875
2 0.425 0.14765625 0.09375 0.1
2 0.2796875 0.20234375 0.1140625 0.1046875