2 0.646875 0.77421875 0.1453125 0.1265625
2 0.7671875 0.65078125 0.153125 0.1140625
2 0.5484375 0.71171875 0.175 0.134375
2 0.38203125 0.61953125 0.1609375 0.1109375
2 0.3359375 0.528125 0.1515625 0.11875
2 0.2453125 0.415625 0.1671875 0.128125
2 0.4234375 0.33828125 0.15625 0.10625
1 0.90390625 0.5421875 0.13125 0.1078125
1 0.77109375 0.51953125 0.1203125 0.0953125
1 0.6546875 0.5765625 0.1390625 0.1015625
1 0.51015625 0.6078125 0.1171875 0.0953125
1 0.15390625 0.61484375 0.140625 0.1203125
1 0.2171875 0.71875 0.15625 0.1109375
1 0.26953125 0.24921875 0.1640625 0.128125
0 0.3765625 0.8125 0.1546875 0.13125
0 0.50078125 0.4734375 0.1484375 0.1234375
0 0.68046875 0.41953125 0.15 0.1078125
0 0.8296875 0.39140625 0.1296875 0.1078125
0 0.78203125 0.27421875 0.159375 0.128125
0 0.6171875 0.31015625 0.134375 0.1140625
0 0.509375 0.18359375 0.165625 0.128125