0 0.734375 0.4140625 0.0984375 0.11875
0 0.6640625 0.5640625 0.0953125 0.1171875
0 0.46640625 0.53125 0.1140625 0.128125
0 0.30078125 0.74609375 0.121875 0.1703125
0 0.23671875 0.415625 0.1140625 0.11875
0 0.30625 0.29296875 0.103125 0.103125
0 0.09296875 0.39375 0.090625 0.109375
0 0.5015625 0.2484375 0.08125 0.0734375
1 0.621875 0.69921875 0.1421875 0.1640625
1 0.2671875 0.60078125 0.1140625 0.1171875
1 0.84296875 0.7640625 0.1078125 0.1359375
1 0.77265625 0.71640625 0.0984375 0.14375
1 0.73828125 0.296875 0.0703125 0.075
1 0.62265625 0.22421875 0.0953125 0.0796875
1 0.4546875 0.3046875 0.075 0.075
1 0.83671875 0.4421875 0.0953125 0.1171875
2 0.89375 0.61484375 0.096875 0.140625
2 0.78984375 0.56328125 0.1296875 0.125
2 0.6265625 0.38203125 0.090625 0.1046875
2 0.56484375 0.4484375 0.0890625 0.121875
2 0.47578125 0.75625 0.11875 0.146875
2 0.41171875 0.44765625 0.0953125 0.0921875
2 0.325 0.18515625 0.0828125 0.090625
2 0.2015625 0.2796875 0.103125 0.0921875