0 0.65078125 0.70546875 0.115625 0.128125
0 0.5828125 0.309375 0.0921875 0.096875
0 0.67890625 0.38359375 0.08828125 0.1
0 0.3859375 0.2890625 0.09375 0.07421875
1 0.34453125 0.5125 0.09609375 0.11640625
1 0.2015625 0.4609375 0.10390625 0.11015625
1 0.76015625 0.32578125 0.0953125 0.096875
1 0.715625 0.82421875 0.1203125 0.14140625
2 0.425 0.68203125 0.10859375 0.15859375
2 0.521875 0.4609375 0.0953125 0.1046875
2 0.79765625 0.596875 0.11953125 0.1234375
2 0.59140625 0.41796875 0.09453125 0.1046875