1 0.3233173076923077 0.41225961538461536 0.08173076923076923 0.06971153846153846
1 0.20192307692307693 0.39302884615384615 0.09134615384615384 0.07692307692307693
1 0.04326923076923077 0.5552884615384616 0.08653846153846154 0.08173076923076923
1 0.3870192307692308 0.7163461538461539 0.08653846153846154 0.07451923076923077
1 0.5769230769230769 0.8473557692307693 0.09615384615384616 0.06971153846153846
1 0.6358173076923077 0.7788461538461539 0.07692307692307693 0.0673076923076923
1 0.8509615384615384 0.65625 0.07932692307692307 0.0673076923076923
1 0.8341346153846154 0.49399038461538464 0.08173076923076923 0.07451923076923077
1 0.65625 0.41346153846153844 0.07451923076923077 0.06971153846153846
1 0.2608173076923077 0.2704326923076923 0.08653846153846154 0.07692307692307693
2 0.5120192307692307 0.32091346153846156 0.07211538461538461 0.0673076923076923
2 0.28966346153846156 0.14783653846153846 0.10096153846153846 0.07692307692307693
2 0.17427884615384615 0.25841346153846156 0.10336538461538461 0.07932692307692307
2 0.6382211538461539 0.33774038461538464 0.07692307692307693 0.06490384615384616
2 0.5961538461538461 0.2800480769230769 0.09134615384615384 0.07692307692307693
2 0.2932692307692308 0.6670673076923077 0.10096153846153846 0.07932692307692307
2 0.5540865384615384 0.640625 0.09375 0.06971153846153846
2 0.41586538461538464 0.8040865384615384 0.09615384615384616 0.07692307692307693
2 0.7716346153846154 0.75 0.09615384615384616 0.08413461538461539
2 0.5564903846153846 0.4423076923076923 0.10336538461538461 0.07692307692307693
0 0.10817307692307693 0.47475961538461536 0.09134615384615384 0.07692307692307693
0 0.11538461538461539 0.19230769230769232 0.09375 0.0673076923076923
0 0.4639423076923077 0.2668269230769231 0.07932692307692307 0.06490384615384616
0 0.3449519230769231 0.5588942307692307 0.10096153846153846 0.08173076923076923
0 0.171875 0.6947115384615384 0.10817307692307693 0.08413461538461539
0 0.47836538461538464 0.5673076923076923 0.08653846153846154 0.07211538461538461
0 0.4639423076923077 0.5060096153846154 0.09134615384615384 0.07451923076923077
0 0.6153846153846154 0.5889423076923077 0.09134615384615384 0.06971153846153846
0 0.7740384615384616 0.5877403846153846 0.09134615384615384 0.08173076923076923
0 0.8966346153846154 0.7451923076923077 0.07692307692307693 0.07692307692307693