1 0.83359375 0.42109375 0.0875 0.1015625
1 0.86328125 0.6640625 0.090625 0.0984375
1 0.625 0.45703125 0.090625 0.0859375
1 0.590625 0.3765625 0.08125 0.0796875
1 0.54296875 0.20234375 0.0703125 0.0734375
1 0.221875 0.44453125 0.0859375 0.0984375
1 0.30703125 0.72890625 0.11875 0.1375
0 0.55390625 0.75234375 0.09375 0.115625
0 0.55625 0.52265625 0.0796875 0.0828125
0 0.42734375 0.28125 0.0671875 0.0640625
0 0.38046875 0.4015625 0.0875 0.0859375
0 0.32578125 0.45859375 0.1 0.1
0 0.1796875 0.340625 0.0828125 0.0796875
0 0.1421875 0.4046875 0.0921875 0.0890625
0 0.271875 0.24296875 0.0734375 0.0640625
2 0.3265625 0.3015625 0.0875 0.0875
2 0.2203125 0.62265625 0.1140625 0.1109375
2 0.41171875 0.60078125 0.1125 0.125
2 0.61796875 0.634375 0.109375 0.121875
2 0.65 0.3203125 0.075 0.0671875
2 0.4703125 0.35390625 0.08125 0.0828125
2 0.42890625 0.18515625 0.0828125 0.065625
2 0.55390625 0.296875 0.06875 0.0609375
1 0.4375 0.5 0.128125 0.0984375