0 0.2692307692307692 0.19110576923076922 0.0733173076923077 0.05889423076923077
0 0.31971153846153844 0.27403846153846156 0.07932692307692307 0.06370192307692307
0 0.578125 0.3713942307692308 0.06490384615384616 0.051682692307692304
0 0.6947115384615384 0.38100961538461536 0.0673076923076923 0.052884615384615384
0 0.7115384615384616 0.4579326923076923 0.054086538461538464 0.04567307692307692
0 0.26322115384615385 0.4639423076923077 0.07932692307692307 0.057692307692307696
0 0.484375 0.4651442307692308 0.06610576923076923 0.052884615384615384
0 0.5036057692307693 0.5480769230769231 0.05889423076923077 0.051682692307692304
0 0.6105769230769231 0.6033653846153846 0.06370192307692307 0.051682692307692304
0 0.47596153846153844 0.65625 0.05889423076923077 0.051682692307692304
2 0.7415865384615384 0.7788461538461539 0.052884615384615384 0.051682692307692304
2 0.5877403846153846 0.6742788461538461 0.07091346153846154 0.055288461538461536
2 0.7752403846153846 0.5600961538461539 0.056490384615384616 0.052884615384615384
2 0.6418269230769231 0.44711538461538464 0.06129807692307692 0.04807692307692308
2 0.5456730769230769 0.43149038461538464 0.06610576923076923 0.052884615384615384
2 0.4639423076923077 0.3870192307692308 0.06370192307692307 0.06009615384615385
2 0.36538461538461536 0.35216346153846156 0.07692307692307693 0.04927884615384615
2 0.2668269230769231 0.38461538461538464 0.08052884615384616 0.06370192307692307
2 0.4651442307692308 0.24639423076923078 0.06971153846153846 0.052884615384615384
2 0.6117788461538461 0.3004807692307692 0.06610576923076923 0.052884615384615384
1 0.5637019230769231 0.2512019230769231 0.06129807692307692 0.052884615384615384
1 0.3713942307692308 0.5300480769230769 0.06610576923076923 0.055288461538461536
1 0.4266826923076923 0.4879807692307692 0.0733173076923077 0.046875
1 0.41346153846153844 0.6225961538461539 0.0673076923076923 0.056490384615384616
1 0.5384615384615384 0.734375 0.0625 0.052884615384615384
1 0.6754807692307693 0.7151442307692307 0.05889423076923077 0.04567307692307692
1 0.8341346153846154 0.7319711538461539 0.05889423076923077 0.05048076923076923
1 0.7175480769230769 0.6153846153846154 0.052884615384615384 0.051682692307692304
1 0.6622596153846154 0.5408653846153846 0.05889423076923077 0.04326923076923077
1 0.7860576923076923 0.44471153846153844 0.054086538461538464 0.037259615384615384