0 0.46796875 0.659375 0.1109375 0.1234375
0 0.4375 0.796875 0.1296875 0.13125
0 0.55703125 0.55234375 0.1078125 0.109375
0 0.32421875 0.33125 0.10625 0.1015625
0 0.29609375 0.41484375 0.096875 0.096875
0 0.21484375 0.425 0.109375 0.1140625
0 0.5671875 0.30546875 0.0765625 0.075
0 0.50078125 0.2765625 0.0703125 0.0765625
1 0.84609375 0.85546875 0.165625 0.1734375
1 0.63359375 0.71796875 0.134375 0.15
1 0.75390625 0.453125 0.103125 0.109375
1 0.6796875 0.38828125 0.075 0.078125
1 0.66953125 0.3296875 0.0921875 0.08125
1 0.56875 0.4515625 0.078125 0.0765625
1 0.53359375 0.36640625 0.1 0.0875
1 0.29609375 0.7609375 0.11875 0.15625
2 0.2171875 0.66484375 0.121875 0.1328125
2 0.05859375 0.50625 0.1171875 0.121875
2 0.4140625 0.525 0.1015625 0.1171875
2 0.3609375 0.471875 0.0828125 0.0984375
2 0.4421875 0.409375 0.09375 0.0984375
2 0.440625 0.33359375 0.0859375 0.084375
2 0.43046875 0.26640625 0.078125 0.0765625
2 0.646875 0.528125 0.103125 0.10625