1 0.3449519230769231 0.20432692307692307 0.09134615384615384 0.07692307692307693
1 0.4831730769230769 0.24519230769230768 0.08173076923076923 0.0673076923076923
1 0.22716346153846154 0.29086538461538464 0.0889423076923077 0.06971153846153846
1 0.5096153846153846 0.34615384615384615 0.09375 0.06971153846153846
1 0.3581730769230769 0.5456730769230769 0.06490384615384616 0.06490384615384616
1 0.28365384615384615 0.5408653846153846 0.07451923076923077 0.0673076923076923
1 0.7548076923076923 0.3233173076923077 0.10576923076923077 0.07692307692307693
1 0.7175480769230769 0.6538461538461539 0.08413461538461539 0.07692307692307693
1 0.47475961538461536 0.054086538461538464 0.09134615384615384 0.06971153846153846
1 0.23677884615384615 0.4495192307692308 0.0625 0.055288461538461536
2 0.33533653846153844 0.10216346153846154 0.09134615384615384 0.06971153846153846
2 0.5985576923076923 0.23677884615384615 0.09615384615384616 0.08173076923076923
2 0.31009615384615385 0.3016826923076923 0.07211538461538461 0.06490384615384616
2 0.5901442307692307 0.43509615384615385 0.08173076923076923 0.0673076923076923
2 0.5144230769230769 0.5168269230769231 0.07932692307692307 0.0625
2 0.7211538461538461 0.5805288461538461 0.08413461538461539 0.055288461538461536
2 0.4831730769230769 0.6045673076923077 0.08653846153846154 0.0673076923076923
2 0.6298076923076923 0.7151442307692307 0.08653846153846154 0.06971153846153846
2 0.43028846153846156 0.6814903846153846 0.08653846153846154 0.0625
2 0.33052884615384615 0.7007211538461539 0.08413461538461539 0.07451923076923077
0 0.39663461538461536 0.33533653846153844 0.07692307692307693 0.0673076923076923
0 0.6574519230769231 0.3737980769230769 0.08173076923076923 0.057692307692307696
0 0.71875 0.45552884615384615 0.09375 0.06009615384615385
0 0.24519230769230768 0.390625 0.07932692307692307 0.06009615384615385
0 0.359375 0.44711538461538464 0.0889423076923077 0.057692307692307696
0 0.4266826923076923 0.5240384615384616 0.07211538461538461 0.06490384615384616
0 0.6165865384615384 0.5420673076923077 0.07932692307692307 0.055288461538461536
0 0.2644230769230769 0.6442307692307693 0.0985576923076923 0.07211538461538461
0 0.4651442307692308 0.765625 0.08173076923076923 0.06490384615384616
0 0.5084134615384616 0.8569711538461539 0.07692307692307693 0.06009615384615385