0 0.15745192307692307 0.3449519230769231 0.07211538461538461 0.06971153846153846
0 0.18028846153846154 0.4567307692307692 0.07932692307692307 0.0673076923076923
0 0.32091346153846156 0.39903846153846156 0.07451923076923077 0.0625
0 0.5516826923076923 0.35096153846153844 0.08653846153846154 0.06971153846153846
0 0.7043269230769231 0.4987980769230769 0.09375 0.07451923076923077
0 0.6490384615384616 0.22355769230769232 0.09375 0.0673076923076923
0 0.7644230769230769 0.19591346153846154 0.10096153846153846 0.06490384615384616
0 0.5300480769230769 0.1971153846153846 0.08653846153846154 0.07211538461538461
0 0.4795673076923077 0.12379807692307693 0.08653846153846154 0.07211538461538461
0 0.35697115384615385 0.6622596153846154 0.08413461538461539 0.0625
2 0.21875 0.6382211538461539 0.07211538461538461 0.0673076923076923
2 0.1875 0.5420673076923077 0.06971153846153846 0.052884615384615384
2 0.41947115384615385 0.5877403846153846 0.08413461538461539 0.06971153846153846
2 0.6838942307692307 0.40384615384615385 0.08653846153846154 0.07211538461538461
2 0.8173076923076923 0.34134615384615385 0.10096153846153846 0.07692307692307693
2 0.4735576923076923 0.2704326923076923 0.08653846153846154 0.07451923076923077
2 0.3401442307692308 0.17307692307692307 0.07692307692307693 0.06971153846153846
2 0.20552884615384615 0.21754807692307693 0.0673076923076923 0.0673076923076923
2 0.24759615384615385 0.3004807692307692 0.08173076923076923 0.0673076923076923
2 0.5925480769230769 0.07572115384615384 0.09134615384615384 0.06971153846153846
1 0.5637019230769231 0.5396634615384616 0.08413461538461539 0.07932692307692307
1 0.49158653846153844 0.4855769230769231 0.08413461538461539 0.06971153846153846
1 0.38100961538461536 0.47115384615384615 0.08173076923076923 0.07451923076923077
1 0.42788461538461536 0.39302884615384615 0.0889423076923077 0.07932692307692307
1 0.5949519230769231 0.43149038461538464 0.07932692307692307 0.07211538461538461
1 0.6658653846153846 0.3004807692307692 0.07451923076923077 0.0673076923076923
1 0.7872596153846154 0.0829326923076923 0.0889423076923077 0.08653846153846154
1 0.38461538461538464 0.32091346153846156 0.09375 0.06490384615384616
1 0.390625 0.25240384615384615 0.0673076923076923 0.057692307692307696
1 0.25600961538461536 0.48677884615384615 0.08413461538461539 0.0673076923076923