2 0.61796875 0.78828125 0.1375 0.1171875
2 0.75 0.678125 0.146875 0.1046875
2 0.52578125 0.715625 0.1671875 0.1234375
2 0.3703125 0.60625 0.1546875 0.1015625
2 0.334375 0.5109375 0.1453125 0.109375
2 0.25546875 0.38984375 0.159375 0.1171875
2 0.440625 0.33125 0.15 0.096875
1 0.896875 0.584375 0.125 0.1
1 0.76796875 0.54765625 0.115625 0.0875
1 0.64609375 0.5921875 0.1328125 0.0921875
1 0.49921875 0.60859375 0.1109375 0.0890625
1 0.14375 0.578125 0.1328125 0.1109375
1 0.19609375 0.6875 0.15 0.1015625
1 0.296875 0.2265625 0.15625 0.1171875
0 0.34453125 0.7984375 0.146875 0.121875
0 0.50390625 0.4734375 0.140625 0.115625
0 0.6875 0.4390625 0.14375 0.0984375
0 0.83984375 0.4265625 0.1234375 0.1
0 0.80390625 0.30546875 0.1515625 0.11875
0 0.63671875 0.3234375 0.128125 0.1046875
0 0.5421875 0.18671875 0.1578125 0.1171875