2 0.78046875 0.7203125 0.11171875 0.1375
2 0.82265625 0.503125 0.0859375 0.10546875
2 0.565625 0.54609375 0.08671875 0.09609375
2 0.54453125 0.6421875 0.1015625 0.09609375
2 0.5609375 0.4375 0.0796875 0.10859375
2 0.1609375 0.3421875 0.08125 0.0640625
2 0.12734375 0.42265625 0.0734375 0.065625
2 0.26484375 0.3 0.07109375 0.07578125
0 0.6671875 0.7125 0.0921875 0.1078125
0 0.6796875 0.496875 0.0828125 0.09921875
0 0.4921875 0.40859375 0.06484375 0.08359375
0 0.32109375 0.55625 0.096875 0.09921875
0 0.146875 0.6390625 0.10625 0.11171875
0 0.34140625 0.34375 0.07734375 0.08046875
0 0.32734375 0.17578125 0.06875 0.06640625
0 0.31328125 0.85234375 0.12109375 0.15546875
1 0.4875 0.73359375 0.11875 0.1171875
1 0.3 0.68125 0.10703125 0.1375
1 0.18125 0.478125 0.084375 0.0890625
1 0.34375 0.4484375 0.071875 0.0890625
1 0.34296875 0.26484375 0.0671875 0.0671875
1 0.52265625 0.259375 0.078125 0.07734375
1 0.5328125 0.2 0.06328125 0.05078125
1 0.6296875 0.39296875 0.06875 0.0984375