2 0.7115384615384616 0.14543269230769232 0.11298076923076923 0.10817307692307693
2 0.6358173076923077 0.484375 0.12259615384615384 0.10096153846153846
2 0.7524038461538461 0.43149038461538464 0.12259615384615384 0.10576923076923077
2 0.6310096153846154 0.625 0.1201923076923077 0.10576923076923077
2 0.6346153846153846 0.9867788461538461 0.10576923076923077 0.026442307692307692
2 0.328125 0.6286057692307693 0.07932692307692307 0.07932692307692307
2 0.21514423076923078 0.5793269230769231 0.11057692307692307 0.08653846153846154
0 0.23557692307692307 0.39302884615384615 0.07211538461538461 0.0673076923076923
2 0.3112980769230769 0.36177884615384615 0.0889423076923077 0.06971153846153846
2 0.14903846153846154 0.43149038461538464 0.08653846153846154 0.07932692307692307
2 0.32211538461538464 0.5504807692307693 0.09134615384615384 0.07451923076923077
1 0.7355769230769231 0.2800480769230769 0.12259615384615384 0.09134615384615384
1 0.6706730769230769 0.3425480769230769 0.13221153846153846 0.0985576923076923
1 0.8389423076923077 0.34975961538461536 0.11298076923076923 0.09134615384615384
1 0.7608173076923077 0.609375 0.11778846153846154 0.10336538461538461
1 0.734375 0.6947115384615384 0.08653846153846154 0.07692307692307693
1 0.6274038461538461 0.8353365384615384 0.10817307692307693 0.09615384615384616
1 0.7524038461538461 0.8533653846153846 0.11057692307692307 0.09134615384615384
1 0.33052884615384615 0.30528846153846156 0.0985576923076923 0.07211538461538461
1 0.16947115384615385 0.5024038461538461 0.09375 0.06490384615384616
1 0.31490384615384615 0.7391826923076923 0.07451923076923077 0.06490384615384616
0 0.8233173076923077 0.15264423076923078 0.10817307692307693 0.09615384615384616
0 0.7944711538461539 0.53125 0.10336538461538461 0.08173076923076923
0 0.609375 0.7211538461538461 0.12740384615384615 0.0889423076923077
0 0.7824519230769231 0.7584134615384616 0.09615384615384616 0.07932692307692307
0 0.7271634615384616 0.9375 0.11538461538461539 0.10336538461538461
0 0.27283653846153844 0.4483173076923077 0.09375 0.07692307692307693
0 0.3954326923076923 0.5120192307692307 0.0889423076923077 0.07211538461538461
0 0.4206730769230769 0.6574519230769231 0.09134615384615384 0.07692307692307693
0 0.19110576923076922 0.6935096153846154 0.09134615384615384 0.07692307692307693