2 0.90625 0.446875 0.0375 0.04296875
2 0.70078125 0.415625 0.04609375 0.0515625
2 0.54921875 0.45703125 0.046875 0.0421875
2 0.51875 0.4890625 0.06171875 0.0515625
2 0.4515625 0.4328125 0.053125 0.04609375
2 0.4140625 0.503125 0.065625 0.05078125
2 0.246875 0.49765625 0.06015625 0.04375
2 0.62109375 0.4390625 0.04296875 0.0390625
0 0.75 0.425 0.04296875 0.04765625
0 0.72421875 0.46328125 0.04921875 0.040625
0 0.66953125 0.471875 0.0515625 0.040625
0 0.6609375 0.4296875 0.034375 0.0390625
0 0.63125 0.40234375 0.0375 0.03203125
0 0.3953125 0.44921875 0.05625 0.0453125
0 0.13203125 0.51953125 0.0640625 0.0484375
0 0.846875 0.4328125 0.0359375 0.03046875
1 0.8765625 0.4609375 0.0359375 0.0375
1 0.8640625 0.4046875 0.03671875 0.02890625
1 0.8046875 0.40234375 0.040625 0.0328125
1 0.80625 0.44296875 0.04140625 0.0453125
1 0.75234375 0.384375 0.04609375 0.03359375
1 0.52265625 0.41171875 0.04375 0.03671875
1 0.3296875 0.4984375 0.05625 0.05546875
1 0.2453125 0.44765625 0.0609375 0.05078125