0 0.4987980769230769 0.15264423076923078 0.10576923076923077 0.0889423076923077
0 0.41225961538461536 0.1778846153846154 0.10336538461538461 0.09615384615384616
0 0.3641826923076923 0.11899038461538461 0.10336538461538461 0.09134615384615384
0 0.65625 0.3425480769230769 0.07451923076923077 0.0673076923076923
0 0.84375 0.31850961538461536 0.07211538461538461 0.0625
0 0.8774038461538461 0.49278846153846156 0.0889423076923077 0.07211538461538461
0 0.4495192307692308 0.48677884615384615 0.0625 0.06009615384615385
0 0.41225961538461536 0.43509615384615385 0.06490384615384616 0.0625
0 0.5216346153846154 0.5516826923076923 0.07211538461538461 0.0673076923076923
0 0.12139423076923077 0.21875 0.07451923076923077 0.07451923076923077
2 0.5300480769230769 0.07451923076923077 0.11057692307692307 0.0889423076923077
2 0.7415865384615384 0.31971153846153844 0.07451923076923077 0.06971153846153846
2 0.48197115384615385 0.3641826923076923 0.06490384615384616 0.05048076923076923
2 0.5516826923076923 0.3954326923076923 0.07932692307692307 0.06009615384615385
2 0.5673076923076923 0.3173076923076923 0.08173076923076923 0.0673076923076923
2 0.5360576923076923 0.484375 0.07932692307692307 0.0673076923076923
2 0.7728365384615384 0.5252403846153846 0.0889423076923077 0.0673076923076923
2 0.6346153846153846 0.6045673076923077 0.08413461538461539 0.07451923076923077
2 0.10216346153846154 0.32211538461538464 0.0625 0.07451923076923077
1 0.6610576923076923 0.4579326923076923 0.0889423076923077 0.06971153846153846
1 0.7439903846153846 0.4206730769230769 0.08413461538461539 0.07451923076923077
1 0.8389423076923077 0.41225961538461536 0.09375 0.07451923076923077
1 0.6382211538461539 0.5408653846153846 0.08173076923076923 0.06971153846153846
1 0.7367788461538461 0.6141826923076923 0.08653846153846154 0.07211538461538461
1 0.2824519230769231 0.11899038461538461 0.06971153846153846 0.0673076923076923
1 0.24639423076923078 0.1778846153846154 0.08413461538461539 0.07692307692307693
1 0.265625 0.2608173076923077 0.07211538461538461 0.07692307692307693
1 0.19831730769230768 0.23557692307692307 0.07451923076923077 0.07692307692307693
1 0.14543269230769232 0.2980769230769231 0.055288461538461536 0.06009615384615385