2 0.3701923076923077 0.31850961538461536 0.08413461538461539 0.10096153846153846
2 0.8413461538461539 0.5324519230769231 0.06490384615384616 0.08413461538461539
2 0.7199519230769231 0.49278846153846156 0.06009615384615385 0.07932692307692307
2 0.6658653846153846 0.4831730769230769 0.05048076923076923 0.057692307692307696
2 0.7788461538461539 0.4170673076923077 0.057692307692307696 0.0625
1 0.6394230769230769 0.6826923076923077 0.06490384615384616 0.07692307692307693
1 0.6069711538461539 0.6069711538461539 0.05048076923076923 0.0625
2 0.6430288461538461 0.5745192307692307 0.055288461538461536 0.057692307692307696
2 0.7271634615384616 0.7463942307692307 0.07451923076923077 0.08413461538461539
1 0.45072115384615385 0.671875 0.0625 0.06971153846153846
2 0.5060096153846154 0.6706730769230769 0.06009615384615385 0.07932692307692307
2 0.5168269230769231 0.921875 0.07451923076923077 0.09375
2 0.6021634615384616 0.10216346153846154 0.0673076923076923 0.06971153846153846
1 0.2956730769230769 0.3629807692307692 0.08653846153846154 0.09375
1 0.22115384615384615 0.3161057692307692 0.07211538461538461 0.07932692307692307
1 0.5036057692307693 0.23317307692307693 0.07211538461538461 0.07692307692307693
1 0.359375 0.234375 0.08413461538461539 0.07932692307692307
0 0.5480769230769231 0.15264423076923078 0.07932692307692307 0.08173076923076923
1 0.5372596153846154 0.08653846153846154 0.0673076923076923 0.07451923076923077
1 0.5961538461538461 0.037259615384615384 0.0673076923076923 0.07211538461538461
1 0.6766826923076923 0.025240384615384616 0.07451923076923077 0.05048076923076923
0 0.5637019230769231 0.5721153846153846 0.052884615384615384 0.06490384615384616
0 0.4675480769230769 0.6021634615384616 0.06971153846153846 0.06971153846153846
0 0.5120192307692307 0.7944711538461539 0.07692307692307693 0.07932692307692307
0 0.6213942307692307 0.7788461538461539 0.07451923076923077 0.08413461538461539
0 0.5961538461538461 0.8725961538461539 0.07932692307692307 0.09134615384615384
0 0.7139423076923077 0.6370192307692307 0.0673076923076923 0.07932692307692307
0 0.47475961538461536 0.125 0.06971153846153846 0.06971153846153846
0 0.3786057692307692 0.171875 0.07692307692307693 0.07451923076923077
0 0.6790865384615384 0.10336538461538461 0.07211538461538461 0.08173076923076923