0 0.6390625 0.346875 0.0546875 0.059375
0 0.50703125 0.3453125 0.0546875 0.053125
0 0.45234375 0.365625 0.0609375 0.0484375
0 0.3078125 0.409375 0.06875 0.0609375
0 0.675 0.68671875 0.075 0.0921875
0 0.59765625 0.66484375 0.078125 0.08125
0 0.63046875 0.58359375 0.0578125 0.0578125
0 0.43515625 0.46328125 0.0609375 0.059375
2 0.76171875 0.5890625 0.075 0.084375
2 0.68671875 0.55625 0.0703125 0.0796875
2 0.684375 0.5 0.0609375 0.0609375
2 0.50390625 0.59296875 0.084375 0.0890625
2 0.434375 0.540625 0.075 0.0734375
2 0.4140625 0.41171875 0.05625 0.0609375
2 0.44140625 0.3109375 0.046875 0.053125
2 0.5953125 0.37265625 0.053125 0.0421875
1 0.3375 0.315625 0.0734375 0.0609375
1 0.34140625 0.490625 0.0671875 0.0578125
1 0.36796875 0.6109375 0.0828125 0.0890625
1 0.60546875 0.43046875 0.0625 0.059375
1 0.5890625 0.54453125 0.0546875 0.040625
1 0.50390625 0.4671875 0.0625 0.0625
1 0.4890625 0.41171875 0.053125 0.0421875
1 0.54609375 0.31015625 0.053125 0.0390625