0 0.303125 0.3046875 0.1046875 0.1125
0 0.39453125 0.23828125 0.10234375 0.1
0 0.3671875 0.553125 0.13671875 0.14453125
0 0.27265625 0.7203125 0.15703125 0.178125
2 0.5171875 0.6421875 0.13984375 0.1484375
2 0.81953125 0.64921875 0.13515625 0.1671875
2 0.60859375 0.246875 0.10546875 0.09609375
2 0.625 0.159375 0.0734375 0.08359375
1 0.609375 0.46015625 0.09375 0.13515625
1 0.74375 0.45859375 0.1078125 0.1359375
1 0.49921875 0.33671875 0.10546875 0.1078125
1 0.20703125 0.47421875 0.1203125 0.14296875