1 0.4796875 0.61484375 0.1015625 0.125
1 0.36328125 0.4546875 0.084375 0.090625
1 0.79609375 0.46171875 0.090625 0.078125
1 0.80859375 0.39140625 0.0875 0.0890625
1 0.6625 0.34609375 0.0875 0.078125
1 0.2890625 0.3046875 0.071875 0.0734375
1 0.46796875 0.3140625 0.078125 0.075
1 0.503125 0.51953125 0.0890625 0.078125
0 0.60546875 0.74453125 0.1125 0.1328125
0 0.415625 0.82734375 0.13125 0.1328125
0 0.334375 0.68046875 0.1140625 0.1265625
0 0.36953125 0.559375 0.0953125 0.084375
0 0.2359375 0.43515625 0.0859375 0.0859375
0 0.459375 0.45625 0.0875 0.071875
0 0.82890625 0.53125 0.1046875 0.0984375
0 0.584375 0.6375 0.1125 0.10625
2 0.73515625 0.53671875 0.1078125 0.1046875
2 0.55859375 0.44921875 0.0984375 0.0875
2 0.61015625 0.41328125 0.078125 0.0875
2 0.54921875 0.37265625 0.08125 0.071875
2 0.52890625 0.28359375 0.078125 0.078125
2 0.40234375 0.2765625 0.071875 0.0703125
2 0.2890625 0.36953125 0.078125 0.06875
2 0.2546875 0.52890625 0.084375 0.090625