0 0.73984375 0.278125 0.0828125 0.0875
0 0.9046875 0.54921875 0.0828125 0.1140625
0 0.7296875 0.80859375 0.096875 0.1140625
0 0.75078125 0.6265625 0.0765625 0.1140625
0 0.675 0.5734375 0.0828125 0.1015625
0 0.64921875 0.36328125 0.0859375 0.1203125
0 0.334375 0.20234375 0.08125 0.1
0 0.23515625 0.44375 0.0828125 0.1046875
1 0.15234375 0.440625 0.084375 0.1
1 0.33984375 0.77578125 0.084375 0.1046875
1 0.46015625 0.37265625 0.075 0.1046875
1 0.3953125 0.4015625 0.084375 0.1140625
1 0.5125 0.184375 0.0921875 0.103125
1 0.790625 0.36796875 0.0859375 0.103125
1 0.46484375 0.6234375 0.10625 0.109375
1 0.51328125 0.5203125 0.0796875 0.109375
2 0.31171875 0.55703125 0.09375 0.0921875
2 0.2046875 0.74453125 0.084375 0.0953125
2 0.1109375 0.671875 0.075 0.115625
2 0.19140625 0.60859375 0.0796875 0.103125
2 0.4296875 0.79453125 0.078125 0.1109375
2 0.584375 0.6984375 0.0828125 0.103125
2 0.7171875 0.43984375 0.078125 0.1296875
2 0.2453125 0.215625 0.084375 0.128125