0 0.6730769230769231 0.07932692307692307 0.09615384615384616 0.09615384615384616
0 0.33533653846153844 0.35216346153846156 0.08413461538461539 0.06971153846153846
0 0.18990384615384615 0.41466346153846156 0.09134615384615384 0.07692307692307693
0 0.2403846153846154 0.5060096153846154 0.09375 0.08413461538461539
0 0.7127403846153846 0.3581730769230769 0.07692307692307693 0.07932692307692307
0 0.7043269230769231 0.4375 0.0889423076923077 0.09134615384615384
0 0.7271634615384616 0.5348557692307693 0.10576923076923077 0.08413461538461539
0 0.859375 0.49158653846153844 0.08653846153846154 0.0889423076923077
0 0.8521634615384616 0.6742788461538461 0.07932692307692307 0.07932692307692307
0 0.8401442307692307 0.8004807692307693 0.10576923076923077 0.09615384615384616
1 0.28365384615384615 0.25841346153846156 0.08653846153846154 0.06971153846153846
1 0.2860576923076923 0.4266826923076923 0.08173076923076923 0.06971153846153846
1 0.41225961538461536 0.3870192307692308 0.08413461538461539 0.06971153846153846
1 0.3798076923076923 0.5 0.07932692307692307 0.06971153846153846
1 0.32211538461538464 0.5612980769230769 0.08173076923076923 0.07692307692307693
1 0.3701923076923077 0.6081730769230769 0.07211538461538461 0.0673076923076923
1 0.4567307692307692 0.7007211538461539 0.07692307692307693 0.07211538461538461
2 0.1814903846153846 0.5745192307692307 0.0889423076923077 0.08173076923076923
1 0.7908653846153846 0.46875 0.09134615384615384 0.08413461538461539
1 0.8004807692307693 0.3581730769230769 0.08413461538461539 0.07692307692307693
1 0.6538461538461539 0.23677884615384615 0.09134615384615384 0.08653846153846154
2 0.7139423076923077 0.1622596153846154 0.10096153846153846 0.08653846153846154
2 0.7379807692307693 0.25 0.10096153846153846 0.08653846153846154
2 0.7872596153846154 0.5889423076923077 0.0889423076923077 0.08653846153846154
2 0.8677884615384616 0.5913461538461539 0.0889423076923077 0.08173076923076923
2 0.765625 0.6838942307692307 0.11057692307692307 0.0985576923076923
2 0.4699519230769231 0.6033653846153846 0.08413461538461539 0.07451923076923077
2 0.3076923076923077 0.6490384615384616 0.08413461538461539 0.07451923076923077
2 0.30528846153846156 0.7271634615384616 0.07692307692307693 0.0673076923076923
2 0.3737980769230769 0.7427884615384616 0.07211538461538461 0.0673076923076923