2 0.328125 0.24519230769230768 0.09615384615384616 0.0889423076923077
2 0.21754807692307693 0.3125 0.125 0.0889423076923077
2 0.49399038461538464 0.4579326923076923 0.11538461538461539 0.08413461538461539
2 0.4338942307692308 0.6213942307692307 0.10576923076923077 0.0889423076923077
2 0.5348557692307693 0.6682692307692307 0.11778846153846154 0.09134615384615384
2 0.3894230769230769 0.7704326923076923 0.0889423076923077 0.06971153846153846
2 0.18629807692307693 0.7295673076923077 0.10576923076923077 0.08413461538461539
2 0.16947115384615385 0.5697115384615384 0.0985576923076923 0.09134615384615384
2 0.18028846153846154 0.6550480769230769 0.0889423076923077 0.07211538461538461
2 0.03365384615384615 0.5889423076923077 0.0673076923076923 0.08173076923076923
0 0.46634615384615385 0.29086538461538464 0.11538461538461539 0.09615384615384616
0 0.3942307692307692 0.3545673076923077 0.10336538461538461 0.08413461538461539
0 0.1622596153846154 0.38341346153846156 0.08173076923076923 0.07451923076923077
0 0.06490384615384616 0.46274038461538464 0.08653846153846154 0.07692307692307693
0 0.3786057692307692 0.5228365384615384 0.08413461538461539 0.07932692307692307
0 0.3088942307692308 0.6057692307692307 0.0985576923076923 0.07692307692307693
0 0.2776442307692308 0.6947115384615384 0.09134615384615384 0.07932692307692307
0 0.6418269230769231 0.6658653846153846 0.11538461538461539 0.0889423076923077
0 0.5973557692307693 0.7680288461538461 0.10576923076923077 0.0889423076923077
0 0.20793269230769232 0.8317307692307693 0.08413461538461539 0.07451923076923077
1 0.36177884615384615 0.43149038461538464 0.08653846153846154 0.08413461538461539
1 0.26322115384615385 0.3858173076923077 0.10096153846153846 0.08413461538461539
1 0.24519230769230768 0.49399038461538464 0.0889423076923077 0.07451923076923077
1 0.1466346153846154 0.5024038461538461 0.08173076923076923 0.07692307692307693
1 0.5168269230769231 0.5673076923076923 0.10096153846153846 0.0889423076923077
1 0.6334134615384616 0.5540865384615384 0.09134615384615384 0.07932692307692307
1 0.37259615384615385 0.6923076923076923 0.08653846153846154 0.07932692307692307
1 0.29086538461538464 0.7992788461538461 0.10096153846153846 0.0889423076923077
1 0.5817307692307693 0.8762019230769231 0.10576923076923077 0.09134615384615384
1 0.3786057692307692 0.9567307692307693 0.11538461538461539 0.07692307692307693