0 0.42734375 0.7125 0.146875 0.18125
0 0.6875 0.7359375 0.1375 0.1640625
0 0.3921875 0.50234375 0.1421875 0.175
0 0.5515625 0.27421875 0.1296875 0.16875
0 0.48515625 0.18828125 0.134375 0.1625
1 0.68984375 0.3515625 0.1265625 0.14375
1 0.57109375 0.7859375 0.1375 0.1875
1 0.4265625 0.33828125 0.1390625 0.15625
1 0.215625 0.61171875 0.1578125 0.1734375
1 0.16875 0.778125 0.1421875 0.1734375
2 0.09453125 0.42421875 0.165625 0.190625
2 0.81875 0.77265625 0.14375 0.184375
2 0.79453125 0.48828125 0.125 0.16875
2 0.540625 0.4578125 0.1359375 0.1625
2 0.62109375 0.11015625 0.1375 0.1546875