0 0.259375 0.6375 0.1359375 0.1421875
0 0.590625 0.83828125 0.128125 0.1421875
0 0.753125 0.67890625 0.09375 0.1125
0 0.84765625 0.59453125 0.0859375 0.090625
0 0.675 0.4453125 0.0890625 0.09375
0 0.76953125 0.4796875 0.090625 0.096875
0 0.5109375 0.3765625 0.0890625 0.078125
0 0.30859375 0.31796875 0.0765625 0.0796875
2 0.29140625 0.82109375 0.15 0.1640625
2 0.09140625 0.628125 0.1390625 0.1515625
2 0.540625 0.53203125 0.090625 0.0984375
2 0.58984375 0.64296875 0.09375 0.1078125
2 0.84140625 0.82890625 0.1140625 0.1265625
2 0.56328125 0.45625 0.0875 0.090625
2 0.44453125 0.31484375 0.0890625 0.090625
2 0.446875 0.4203125 0.10625 0.11875
1 0.30234375 0.43125 0.0875 0.0890625
1 0.2296875 0.425 0.0921875 0.0875
1 0.36484375 0.5296875 0.1015625 0.1
1 0.44296875 0.64921875 0.1140625 0.11875
1 0.46328125 0.853125 0.15 0.1828125
1 0.65546875 0.565625 0.09375 0.1
1 0.875 0.69453125 0.10625 0.1140625
1 0.5765625 0.3125 0.0828125 0.0828125