1 0.36328125 0.2609375 0.065625 0.0609375
1 0.1484375 0.3765625 0.109375 0.0890625
1 0.25859375 0.609375 0.1125 0.1125
1 0.67109375 0.5609375 0.103125 0.0859375
1 0.66484375 0.45078125 0.084375 0.0984375
1 0.70390625 0.71875 0.1171875 0.1375
1 0.5484375 0.89296875 0.13125 0.1734375
1 0.28046875 0.415625 0.09375 0.0875
2 0.2796875 0.5125 0.11875 0.10625
2 0.153125 0.503125 0.1109375 0.0921875
2 0.42734375 0.42421875 0.0859375 0.071875
2 0.41953125 0.34921875 0.0828125 0.0859375
2 0.40859375 0.7203125 0.1125 0.121875
2 0.503125 0.63046875 0.1015625 0.109375
2 0.7640625 0.615625 0.090625 0.0875
2 0.7703125 0.4765625 0.10625 0.1078125
0 0.85859375 0.796875 0.1421875 0.1640625
0 0.61171875 0.67265625 0.103125 0.11875
0 0.25546875 0.7125 0.0984375 0.1
0 0.52890625 0.4578125 0.0828125 0.0921875
0 0.60859375 0.33203125 0.065625 0.0765625
0 0.5 0.34765625 0.0875 0.0734375
0 0.49609375 0.29453125 0.08125 0.06875
0 0.28515625 0.29140625 0.0796875 0.0765625