0 0.24278846153846154 0.2127403846153846 0.09375 0.07932692307692307
0 0.375 0.3401442307692308 0.09134615384615384 0.07692307692307693
0 0.3137019230769231 0.4807692307692308 0.07692307692307693 0.07211538461538461
0 0.2776442307692308 0.5973557692307693 0.08653846153846154 0.07451923076923077
0 0.5769230769230769 0.5444711538461539 0.07692307692307693 0.0625
0 0.5889423076923077 0.6478365384615384 0.09134615384615384 0.06971153846153846
2 0.6358173076923077 0.5961538461538461 0.07692307692307693 0.06490384615384616
0 0.6947115384615384 0.5673076923076923 0.07932692307692307 0.0625
0 0.6923076923076923 0.5132211538461539 0.0673076923076923 0.055288461538461536
0 0.75 0.5336538461538461 0.07211538461538461 0.057692307692307696
0 0.7860576923076923 0.4375 0.0889423076923077 0.06490384615384616
1 0.33052884615384615 0.20673076923076922 0.08653846153846154 0.07451923076923077
1 0.5348557692307693 0.203125 0.07211538461538461 0.07211538461538461
1 0.6045673076923077 0.21153846153846154 0.0673076923076923 0.0673076923076923
1 0.7055288461538461 0.24278846153846154 0.07451923076923077 0.0673076923076923
2 0.6081730769230769 0.41586538461538464 0.09134615384615384 0.07451923076923077
1 0.6742788461538461 0.36177884615384615 0.06971153846153846 0.0625
1 0.7463942307692307 0.33774038461538464 0.06971153846153846 0.06009615384615385
1 0.4735576923076923 0.41225961538461536 0.0889423076923077 0.07932692307692307
1 0.40024038461538464 0.5324519230769231 0.07932692307692307 0.07692307692307693
1 0.47836538461538464 0.6069711538461539 0.0889423076923077 0.06971153846153846
1 0.3858173076923077 0.6598557692307693 0.09375 0.06971153846153846
2 0.8317307692307693 0.25961538461538464 0.07932692307692307 0.06490384615384616
2 0.5600961538461539 0.28966346153846156 0.0889423076923077 0.06971153846153846
2 0.2512019230769231 0.2956730769230769 0.09375 0.07211538461538461
2 0.4735576923076923 0.33774038461538464 0.0889423076923077 0.06971153846153846
2 0.21153846153846154 0.3737980769230769 0.11778846153846154 0.09375
2 0.8317307692307693 0.4891826923076923 0.07932692307692307 0.0625
2 0.7836538461538461 0.6057692307692307 0.08413461538461539 0.06490384615384616
2 0.7283653846153846 0.6634615384615384 0.08413461538461539 0.06490384615384616