2 0.7175480769230769 0.22596153846153846 0.08653846153846154 0.057692307692307696
2 0.34615384615384615 0.24278846153846154 0.10096153846153846 0.07692307692307693
2 0.3942307692307692 0.44711538461538464 0.10096153846153846 0.07211538461538461
2 0.5637019230769231 0.4891826923076923 0.07692307692307693 0.0673076923076923
2 0.46153846153846156 0.5540865384615384 0.08653846153846154 0.0625
2 0.5829326923076923 0.5552884615384616 0.09134615384615384 0.057692307692307696
2 0.6370192307692307 0.6682692307692307 0.07211538461538461 0.057692307692307696
2 0.6526442307692307 0.7295673076923077 0.0673076923076923 0.04807692307692308
2 0.8689903846153846 0.5336538461538461 0.0673076923076923 0.0625
2 0.6538461538461539 0.3425480769230769 0.06009615384615385 0.057692307692307696
1 0.5012019230769231 0.23076923076923078 0.07692307692307693 0.06971153846153846
1 0.31971153846153844 0.3786057692307692 0.08173076923076923 0.0673076923076923
1 0.6334134615384616 0.25600961538461536 0.0673076923076923 0.0673076923076923
1 0.5324519230769231 0.3425480769230769 0.08173076923076923 0.0673076923076923
1 0.6141826923076923 0.3942307692307692 0.07932692307692307 0.057692307692307696
1 0.7704326923076923 0.3762019230769231 0.0673076923076923 0.057692307692307696
1 0.7548076923076923 0.49278846153846156 0.07692307692307693 0.06009615384615385
1 0.43028846153846156 0.6213942307692307 0.08173076923076923 0.06490384615384616
1 0.3293269230769231 0.671875 0.09375 0.07211538461538461
1 0.48197115384615385 0.6923076923076923 0.08653846153846154 0.057692307692307696
0 0.7151442307692307 0.2824519230769231 0.07692307692307693 0.06009615384615385
0 0.4891826923076923 0.4230769230769231 0.07692307692307693 0.06490384615384616
0 0.3425480769230769 0.5324519230769231 0.09375 0.0673076923076923
0 0.2668269230769231 0.5973557692307693 0.0889423076923077 0.07211538461538461
0 0.6586538461538461 0.5036057692307693 0.07211538461538461 0.0625
0 0.7752403846153846 0.5600961538461539 0.07211538461538461 0.057692307692307696
0 0.7391826923076923 0.6935096153846154 0.06490384615384616 0.052884615384615384
0 0.8088942307692307 0.6418269230769231 0.06490384615384616 0.04807692307692308
0 0.7704326923076923 0.4326923076923077 0.0625 0.055288461538461536
0 0.5913461538461539 0.6213942307692307 0.0625 0.057692307692307696