0 0.8328125 0.425 0.09921875 0.096875
0 0.703125 0.490625 0.10234375 0.10859375
0 0.53671875 0.44375 0.1046875 0.09296875
0 0.47578125 0.534375 0.10859375 0.11015625
0 0.328125 0.74453125 0.11171875 0.15234375
0 0.153125 0.6625 0.1359375 0.14140625
0 0.31640625 0.28359375 0.08515625 0.0890625
0 0.284375 0.225 0.0640625 0.0765625
2 0.19921875 0.4109375 0.10234375 0.1171875
2 0.28046875 0.471875 0.109375 0.11171875
2 0.78984375 0.3359375 0.090625 0.0703125
2 0.72421875 0.303125 0.07734375 0.07890625
2 0.84609375 0.57265625 0.11640625 0.12578125
2 0.6296875 0.58984375 0.128125 0.11796875
2 0.4734375 0.178125 0.07265625 0.0546875
2 0.478125 0.3546875 0.078125 0.08515625
1 0.36875 0.584375 0.11484375 0.12265625
1 0.4625 0.7421875 0.13515625 0.14453125
1 0.61796875 0.81171875 0.11875 0.15
1 0.73046875 0.725 0.134375 0.14453125
1 0.6390625 0.296875 0.084375 0.08828125
1 0.55 0.30859375 0.08359375 0.08125
1 0.43515625 0.24609375 0.0796875 0.08359375
1 0.40078125 0.359375 0.08671875 0.09296875