0 0.3953125 0.8421875 0.1 0.1328125
0 0.51484375 0.71953125 0.09453125 0.08671875
0 0.5875 0.58828125 0.08046875 0.1015625
0 0.746875 0.6578125 0.0875 0.09453125
0 0.74609375 0.53046875 0.09921875 0.08359375
0 0.5125 0.4234375 0.1 0.07421875
0 0.27890625 0.4609375 0.0921875 0.096875
0 0.39375 0.221875 0.0625 0.059375
2 0.2 0.4265625 0.07421875 0.06484375
2 0.34296875 0.6234375 0.096875 0.1078125
2 0.4625 0.58203125 0.07734375 0.1
2 0.40078125 0.3828125 0.07421875 0.0828125
2 0.29140625 0.30234375 0.075 0.06484375
2 0.50859375 0.35078125 0.06171875 0.07421875
2 0.87265625 0.54296875 0.07890625 0.10859375
2 0.68125 0.42265625 0.075 0.07109375
1 0.63984375 0.3515625 0.06328125 0.05546875
1 0.5765625 0.29921875 0.065625 0.0640625
1 0.59375 0.25859375 0.05625 0.05
1 0.41640625 0.296875 0.08125 0.0625
1 0.16796875 0.6671875 0.096875 0.109375
1 0.22421875 0.5546875 0.08984375 0.07890625
1 0.6515625 0.7421875 0.08671875 0.10390625
1 0.57421875 0.81875 0.10078125 0.11015625