2 0.87265625 0.58828125 0.1359375 0.1359375
2 0.74765625 0.6234375 0.1671875 0.1265625
2 0.19453125 0.55390625 0.1796875 0.1375
2 0.2828125 0.8796875 0.2015625 0.1546875
2 0.62421875 0.771875 0.1953125 0.15
1 0.63984375 0.51015625 0.153125 0.1390625
1 0.5375 0.4 0.184375 0.128125
1 0.340625 0.18828125 0.2171875 0.171875
1 0.44609375 0.8546875 0.190625 0.1640625
1 0.3296875 0.68125 0.1890625 0.1671875
0 0.8578125 0.328125 0.1921875 0.15625
0 0.496875 0.64375 0.1890625 0.1390625
0 0.21328125 0.4484375 0.1859375 0.1546875
0 0.58046875 0.23828125 0.196875 0.15625
0 0.71796875 0.14765625 0.1921875 0.1515625