0 0.7859375 0.81484375 0.13125 0.165625
0 0.36796875 0.78984375 0.128125 0.1484375
0 0.1515625 0.62265625 0.121875 0.1453125
0 0.2390625 0.33046875 0.090625 0.0796875
0 0.334375 0.24296875 0.1015625 0.1
0 0.68125 0.47578125 0.1078125 0.1234375
0 0.8203125 0.48984375 0.096875 0.10625
0 0.4640625 0.5921875 0.1171875 0.121875
2 0.27265625 0.690625 0.1390625 0.159375
2 0.421875 0.46796875 0.103125 0.115625
2 0.5140625 0.3171875 0.0921875 0.1
2 0.86328125 0.37109375 0.121875 0.0859375
2 0.12578125 0.3703125 0.115625 0.1109375
2 0.25078125 0.23984375 0.0953125 0.0984375
2 0.65859375 0.6203125 0.1390625 0.146875
2 0.71484375 0.2625 0.0875 0.090625
1 0.578125 0.19296875 0.084375 0.0875
1 0.596875 0.29296875 0.0921875 0.0859375
1 0.73515625 0.36171875 0.1078125 0.1046875
1 0.61015625 0.43046875 0.09375 0.10625
1 0.5109375 0.44453125 0.1109375 0.1046875
1 0.3109375 0.37890625 0.09375 0.1015625
1 0.2265625 0.403125 0.10625 0.1046875
1 0.178125 0.51640625 0.121875 0.134375