0 0.38359375 0.83828125 0.1046875 0.1359375
0 0.50703125 0.71953125 0.096875 0.090625
0 0.584375 0.59140625 0.084375 0.1046875
0 0.74140625 0.66640625 0.090625 0.096875
0 0.74453125 0.5390625 0.1015625 0.0875
0 0.51484375 0.42421875 0.103125 0.078125
0 0.28046875 0.453125 0.0953125 0.1
0 0.40390625 0.21796875 0.0640625 0.0609375
2 0.203125 0.41640625 0.0765625 0.0671875
2 0.3390625 0.61796875 0.1 0.1109375
2 0.459375 0.58046875 0.08125 0.103125
2 0.4046875 0.3796875 0.0765625 0.0859375
2 0.2984375 0.2953125 0.0765625 0.0671875
2 0.5140625 0.3515625 0.0640625 0.0765625
2 0.87109375 0.55625 0.0828125 0.1109375
2 0.68359375 0.42890625 0.078125 0.0734375
1 0.6453125 0.35625 0.065625 0.0578125
1 0.58359375 0.30234375 0.0671875 0.065625
1 0.60234375 0.26171875 0.0578125 0.0515625
1 0.4234375 0.29375 0.0828125 0.065625
1 0.1625 0.65546875 0.1 0.1125
1 0.22265625 0.5453125 0.0921875 0.08125
1 0.64296875 0.74765625 0.090625 0.10625
1 0.56328125 0.82109375 0.1046875 0.1140625