1 0.85546875 0.60859375 0.115625 0.1125
1 0.4734375 0.75390625 0.13125 0.1125
1 0.259375 0.60078125 0.1734375 0.121875
1 0.09296875 0.53359375 0.1859375 0.1453125
1 0.8171875 0.45390625 0.1125 0.096875
1 0.74296875 0.35390625 0.140625 0.103125
1 0.47265625 0.275 0.1484375 0.1296875
0 0.90390625 0.45390625 0.103125 0.1015625
0 0.78359375 0.53125 0.14375 0.0984375
0 0.5234375 0.5828125 0.1578125 0.1171875
0 0.56640625 0.49609375 0.1640625 0.121875
0 0.35625 0.46953125 0.1921875 0.146875
0 0.55 0.37734375 0.1640625 0.115625
0 0.5015625 0.1453125 0.15625 0.1125
2 0.621875 0.75390625 0.125 0.1046875
2 0.65859375 0.65 0.1375 0.128125
2 0.6046875 0.23125 0.16875 0.1359375
2 0.175 0.23359375 0.1890625 0.146875
2 0.29765625 0.76875 0.178125 0.134375
2 0.7046875 0.4453125 0.1515625 0.10625
2 0.37265625 0.34453125 0.1515625 0.1359375