2 0.8796875 0.44921875 0.1484375 0.1484375
2 0.77578125 0.5265625 0.1765625 0.14375
2 0.23359375 0.659375 0.190625 0.15625
2 0.43203125 0.921875 0.2140625 0.15625
2 0.71328125 0.709375 0.20625 0.16875
1 0.634375 0.459375 0.165625 0.153125
1 0.49921875 0.39296875 0.19375 0.146875
1 0.23984375 0.26640625 0.2296875 0.1921875
1 0.5765625 0.85078125 0.2046875 0.18125
1 0.40625 0.73046875 0.2015625 0.184375
0 0.77265625 0.21171875 0.2046875 0.1734375
0 0.5484375 0.63515625 0.2 0.1578125
0 0.2140625 0.5546875 0.1984375 0.171875
0 0.48125 0.2265625 0.209375 0.175
0 0.57734375 0.09296875 0.2046875 0.1703125