2 0.28359375 0.571875 0.0859375 0.0984375
2 0.49765625 0.26953125 0.08125 0.0859375
2 0.37578125 0.3515625 0.078125 0.0921875
2 0.64296875 0.39765625 0.1015625 0.1140625
2 0.74765625 0.33359375 0.096875 0.1125
2 0.79296875 0.26171875 0.0890625 0.103125
2 0.68515625 0.24140625 0.1015625 0.1015625
2 0.81796875 0.67578125 0.1078125 0.1421875
0 0.728125 0.70703125 0.1109375 0.1421875
0 0.7546875 0.46875 0.1078125 0.1171875
0 0.31015625 0.46015625 0.0859375 0.096875
0 0.24140625 0.44609375 0.0890625 0.0890625
0 0.36796875 0.63671875 0.109375 0.1140625
0 0.2828125 0.73125 0.128125 0.134375
0 0.10703125 0.534375 0.09375 0.1
0 0.2359375 0.315625 0.090625 0.0921875
1 0.22890625 0.65546875 0.1 0.103125
1 0.54921875 0.57109375 0.090625 0.1046875
1 0.54140625 0.7703125 0.1 0.125
1 0.603125 0.53046875 0.09375 0.109375
1 0.46484375 0.4546875 0.0828125 0.09375
1 0.49296875 0.3859375 0.0859375 0.090625
1 0.56953125 0.25625 0.078125 0.090625
1 0.83671875 0.4484375 0.0984375 0.1171875