0 0.43203125 0.8515625 0.1140625 0.1421875
0 0.5375 0.71640625 0.103125 0.096875
0 0.59609375 0.57890625 0.090625 0.109375
0 0.76171875 0.63125 0.096875 0.103125
0 0.74765625 0.5046875 0.1078125 0.09375
0 0.5046875 0.42265625 0.1078125 0.084375
0 0.27578125 0.484375 0.1015625 0.10625
0 0.365625 0.234375 0.06875 0.065625
2 0.19375 0.45859375 0.08125 0.071875
2 0.35703125 0.6390625 0.1078125 0.1171875
2 0.47109375 0.58515625 0.0875 0.1078125
2 0.3890625 0.39375 0.0828125 0.090625
2 0.271875 0.325 0.08125 0.071875
2 0.49296875 0.35078125 0.06875 0.0796875
2 0.875 0.50390625 0.0890625 0.115625
2 0.671875 0.40390625 0.08125 0.078125
1 0.6234375 0.3375 0.06875 0.0625
1 0.55546875 0.2921875 0.071875 0.0703125
1 0.56796875 0.25 0.0609375 0.05625
1 0.3953125 0.30703125 0.0875 0.0703125
1 0.1875 0.70078125 0.1078125 0.11875
1 0.23125 0.58359375 0.096875 0.0875
1 0.67578125 0.725 0.096875 0.1125
1 0.60703125 0.809375 0.1125 0.1203125