2 0.934375 0.40703125 0.06875 0.0703125
2 0.7140625 0.428125 0.053125 0.0609375
2 0.72578125 0.36015625 0.0578125 0.05625
2 0.5890625 0.4171875 0.059375 0.05625
2 0.53359375 0.39453125 0.0546875 0.0484375
2 0.5140625 0.478125 0.065625 0.0609375
2 0.4015625 0.38515625 0.075 0.06875
2 0.2125 0.5140625 0.071875 0.0703125
1 0.059375 0.5265625 0.084375 0.084375
1 0.09140625 0.44921875 0.0671875 0.0671875
1 0.21484375 0.45625 0.0625 0.0515625
1 0.27421875 0.465625 0.065625 0.065625
1 0.75234375 0.41015625 0.0546875 0.059375
1 0.6796875 0.38046875 0.0484375 0.046875
1 0.8375 0.40078125 0.05625 0.0609375
1 0.80546875 0.3484375 0.053125 0.059375
0 0.86875 0.36953125 0.053125 0.0625
0 0.659375 0.44453125 0.059375 0.06875
0 0.63125 0.39453125 0.0515625 0.0546875
0 0.48359375 0.4265625 0.0578125 0.05
0 0.4390625 0.47265625 0.0640625 0.059375
0 0.3734375 0.44921875 0.06875 0.0640625
0 0.31953125 0.43046875 0.053125 0.0625
0 0.14296875 0.47734375 0.0625 0.05625