0 0.15625 0.3545673076923077 0.07451923076923077 0.07211538461538461
0 0.18629807692307693 0.46153846153846156 0.07932692307692307 0.06971153846153846
0 0.3161057692307692 0.3954326923076923 0.07451923076923077 0.0625
0 0.5336538461538461 0.33533653846153844 0.0889423076923077 0.07211538461538461
0 0.6911057692307693 0.46634615384615385 0.09375 0.07932692307692307
0 0.6201923076923077 0.20552884615384615 0.09375 0.06971153846153846
0 0.7283653846153846 0.171875 0.10096153846153846 0.0673076923076923
0 0.5024038461538461 0.18870192307692307 0.08653846153846154 0.07451923076923077
0 0.4495192307692308 0.12139423076923077 0.08653846153846154 0.07451923076923077
0 0.36899038461538464 0.6454326923076923 0.08653846153846154 0.06490384615384616
2 0.234375 0.6322115384615384 0.07451923076923077 0.0673076923076923
2 0.19831730769230768 0.5420673076923077 0.07211538461538461 0.052884615384615384
2 0.42427884615384615 0.5709134615384616 0.08413461538461539 0.06971153846153846
2 0.6646634615384616 0.37740384615384615 0.0889423076923077 0.07451923076923077
2 0.7884615384615384 0.3076923076923077 0.10096153846153846 0.07932692307692307
2 0.4543269230769231 0.2644230769230769 0.08653846153846154 0.07451923076923077
2 0.31971153846153844 0.17908653846153846 0.07692307692307693 0.07211538461538461
2 0.1935096153846154 0.22956730769230768 0.06971153846153846 0.06971153846153846
2 0.23918269230769232 0.30649038461538464 0.08173076923076923 0.06971153846153846
2 0.5552884615384616 0.0673076923076923 0.09375 0.07451923076923077
1 0.5588942307692307 0.5144230769230769 0.08653846153846154 0.07932692307692307
1 0.4855769230769231 0.4675480769230769 0.08653846153846154 0.07211538461538461
1 0.3786057692307692 0.46153846153846156 0.08173076923076923 0.07692307692307693
1 0.41947115384615385 0.38221153846153844 0.09134615384615384 0.08173076923076923
1 0.5817307692307693 0.4098557692307692 0.07932692307692307 0.07451923076923077
1 0.6394230769230769 0.2776442307692308 0.07692307692307693 0.06971153846153846
1 0.7427884615384616 0.0625 0.09134615384615384 0.0889423076923077
1 0.37259615384615385 0.3173076923076923 0.09615384615384616 0.0673076923076923
1 0.375 0.25 0.0673076923076923 0.06009615384615385
1 0.25961538461538464 0.484375 0.08653846153846154 0.06971153846153846