2 0.34375 0.4074519230769231 0.08653846153846154 0.07211538461538461
2 0.5 0.2776442307692308 0.09375 0.07692307692307693
0 0.7956730769230769 0.24278846153846154 0.0673076923076923 0.057692307692307696
2 0.7283653846153846 0.21394230769230768 0.0673076923076923 0.0625
0 0.7139423076923077 0.390625 0.0673076923076923 0.06009615384615385
2 0.6610576923076923 0.359375 0.07692307692307693 0.06971153846153846
2 0.8004807692307693 0.41586538461538464 0.06490384615384616 0.06490384615384616
1 0.7956730769230769 0.49278846153846156 0.07932692307692307 0.0625
2 0.7199519230769231 0.46274038461538464 0.06490384615384616 0.06490384615384616
2 0.7211538461538461 0.5709134615384616 0.08173076923076923 0.07451923076923077
2 0.6237980769230769 0.5 0.07451923076923077 0.0625
2 0.4651442307692308 0.6370192307692307 0.10096153846153846 0.07692307692307693
2 0.609375 0.6923076923076923 0.07451923076923077 0.0625
1 0.8245192307692307 0.3245192307692308 0.06490384615384616 0.06490384615384616
1 0.5865384615384616 0.36538461538461536 0.07451923076923077 0.06490384615384616
1 0.5144230769230769 0.3762019230769231 0.07211538461538461 0.06490384615384616
1 0.6141826923076923 0.4338942307692308 0.06490384615384616 0.06009615384615385
1 0.3942307692307692 0.7992788461538461 0.0889423076923077 0.07451923076923077
1 0.6598557692307693 0.7608173076923077 0.07211538461538461 0.0625
1 0.6021634615384616 0.5661057692307693 0.07451923076923077 0.0673076923076923
1 0.40384615384615385 0.27163461538461536 0.08413461538461539 0.07211538461538461
1 0.6670673076923077 0.2512019230769231 0.07451923076923077 0.0625
0 0.5949519230769231 0.21875 0.07692307692307693 0.06971153846153846
0 0.4182692307692308 0.3449519230769231 0.07211538461538461 0.057692307692307696
0 0.5649038461538461 0.4579326923076923 0.0673076923076923 0.057692307692307696
0 0.53125 0.5264423076923077 0.07451923076923077 0.06490384615384616
0 0.44591346153846156 0.5396634615384616 0.07932692307692307 0.06971153846153846
0 0.36658653846153844 0.5552884615384616 0.09615384615384616 0.07932692307692307
0 0.4375 0.43149038461538464 0.08173076923076923 0.07451923076923077
0 0.5384615384615384 0.6754807692307693 0.08653846153846154 0.07451923076923077