0 0.4230769230769231 0.04927884615384615 0.1201923076923077 0.0985576923076923
0 0.5228365384615384 0.08533653846153846 0.11778846153846154 0.10817307692307693
0 0.5817307692307693 0.03485576923076923 0.11538461538461539 0.06971153846153846
0 0.22716346153846154 0.2620192307692308 0.08413461538461539 0.07692307692307693
0 0.02403846153846154 0.22355769230769232 0.04807692307692308 0.07211538461538461
0 0.46033653846153844 0.44471153846153844 0.06971153846153846 0.0673076923076923
0 0.5072115384615384 0.3858173076923077 0.07211538461538461 0.06971153846153846
0 0.3713942307692308 0.515625 0.08173076923076923 0.07692307692307693
0 0.8629807692307693 0.1502403846153846 0.08653846153846154 0.08413461538461539
2 0.12740384615384615 0.23076923076923078 0.08653846153846154 0.07932692307692307
2 0.43028846153846156 0.2980769230769231 0.07451923076923077 0.055288461538461536
2 0.3473557692307692 0.3317307692307692 0.09134615384615384 0.0673076923076923
2 0.3317307692307692 0.23798076923076922 0.09375 0.07692307692307693
2 0.3605769230769231 0.4362980769230769 0.0889423076923077 0.07451923076923077
2 0.07932692307692307 0.46875 0.10336538461538461 0.07451923076923077
2 0.23798076923076922 0.5709134615384616 0.09615384615384616 0.08413461538461539
2 0.8786057692307693 0.27283653846153844 0.06971153846153846 0.08413461538461539
1 0.21514423076923078 0.39663461538461536 0.10096153846153846 0.07692307692307693
1 0.11899038461538461 0.34975961538461536 0.09615384615384616 0.08173076923076923
1 0.030048076923076924 0.33052884615384615 0.06009615384615385 0.07932692307692307
1 0.23677884615384615 0.49759615384615385 0.09375 0.07932692307692307
1 0.11658653846153846 0.5745192307692307 0.0985576923076923 0.08173076923076923
1 0.6766826923076923 0.030048076923076924 0.07932692307692307 0.06009615384615385
1 0.7163461538461539 0.09495192307692307 0.09615384615384616 0.08653846153846154
1 0.6911057692307693 0.19110576923076922 0.08173076923076923 0.08653846153846154
1 0.7704326923076923 0.1658653846153846 0.08653846153846154 0.0889423076923077
1 0.8305288461538461 0.24158653846153846 0.0625 0.06971153846153846