2 0.8870192307692307 0.32572115384615385 0.1201923076923077 0.09375
2 0.5492788461538461 0.18870192307692307 0.0985576923076923 0.08653846153846154
2 0.40865384615384615 0.32211538461538464 0.0889423076923077 0.07692307692307693
2 0.25600961538461536 0.38100961538461536 0.08173076923076923 0.07451923076923077
2 0.3894230769230769 0.47115384615384615 0.0985576923076923 0.08413461538461539
2 0.38461538461538464 0.5745192307692307 0.09375 0.07692307692307693
2 0.4098557692307692 0.6538461538461539 0.09134615384615384 0.07692307692307693
2 0.296875 0.7704326923076923 0.09134615384615384 0.06971153846153846
2 0.6790865384615384 0.7908653846153846 0.11538461538461539 0.09134615384615384
2 0.5132211538461539 0.35216346153846156 0.0985576923076923 0.09375
1 0.4170673076923077 0.17908653846153846 0.11778846153846154 0.10096153846153846
1 0.8870192307692307 0.46033653846153844 0.11538461538461539 0.10096153846153846
1 0.8317307692307693 0.7800480769230769 0.11057692307692307 0.0985576923076923
1 0.7067307692307693 0.5985576923076923 0.11538461538461539 0.10817307692307693
1 0.8161057692307693 0.6658653846153846 0.12259615384615384 0.10096153846153846
1 0.7487980769230769 0.7439903846153846 0.10817307692307693 0.09615384615384616
1 0.5264423076923077 0.6045673076923077 0.10096153846153846 0.07932692307692307
1 0.42908653846153844 0.40024038461538464 0.10576923076923077 0.07692307692307693
1 0.20793269230769232 0.3016826923076923 0.11057692307692307 0.09134615384615384
1 0.27884615384615385 0.5084134615384616 0.0889423076923077 0.07451923076923077
0 0.24759615384615385 0.20192307692307693 0.11538461538461539 0.0985576923076923
0 0.3605769230769231 0.24278846153846154 0.10576923076923077 0.08413461538461539
0 0.8173076923076923 0.24639423076923078 0.1346153846153846 0.10576923076923077
0 0.11298076923076923 0.42908653846153844 0.10576923076923077 0.08653846153846154
0 0.2283653846153846 0.6021634615384616 0.09615384615384616 0.08413461538461539
0 0.28725961538461536 0.6983173076923077 0.09375 0.07932692307692307
0 0.7019230769230769 0.8954326923076923 0.12259615384615384 0.10096153846153846
0 0.7704326923076923 0.8389423076923077 0.10096153846153846 0.09134615384615384
0 0.875 0.5817307692307693 0.11057692307692307 0.09615384615384616
0 0.7548076923076923 0.49759615384615385 0.11778846153846154 0.11538461538461539