0 0.7463942307692307 0.4495192307692308 0.07091346153846154 0.06009615384615385
0 0.7596153846153846 0.6033653846153846 0.0625 0.051682692307692304
0 0.578125 0.4891826923076923 0.054086538461538464 0.04567307692307692
0 0.6033653846153846 0.4375 0.06490384615384616 0.04927884615384615
0 0.6394230769230769 0.3329326923076923 0.06129807692307692 0.051682692307692304
0 0.4951923076923077 0.43028846153846156 0.06971153846153846 0.05048076923076923
0 0.3894230769230769 0.4362980769230769 0.07091346153846154 0.056490384615384616
1 0.21514423076923078 0.38822115384615385 0.09014423076923077 0.057692307692307696
0 0.2956730769230769 0.3293269230769231 0.07451923076923077 0.051682692307692304
0 0.40625 0.31490384615384615 0.07451923076923077 0.052884615384615384
0 0.5757211538461539 0.31490384615384615 0.0625 0.04807692307692308
1 0.5012019230769231 0.2860576923076923 0.06610576923076923 0.054086538461538464
1 0.7091346153846154 0.33052884615384615 0.0673076923076923 0.06129807692307692
1 0.49399038461538464 0.5024038461538461 0.0733173076923077 0.057692307692307696
1 0.3137019230769231 0.5144230769230769 0.08413461538461539 0.052884615384615384
1 0.15865384615384615 0.5288461538461539 0.07692307692307693 0.06129807692307692
2 0.5516826923076923 0.5745192307692307 0.0625 0.055288461538461536
1 0.6237980769230769 0.5661057692307693 0.06009615384615385 0.05048076923076923
1 0.515625 0.75 0.078125 0.05048076923076923
1 0.7043269230769231 0.53125 0.06610576923076923 0.054086538461538464
1 0.6538461538461539 0.5168269230769231 0.06610576923076923 0.04567307692307692
2 0.4026442307692308 0.24278846153846154 0.07692307692307693 0.055288461538461536
2 0.47596153846153844 0.20072115384615385 0.078125 0.052884615384615384
2 0.23798076923076922 0.23798076923076922 0.08413461538461539 0.06370192307692307
2 0.4807692307692308 0.35216346153846156 0.07451923076923077 0.054086538461538464
2 0.21995192307692307 0.4651442307692308 0.08533653846153846 0.056490384615384616
2 0.3605769230769231 0.6502403846153846 0.07091346153846154 0.0625
2 0.45072115384615385 0.6622596153846154 0.07572115384615384 0.057692307692307696
2 0.6598557692307693 0.6322115384615384 0.07572115384615384 0.056490384615384616
2 0.40865384615384615 0.5240384615384616 0.0733173076923077 0.057692307692307696