2 0.9265625 0.37734375 0.071875 0.0734375
2 0.70859375 0.41328125 0.05625 0.0640625
2 0.715625 0.34453125 0.0609375 0.059375
2 0.58359375 0.4109375 0.0609375 0.059375
2 0.52578125 0.3921875 0.0578125 0.0515625
2 0.5125 0.47734375 0.06875 0.065625
2 0.39375 0.3921875 0.078125 0.071875
2 0.2140625 0.534375 0.075 0.0734375
1 0.0625 0.55703125 0.0875 0.0875
1 0.0890625 0.478125 0.0703125 0.0703125
1 0.2125 0.4765625 0.0640625 0.0546875
1 0.27265625 0.48125 0.06875 0.06875
1 0.7453125 0.39296875 0.0578125 0.0625
1 0.67109375 0.36796875 0.0515625 0.05
1 0.83046875 0.37734375 0.059375 0.0625
1 0.79375 0.32734375 0.05625 0.0625
0 0.85859375 0.34375 0.05625 0.0640625
0 0.65546875 0.43359375 0.0625 0.0703125
0 0.6234375 0.3859375 0.053125 0.0578125
0 0.478125 0.428125 0.059375 0.053125
0 0.4375 0.47734375 0.0671875 0.0625
0 0.3703125 0.4578125 0.071875 0.0671875
0 0.315625 0.44375 0.05625 0.0640625
0 0.1421875 0.50234375 0.065625 0.059375