2 0.87734375 0.7125 0.1296875 0.1265625
2 0.88984375 0.59609375 0.096875 0.109375
2 0.671875 0.50546875 0.0953125 0.09375
2 0.515625 0.6109375 0.1125 0.1296875
2 0.48359375 0.353125 0.0671875 0.0890625
2 0.425 0.24453125 0.0703125 0.0765625
2 0.725 0.25 0.0734375 0.08125
2 0.68984375 0.290625 0.0734375 0.0859375
1 0.40078125 0.60625 0.109375 0.128125
1 0.26640625 0.5671875 0.134375 0.1328125
1 0.26796875 0.396875 0.0984375 0.125
1 0.3015625 0.29921875 0.0921875 0.0921875
1 0.41640625 0.3578125 0.078125 0.078125
1 0.43125 0.4796875 0.1046875 0.125
1 0.53984375 0.22890625 0.078125 0.0796875
1 0.62734375 0.3171875 0.0734375 0.0859375
0 0.63515625 0.684375 0.1015625 0.109375
0 0.3796875 0.80234375 0.125 0.1546875
0 0.38828125 0.17421875 0.09375 0.0875
0 0.303125 0.196875 0.084375 0.0875
0 0.19375 0.21484375 0.0765625 0.0859375
0 0.1234375 0.35234375 0.1046875 0.125
0 0.48125 0.278125 0.0875 0.08125
0 0.67890625 0.42265625 0.0953125 0.09375