0 0.13221153846153846 0.1935096153846154 0.07692307692307693 0.08173076923076923
0 0.20673076923076922 0.18629807692307693 0.09615384615384616 0.0889423076923077
0 0.3137019230769231 0.12139423076923077 0.10096153846153846 0.06971153846153846
0 0.640625 0.11177884615384616 0.11538461538461539 0.08173076923076923
0 0.6862980769230769 0.28846153846153844 0.0985576923076923 0.08173076923076923
0 0.3449519230769231 0.42788461538461536 0.09615384615384616 0.08653846153846154
0 0.5348557692307693 0.4170673076923077 0.10576923076923077 0.08173076923076923
0 0.33653846153846156 0.5769230769230769 0.10336538461538461 0.08173076923076923
0 0.21634615384615385 0.5709134615384616 0.0889423076923077 0.07451923076923077
0 0.5060096153846154 0.5997596153846154 0.0985576923076923 0.08173076923076923
1 0.5612980769230769 0.040865384615384616 0.12259615384615384 0.08173076923076923
1 0.42427884615384615 0.037259615384615384 0.09134615384615384 0.07451923076923077
1 0.46033653846153844 0.09975961538461539 0.09375 0.07451923076923077
1 0.5288461538461539 0.16105769230769232 0.11538461538461539 0.0889423076923077
1 0.3762019230769231 0.25600961538461536 0.09134615384615384 0.0673076923076923
1 0.4855769230769231 0.2536057692307692 0.09375 0.08653846153846154
1 0.7091346153846154 0.4182692307692308 0.10576923076923077 0.0889423076923077
1 0.5805288461538461 0.6502403846153846 0.10576923076923077 0.08653846153846154
1 0.27283653846153844 0.35697115384615385 0.09615384615384616 0.08413461538461539
1 0.3954326923076923 0.5276442307692307 0.07692307692307693 0.06971153846153846
2 0.7223557692307693 0.18028846153846154 0.10576923076923077 0.07932692307692307
2 0.5985576923076923 0.23197115384615385 0.11538461538461539 0.08413461538461539
2 0.3894230769230769 0.1778846153846154 0.10336538461538461 0.07932692307692307
2 0.27403846153846156 0.23557692307692307 0.10576923076923077 0.07211538461538461
2 0.16706730769230768 0.296875 0.0889423076923077 0.07211538461538461
2 0.4170673076923077 0.34375 0.0985576923076923 0.08173076923076923
2 0.18028846153846154 0.4050480769230769 0.09375 0.07451923076923077
2 0.3112980769230769 0.4963942307692308 0.0985576923076923 0.07932692307692307
2 0.48677884615384615 0.48677884615384615 0.10096153846153846 0.08413461538461539
2 0.7668269230769231 0.6045673076923077 0.10096153846153846 0.08653846153846154