0 0.109375 0.68828125 0.10625 0.11875
0 0.1625 0.51796875 0.1015625 0.109375
0 0.26796875 0.39375 0.1015625 0.0953125
0 0.56640625 0.57265625 0.103125 0.1125
0 0.75859375 0.7578125 0.0953125 0.13125
0 0.70546875 0.4859375 0.0796875 0.0734375
0 0.5265625 0.38828125 0.078125 0.1
0 0.81328125 0.38359375 0.075 0.090625
1 0.61484375 0.7265625 0.1109375 0.1328125
1 0.396875 0.8265625 0.128125 0.165625
1 0.41328125 0.56796875 0.0921875 0.115625
1 0.35078125 0.315625 0.05625 0.0796875
1 0.653125 0.40625 0.078125 0.0765625
1 0.7484375 0.415625 0.0765625 0.0875
1 0.86953125 0.3484375 0.078125 0.0859375
1 0.68515625 0.28203125 0.0640625 0.078125
2 0.21953125 0.796875 0.109375 0.1390625
2 0.32578125 0.4859375 0.0828125 0.1015625
2 0.43125 0.36015625 0.0796875 0.0921875
2 0.48125 0.240625 0.06875 0.0703125
2 0.68828125 0.2015625 0.0578125 0.0625
2 0.77421875 0.20390625 0.0796875 0.0671875
2 0.76015625 0.26953125 0.075 0.0890625
2 0.9265625 0.53984375 0.090625 0.1109375