0 0.19831730769230768 0.3137019230769231 0.10817307692307693 0.09615384615384616
0 0.3713942307692308 0.4026442307692308 0.10576923076923077 0.09375
0 0.35096153846153844 0.5612980769230769 0.09134615384615384 0.08413461538461539
0 0.35096153846153844 0.6899038461538461 0.10096153846153846 0.09134615384615384
0 0.6358173076923077 0.5432692307692307 0.0889423076923077 0.07692307692307693
0 0.6790865384615384 0.6466346153846154 0.10336538461538461 0.08653846153846154
2 0.7103365384615384 0.578125 0.0889423076923077 0.07932692307692307
0 0.7632211538461539 0.5324519230769231 0.0889423076923077 0.07451923076923077
0 0.7427884615384616 0.47836538461538464 0.07692307692307693 0.0673076923076923
0 0.8064903846153846 0.4795673076923077 0.08413461538461539 0.07211538461538461
0 0.8137019230769231 0.3737980769230769 0.10096153846153846 0.08173076923076923
1 0.28365384615384615 0.28125 0.10096153846153846 0.09134615384615384
1 0.4891826923076923 0.21394230769230768 0.08653846153846154 0.08653846153846154
1 0.5612980769230769 0.20072115384615385 0.07932692307692307 0.07692307692307693
1 0.6730769230769231 0.20192307692307693 0.08653846153846154 0.08173076923076923
2 0.6274038461538461 0.4050480769230769 0.10576923076923077 0.09134615384615384
1 0.6778846153846154 0.33052884615384615 0.08173076923076923 0.07692307692307693
1 0.7439903846153846 0.2848557692307692 0.08173076923076923 0.07451923076923077
1 0.49038461538461536 0.44350961538461536 0.10336538461538461 0.09375
1 0.453125 0.5877403846153846 0.09134615384615384 0.09134615384615384
1 0.5564903846153846 0.6370192307692307 0.10096153846153846 0.08653846153846154
1 0.47836538461538464 0.7199519230769231 0.10576923076923077 0.08653846153846154
2 0.8040865384615384 0.17908653846153846 0.09134615384615384 0.07932692307692307
2 0.5408653846153846 0.29447115384615385 0.10096153846153846 0.08653846153846154
2 0.23076923076923078 0.3942307692307692 0.10576923076923077 0.08653846153846154
2 0.4699519230769231 0.36778846153846156 0.10096153846153846 0.08653846153846154
2 0.21514423076923078 0.4855769230769231 0.1346153846153846 0.11298076923076923
2 0.875 0.4110576923076923 0.09134615384615384 0.07692307692307693
2 0.8629807692307693 0.5420673076923077 0.09375 0.07932692307692307
2 0.8245192307692307 0.6177884615384616 0.09375 0.07932692307692307