1 0.44711538461538464 0.13942307692307693 0.037259615384615384 0.039663461538461536
2 0.49158653846153844 0.16947115384615385 0.046875 0.05048076923076923
0 0.5 0.12139423076923077 0.04567307692307692 0.04567307692307692
0 0.3233173076923077 0.2932692307692308 0.057692307692307696 0.052884615384615384
0 0.3473557692307692 0.37259615384615385 0.06009615384615385 0.06971153846153846
1 0.4951923076923077 0.6021634615384616 0.04447115384615385 0.05048076923076923
0 0.5216346153846154 0.5432692307692307 0.03485576923076923 0.04567307692307692
0 0.5396634615384616 0.5060096153846154 0.038461538461538464 0.04447115384615385
2 0.4230769230769231 0.5673076923076923 0.046875 0.04326923076923077
0 0.4423076923076923 0.5276442307692307 0.037259615384615384 0.039663461538461536
1 0.42788461538461536 0.7487980769230769 0.04567307692307692 0.04807692307692308
0 0.45913461538461536 0.6814903846153846 0.042067307692307696 0.057692307692307696
0 0.44350961538461536 0.8064903846153846 0.04807692307692308 0.06009615384615385
0 0.5661057692307693 0.6322115384615384 0.040865384615384616 0.039663461538461536
2 0.40024038461538464 0.25240384615384615 0.05048076923076923 0.046875
0 0.43509615384615385 0.1814903846153846 0.05048076923076923 0.03365384615384615
1 0.21033653846153846 0.4411057692307692 0.05889423076923077 0.057692307692307696
1 0.29086538461538464 0.4567307692307692 0.06370192307692307 0.06610576923076923
1 0.27163461538461536 0.3473557692307692 0.054086538461538464 0.056490384615384616
1 0.4519230769230769 0.11057692307692307 0.04447115384615385 0.038461538461538464
2 0.515625 0.453125 0.042067307692307696 0.046875
1 0.5492788461538461 0.4230769230769231 0.03365384615384615 0.046875
2 0.5444711538461539 0.7740384615384616 0.046875 0.0625
1 0.5637019230769231 0.7139423076923077 0.04567307692307692 0.051682692307692304
1 0.6177884615384616 0.7151442307692307 0.046875 0.051682692307692304
2 0.3737980769230769 0.21033653846153846 0.054086538461538464 0.04927884615384615
2 0.5 0.8641826923076923 0.04807692307692308 0.07932692307692307
2 0.5841346153846154 0.4735576923076923 0.04927884615384615 0.042067307692307696
2 0.5721153846153846 0.5721153846153846 0.05048076923076923 0.06009615384615385
2 0.5913461538461539 0.6730769230769231 0.040865384615384616 0.03365384615384615