2 0.75 0.15384615384615385 0.12259615384615384 0.09615384615384616
2 0.3798076923076923 0.18629807692307693 0.0985576923076923 0.08653846153846154
2 0.3137019230769231 0.3713942307692308 0.09134615384615384 0.07932692307692307
2 0.20192307692307693 0.4963942307692308 0.08173076923076923 0.07451923076923077
2 0.36538461538461536 0.5168269230769231 0.0985576923076923 0.08413461538461539
2 0.40865384615384615 0.6117788461538461 0.09615384615384616 0.07692307692307693
2 0.46875 0.6742788461538461 0.09134615384615384 0.07692307692307693
2 0.4182692307692308 0.8317307692307693 0.09134615384615384 0.06971153846153846
2 0.7764423076923077 0.6730769230769231 0.11538461538461539 0.09134615384615384
2 0.42427884615384615 0.35096153846153844 0.10096153846153846 0.09615384615384616
1 0.25600961538461536 0.23798076923076922 0.11778846153846154 0.10096153846153846
1 0.8137019230769231 0.27524038461538464 0.11538461538461539 0.10096153846153846
1 0.9110576923076923 0.5925480769230769 0.11298076923076923 0.0985576923076923
1 0.7139423076923077 0.4855769230769231 0.11778846153846154 0.10817307692307693
1 0.84375 0.49399038461538464 0.125 0.10096153846153846
1 0.8185096153846154 0.5973557692307693 0.11057692307692307 0.0985576923076923
1 0.5504807692307693 0.5745192307692307 0.10336538461538461 0.07932692307692307
1 0.3701923076923077 0.4338942307692308 0.10817307692307693 0.07932692307692307
1 0.12139423076923077 0.44711538461538464 0.11298076923076923 0.09134615384615384
1 0.28125 0.6009615384615384 0.09134615384615384 0.07451923076923077
0 0.11057692307692307 0.33653846153846156 0.11778846153846154 0.0985576923076923
0 0.234375 0.32091346153846156 0.10817307692307693 0.08413461538461539
0 0.6514423076923077 0.11177884615384616 0.13701923076923078 0.10576923076923077
0 0.09375 0.6069711538461539 0.10576923076923077 0.0889423076923077
0 0.27884615384615385 0.7115384615384616 0.0985576923076923 0.08413461538461539
0 0.37740384615384615 0.7716346153846154 0.09375 0.07932692307692307
0 0.8485576923076923 0.7572115384615384 0.12259615384615384 0.10096153846153846
0 0.8822115384615384 0.6730769230769231 0.10096153846153846 0.09134615384615384
0 0.859375 0.39302884615384615 0.11057692307692307 0.0985576923076923
0 0.7103365384615384 0.3713942307692308 0.11778846153846154 0.11538461538461539