1 0.37740384615384615 0.29086538461538464 0.10096153846153846 0.07932692307692307
1 0.2776442307692308 0.25841346153846156 0.10096153846153846 0.0625
1 0.6574519230769231 0.26322115384615385 0.07932692307692307 0.07211538461538461
1 0.5456730769230769 0.6057692307692307 0.08173076923076923 0.06971153846153846
1 0.4074519230769231 0.6165865384615384 0.09615384615384616 0.0625
1 0.5444711538461539 0.5108173076923077 0.08173076923076923 0.06490384615384616
1 0.6286057692307693 0.5408653846153846 0.0673076923076923 0.0625
1 0.6466346153846154 0.6021634615384616 0.07692307692307693 0.0625
0 0.7127403846153846 0.546875 0.06490384615384616 0.06009615384615385
1 0.7896634615384616 0.5480769230769231 0.06490384615384616 0.057692307692307696
1 0.8317307692307693 0.4795673076923077 0.07451923076923077 0.06009615384615385
2 0.4987980769230769 0.2776442307692308 0.10096153846153846 0.06490384615384616
2 0.28125 0.5697115384615384 0.09134615384615384 0.07692307692307693
2 0.8557692307692307 0.35336538461538464 0.0673076923076923 0.0673076923076923
2 0.7367788461538461 0.3389423076923077 0.08173076923076923 0.0625
2 0.609375 0.4014423076923077 0.08653846153846154 0.0625
2 0.4483173076923077 0.45913461538461536 0.08413461538461539 0.06971153846153846
2 0.3245192307692308 0.49278846153846156 0.0985576923076923 0.07211538461538461
2 0.5480769230769231 0.7103365384615384 0.08173076923076923 0.07211538461538461
2 0.6911057692307693 0.7175480769230769 0.06971153846153846 0.055288461538461536
2 0.8569711538461539 0.7235576923076923 0.0625 0.057692307692307696
0 0.5120192307692307 0.36899038461538464 0.09134615384615384 0.07932692307692307
0 0.7055288461538461 0.4230769230769231 0.08173076923076923 0.0673076923076923
0 0.8822115384615384 0.41586538461538464 0.08173076923076923 0.06490384615384616
0 0.8786057692307693 0.5600961538461539 0.06971153846153846 0.0625
0 0.7403846153846154 0.6454326923076923 0.07932692307692307 0.0673076923076923
0 0.8052884615384616 0.6502403846153846 0.06009615384615385 0.06971153846153846
0 0.38461538461538464 0.7103365384615384 0.09375 0.0673076923076923
0 0.46153846153846156 0.7367788461538461 0.07692307692307693 0.0625
0 0.7355769230769231 0.7632211538461539 0.07211538461538461 0.055288461538461536