2 0.85859375 0.31875 0.1625 0.13125
2 0.71953125 0.41015625 0.134375 0.109375
2 0.88046875 0.634375 0.1390625 0.10625
2 0.48984375 0.54375 0.1171875 0.0921875
2 0.425 0.39765625 0.1484375 0.13125
2 0.16640625 0.35546875 0.15 0.1296875
2 0.58515625 0.340625 0.140625 0.0953125
1 0.67265625 0.18125 0.1625 0.128125
1 0.64609375 0.271875 0.125 0.0828125
1 0.29765625 0.50078125 0.1328125 0.109375
1 0.58515625 0.4140625 0.121875 0.0796875
1 0.659375 0.82265625 0.109375 0.1
1 0.359375 0.715625 0.1265625 0.1015625
0 0.2875 0.38046875 0.13125 0.1140625
0 0.6 0.50390625 0.13125 0.1109375
0 0.78203125 0.52421875 0.13125 0.1078125
0 0.7375 0.6625 0.1609375 0.1125
0 0.5859375 0.63828125 0.153125 0.1125
0 0.553125 0.815625 0.121875 0.1109375
0 0.46015625 0.803125 0.1390625 0.121875
1 0.9203125 0.5359375 0.1390625 0.1078125