0 0.8209134615384616 0.21033653846153846 0.0625 0.06490384615384616
0 0.7524038461538461 0.21394230769230768 0.07692307692307693 0.06971153846153846
0 0.6490384615384616 0.16826923076923078 0.08653846153846154 0.051682692307692304
0 0.35336538461538464 0.20192307692307693 0.09735576923076923 0.06129807692307692
0 0.33533653846153844 0.36538461538461536 0.08173076923076923 0.06490384615384616
0 0.6586538461538461 0.44711538461538464 0.07932692307692307 0.0673076923076923
0 0.4879807692307692 0.46153846153846156 0.08653846153846154 0.06129807692307692
0 0.6850961538461539 0.5793269230769231 0.08533653846153846 0.0625
0 0.7920673076923077 0.5600961538461539 0.0733173076923077 0.057692307692307696
0 0.5372596153846154 0.6213942307692307 0.08173076923076923 0.06370192307692307
1 0.41586538461538464 0.12139423076923077 0.10336538461538461 0.07572115384615384
1 0.5396634615384616 0.1045673076923077 0.07692307692307693 0.06490384615384616
1 0.5144230769230769 0.16826923076923078 0.07692307692307693 0.057692307692307696
1 0.46033653846153844 0.23197115384615385 0.09615384615384616 0.06850961538461539
1 0.6105769230769231 0.2980769230769231 0.07692307692307693 0.051682692307692304
1 0.5108173076923077 0.3088942307692308 0.07451923076923077 0.06850961538461539
1 0.33052884615384615 0.484375 0.08774038461538461 0.06850961538461539
1 0.47596153846153844 0.6766826923076923 0.0889423076923077 0.0673076923076923
1 0.7151442307692307 0.375 0.07932692307692307 0.06610576923076923
1 0.6262019230769231 0.5432692307692307 0.0625 0.054086538461538464
2 0.28966346153846156 0.27283653846153844 0.09014423076923077 0.06009615384615385
2 0.4074519230769231 0.30528846153846156 0.09615384615384616 0.06370192307692307
2 0.5877403846153846 0.22956730769230768 0.08533653846153846 0.06009615384615385
2 0.6983173076923077 0.265625 0.0889423076923077 0.054086538461538464
2 0.8028846153846154 0.3076923076923077 0.07211538461538461 0.056490384615384616
2 0.5829326923076923 0.38100961538461536 0.08173076923076923 0.06370192307692307
2 0.8040865384615384 0.40625 0.07692307692307693 0.056490384615384616
2 0.6971153846153846 0.5048076923076923 0.08052884615384616 0.06129807692307692
2 0.5396634615384616 0.5180288461538461 0.0829326923076923 0.06490384615384616
2 0.30288461538461536 0.6586538461538461 0.08413461538461539 0.0673076923076923