2 0.77421875 0.525 0.0953125 0.1109375
2 0.653125 0.484375 0.084375 0.0984375
2 0.62578125 0.38984375 0.0875 0.0921875
2 0.45234375 0.25078125 0.090625 0.1125
2 0.31953125 0.62265625 0.090625 0.115625
2 0.27578125 0.55625 0.078125 0.0890625
2 0.4609375 0.7015625 0.0875 0.1140625
2 0.51640625 0.7734375 0.0734375 0.090625
1 0.51015625 0.30078125 0.0859375 0.1015625
1 0.3515625 0.32890625 0.0890625 0.1046875
1 0.61171875 0.23203125 0.09375 0.1125
1 0.53046875 0.5609375 0.0921875 0.096875
1 0.5421875 0.64765625 0.084375 0.0984375
1 0.39921875 0.4734375 0.096875 0.1015625
1 0.28359375 0.8015625 0.103125 0.109375
1 0.665625 0.7890625 0.0953125 0.10625
0 0.56875 0.78515625 0.0796875 0.1
0 0.45859375 0.84140625 0.096875 0.103125
0 0.62265625 0.66328125 0.1109375 0.1265625
0 0.65 0.5703125 0.084375 0.0921875
0 0.5875 0.4890625 0.0828125 0.1015625
0 0.48046875 0.43828125 0.0953125 0.10625
0 0.4015625 0.66484375 0.08125 0.1046875
0 0.7328125 0.37265625 0.08125 0.1