0 0.7752403846153846 0.1502403846153846 0.07692307692307693 0.07932692307692307
0 0.7055288461538461 0.1658653846153846 0.09134615384615384 0.08653846153846154
0 0.5913461538461539 0.140625 0.0985576923076923 0.06971153846153846
0 0.3004807692307692 0.23317307692307693 0.11057692307692307 0.08173076923076923
0 0.3137019230769231 0.4014423076923077 0.09615384615384616 0.08173076923076923
0 0.65625 0.421875 0.09375 0.08413461538461539
0 0.48677884615384615 0.4699519230769231 0.10096153846153846 0.07932692307692307
0 0.7103365384615384 0.5492788461538461 0.0985576923076923 0.07932692307692307
0 0.8137019230769231 0.5096153846153846 0.08653846153846154 0.07451923076923077
0 0.5685096153846154 0.6225961538461539 0.09615384615384616 0.08173076923076923
1 0.34615384615384615 0.13942307692307693 0.11778846153846154 0.09615384615384616
1 0.46875 0.09735576923076923 0.09134615384615384 0.08173076923076923
1 0.45552884615384615 0.16826923076923078 0.09134615384615384 0.07211538461538461
1 0.41346153846153844 0.24158653846153846 0.11057692307692307 0.0889423076923077
1 0.578125 0.2800480769230769 0.0889423076923077 0.0673076923076923
1 0.47836538461538464 0.3088942307692308 0.0889423076923077 0.08413461538461539
1 0.3317307692307692 0.5240384615384616 0.10096153846153846 0.08653846153846154
1 0.515625 0.6887019230769231 0.10336538461538461 0.08413461538461539
1 0.6995192307692307 0.33774038461538464 0.09375 0.08173076923076923
1 0.6418269230769231 0.5252403846153846 0.07451923076923077 0.0673076923076923
2 0.24879807692307693 0.3173076923076923 0.10336538461538461 0.07692307692307693
2 0.3737980769230769 0.32572115384615385 0.10817307692307693 0.08173076923076923
2 0.5420673076923077 0.21514423076923078 0.0985576923076923 0.07692307692307693
2 0.6622596153846154 0.22956730769230768 0.10096153846153846 0.07211538461538461
2 0.7752403846153846 0.2512019230769231 0.08413461538461539 0.06971153846153846
2 0.5673076923076923 0.36899038461538464 0.09615384615384616 0.08173076923076923
2 0.7956730769230769 0.35216346153846156 0.0889423076923077 0.07211538461538461
2 0.7079326923076923 0.4723557692307692 0.09375 0.07692307692307693
2 0.5492788461538461 0.5168269230769231 0.0985576923076923 0.08173076923076923
2 0.33774038461538464 0.7055288461538461 0.0985576923076923 0.08413461538461539