1 0.640625 0.62734375 0.128125 0.103125
1 0.190625 0.55 0.16875 0.1078125
1 0.4265625 0.87578125 0.1546875 0.121875
1 0.61640625 0.28828125 0.175 0.1453125
1 0.6109375 0.15390625 0.1515625 0.1203125
2 0.7703125 0.27265625 0.153125 0.1046875
2 0.7671875 0.3984375 0.16875 0.1234375
2 0.51953125 0.534375 0.15625 0.1109375
2 0.4 0.4328125 0.1609375 0.109375
2 0.7375 0.73203125 0.1546875 0.121875
0 0.71875 0.85703125 0.1703125 0.13125
0 0.51875 0.7515625 0.190625 0.146875
0 0.4515625 0.23984375 0.175 0.134375
0 0.28046875 0.30078125 0.175 0.1359375
0 0.6921875 0.50546875 0.1625 0.09375