2 0.5733173076923077 0.30408653846153844 0.06971153846153846 0.06009615384615385
2 0.7644230769230769 0.2824519230769231 0.07932692307692307 0.057692307692307696
2 0.828125 0.43028846153846156 0.07211538461538461 0.052884615384615384
2 0.6742788461538461 0.5540865384615384 0.06971153846153846 0.052884615384615384
2 0.5925480769230769 0.5997596153846154 0.07692307692307693 0.057692307692307696
2 0.6706730769230769 0.6622596153846154 0.06971153846153846 0.0625
2 0.5264423076923077 0.8064903846153846 0.07211538461538461 0.06971153846153846
2 0.4699519230769231 0.3581730769230769 0.07451923076923077 0.0673076923076923
2 0.3629807692307692 0.2860576923076923 0.07211538461538461 0.06009615384615385
2 0.27163461538461536 0.31850961538461536 0.08413461538461539 0.07211538461538461
1 0.5168269230769231 0.5012019230769231 0.07451923076923077 0.07451923076923077
1 0.44711538461538464 0.4951923076923077 0.0673076923076923 0.06009615384615385
1 0.2800480769230769 0.4639423076923077 0.08173076923076923 0.06009615384615385
1 0.28365384615384615 0.5588942307692307 0.08653846153846154 0.0673076923076923
1 0.4411057692307692 0.6117788461538461 0.07692307692307693 0.07451923076923077
1 0.6550480769230769 0.5012019230769231 0.06490384615384616 0.05048076923076923
1 0.8786057692307693 0.49278846153846156 0.07211538461538461 0.055288461538461536
1 0.6826923076923077 0.23557692307692307 0.07211538461538461 0.057692307692307696
1 0.6706730769230769 0.16466346153846154 0.07451923076923077 0.057692307692307696
1 0.796875 0.35096153846153844 0.07932692307692307 0.055288461538461536
0 0.7067307692307693 0.43990384615384615 0.06971153846153846 0.05048076923076923
0 0.6358173076923077 0.3942307692307692 0.0673076923076923 0.057692307692307696
0 0.7560096153846154 0.6382211538461539 0.08413461538461539 0.052884615384615384
0 0.5865384615384616 0.7704326923076923 0.06971153846153846 0.057692307692307696
0 0.33533653846153844 0.7235576923076923 0.09375 0.06971153846153846
0 0.36778846153846156 0.4266826923076923 0.08413461538461539 0.07211538461538461
0 0.4050480769230769 0.2127403846153846 0.07211538461538461 0.057692307692307696
0 0.44471153846153844 0.17668269230769232 0.07451923076923077 0.06490384615384616
0 0.4699519230769231 0.125 0.08173076923076923 0.057692307692307696
0 0.5865384615384616 0.18269230769230768 0.08653846153846154 0.06971153846153846