2 0.9086538461538461 0.21514423076923078 0.078125 0.06971153846153846
2 0.8461538461538461 0.28966346153846156 0.07211538461538461 0.06850961538461539
2 0.4855769230769231 0.35096153846153844 0.08173076923076923 0.057692307692307696
2 0.5276442307692307 0.4795673076923077 0.0733173076923077 0.056490384615384616
2 0.4951923076923077 0.5649038461538461 0.056490384615384616 0.052884615384615384
2 0.21153846153846154 0.3557692307692308 0.0733173076923077 0.06971153846153846
2 0.11057692307692307 0.5024038461538461 0.1045673076923077 0.078125
2 0.3233173076923077 0.5516826923076923 0.07932692307692307 0.057692307692307696
2 0.43149038461538464 0.5132211538461539 0.06370192307692307 0.06370192307692307
2 0.7259615384615384 0.7776442307692307 0.09014423076923077 0.06850961538461539
0 0.24158653846153846 0.27283653846153844 0.08774038461538461 0.055288461538461536
0 0.4579326923076923 0.27163461538461536 0.07692307692307693 0.06009615384615385
0 0.4723557692307692 0.4182692307692308 0.06610576923076923 0.04807692307692308
0 0.21754807692307693 0.5853365384615384 0.078125 0.057692307692307696
0 0.33052884615384615 0.6358173076923077 0.07091346153846154 0.05889423076923077
0 0.41466346153846156 0.65625 0.08173076923076923 0.06129807692307692
0 0.7800480769230769 0.32211538461538464 0.07451923076923077 0.07211538461538461
0 0.7764423076923077 0.40024038461538464 0.08413461538461539 0.06610576923076923
0 0.8617788461538461 0.4387019230769231 0.07932692307692307 0.06370192307692307
0 0.8461538461538461 0.7067307692307693 0.08533653846153846 0.06370192307692307
1 0.34975961538461536 0.28966346153846156 0.06490384615384616 0.056490384615384616
1 0.09134615384615384 0.40625 0.0829326923076923 0.06370192307692307
1 0.36778846153846156 0.3605769230769231 0.0733173076923077 0.046875
1 0.3269230769230769 0.4375 0.09014423076923077 0.06490384615384616
1 0.2127403846153846 0.4699519230769231 0.09735576923076923 0.06610576923076923
1 0.7451923076923077 0.5697115384615384 0.078125 0.0673076923076923
1 0.7872596153846154 0.6298076923076923 0.08173076923076923 0.06610576923076923
1 0.734375 0.7103365384615384 0.07692307692307693 0.07451923076923077
1 0.8413461538461539 0.5625 0.08173076923076923 0.06971153846153846
1 0.8930288461538461 0.5060096153846154 0.078125 0.06129807692307692