2 0.3921875 0.4703125 0.078125 0.065625
2 0.4546875 0.51015625 0.0734375 0.0796875
2 0.2296875 0.5875 0.0859375 0.09375
2 0.2984375 0.62734375 0.0875 0.084375
2 0.39375 0.54921875 0.078125 0.053125
2 0.31328125 0.4953125 0.0640625 0.0625
2 0.67890625 0.6109375 0.090625 0.059375
2 0.7671875 0.61484375 0.059375 0.059375
1 0.1046875 0.55390625 0.0828125 0.084375
1 0.20859375 0.49140625 0.0671875 0.06875
1 0.26875 0.46953125 0.05 0.05
1 0.60703125 0.5484375 0.05625 0.0578125
1 0.71640625 0.69765625 0.075 0.071875
1 0.58828125 0.6359375 0.0625 0.059375
1 0.8390625 0.6953125 0.065625 0.0640625
1 0.87734375 0.65390625 0.05625 0.059375
0 0.81640625 0.646875 0.0671875 0.0546875
0 0.63046875 0.68984375 0.0890625 0.0796875
0 0.709375 0.57265625 0.0703125 0.0625
0 0.559375 0.59296875 0.05625 0.0578125
0 0.5609375 0.53671875 0.034375 0.0546875
0 0.35859375 0.58515625 0.0703125 0.05625
0 0.2375 0.53046875 0.059375 0.053125
0 0.13515625 0.471875 0.0890625 0.08125