0 0.5913461538461539 0.11778846153846154 0.08413461538461539 0.06490384615384616
0 0.7019230769230769 0.23677884615384615 0.0889423076923077 0.07932692307692307
0 0.6045673076923077 0.25240384615384615 0.10576923076923077 0.07451923076923077
0 0.265625 0.18870192307692307 0.07932692307692307 0.06971153846153846
0 0.18990384615384615 0.22235576923076922 0.0985576923076923 0.0673076923076923
0 0.8221153846153846 0.34975961538461536 0.0985576923076923 0.08653846153846154
0 0.5817307692307693 0.3858173076923077 0.09615384615384616 0.07692307692307693
0 0.8413461538461539 0.5444711538461539 0.10096153846153846 0.08413461538461539
0 0.5901442307692307 0.5240384615384616 0.11298076923076923 0.0889423076923077
0 0.35216346153846156 0.5901442307692307 0.11538461538461539 0.09375
2 0.14903846153846154 0.4543269230769231 0.09375 0.07932692307692307
2 0.0985576923076923 0.37740384615384615 0.0889423076923077 0.07692307692307693
2 0.7668269230769231 0.140625 0.10336538461538461 0.08173076923076923
2 0.5372596153846154 0.16826923076923078 0.10576923076923077 0.08173076923076923
2 0.3641826923076923 0.20673076923076922 0.0889423076923077 0.06971153846153846
2 0.26802884615384615 0.4891826923076923 0.09375 0.08173076923076923
2 0.47115384615384615 0.5612980769230769 0.09615384615384616 0.07211538461538461
2 0.6358173076923077 0.6322115384615384 0.10817307692307693 0.07451923076923077
2 0.8137019230769231 0.6213942307692307 0.11778846153846154 0.08653846153846154
2 0.35096153846153844 0.6983173076923077 0.10096153846153846 0.07932692307692307
1 0.4963942307692308 0.3173076923076923 0.0985576923076923 0.08413461538461539
1 0.36538461538461536 0.32091346153846156 0.09615384615384616 0.08413461538461539
1 0.21394230769230768 0.3233173076923077 0.10576923076923077 0.07211538461538461
1 0.37259615384615385 0.43028846153846156 0.10096153846153846 0.07932692307692307
1 0.47596153846153844 0.3942307692307692 0.10336538461538461 0.08413461538461539
1 0.6802884615384616 0.3737980769230769 0.09615384615384616 0.0889423076923077
1 0.7560096153846154 0.4579326923076923 0.11057692307692307 0.0985576923076923
1 0.5408653846153846 0.7271634615384616 0.1201923076923077 0.10096153846153846
1 0.2127403846153846 0.6730769230769231 0.09615384615384616 0.08413461538461539
1 0.10817307692307693 0.7019230769230769 0.09375 0.07211538461538461