2 0.7734375 0.4671875 0.07734375 0.09765625
2 0.646875 0.453125 0.06796875 0.08671875
2 0.6 0.36640625 0.07265625 0.07890625
2 0.4015625 0.26640625 0.071875 0.09921875
2 0.34921875 0.6578125 0.07109375 0.103125
2 0.2921875 0.6015625 0.0625 0.078125
2 0.50390625 0.70546875 0.06796875 0.1015625
2 0.57265625 0.7640625 0.0578125 0.08046875
1 0.46875 0.303125 0.06953125 0.0890625
1 0.31953125 0.36328125 0.07109375 0.0921875
1 0.55390625 0.21484375 0.075 0.09921875
1 0.5421875 0.553125 0.07734375 0.0828125
1 0.571875 0.6359375 0.06796875 0.08671875
1 0.39609375 0.49453125 0.08046875 0.0859375
1 0.35078125 0.83984375 0.08515625 0.09375
1 0.721875 0.7484375 0.07734375 0.09140625
0 0.6265625 0.76484375 0.06328125 0.0890625
0 0.53046875 0.8421875 0.08046875 0.08828125
0 0.65390625 0.634375 0.08984375 0.11015625
0 0.6609375 0.5375 0.06875 0.07890625
0 0.58359375 0.47109375 0.065625 0.08984375
0 0.46796875 0.44375 0.078125 0.0921875
0 0.43828125 0.68125 0.06328125 0.09375
0 0.7015625 0.32734375 0.0640625 0.0890625