0 0.23076923076923078 0.46274038461538464 0.08173076923076923 0.06971153846153846
0 0.22596153846153846 0.6334134615384616 0.07211538461538461 0.06009615384615385
0 0.41947115384615385 0.4963942307692308 0.0625 0.052884615384615384
0 0.3894230769230769 0.4411057692307692 0.07451923076923077 0.057692307692307696
0 0.3425480769230769 0.3269230769230769 0.07211538461538461 0.06009615384615385
0 0.5096153846153846 0.4266826923076923 0.08173076923076923 0.06009615384615385
0 0.6262019230769231 0.4266826923076923 0.08173076923076923 0.0673076923076923
1 0.8173076923076923 0.3629807692307692 0.10336538461538461 0.06971153846153846
0 0.7247596153846154 0.30288461538461536 0.08653846153846154 0.0625
0 0.6009615384615384 0.2932692307692308 0.08653846153846154 0.0625
0 0.41225961538461536 0.30408653846153844 0.07211538461538461 0.057692307692307696
1 0.49399038461538464 0.2668269230769231 0.07692307692307693 0.06490384615384616
1 0.2644230769230769 0.3293269230769231 0.07692307692307693 0.07211538461538461
1 0.5132211538461539 0.5060096153846154 0.08413461538461539 0.06971153846153846
1 0.7151442307692307 0.5096153846153846 0.09615384615384616 0.06490384615384616
1 0.8882211538461539 0.5168269230769231 0.0889423076923077 0.07211538461538461
2 0.4543269230769231 0.5901442307692307 0.07211538461538461 0.06490384615384616
1 0.375 0.5853365384615384 0.06971153846153846 0.06009615384615385
1 0.5048076923076923 0.7824519230769231 0.0889423076923077 0.06009615384615385
1 0.2824519230769231 0.5516826923076923 0.07692307692307693 0.06490384615384616
1 0.33774038461538464 0.5324519230769231 0.07692307692307693 0.055288461538461536
2 0.6021634615384616 0.2127403846153846 0.0889423076923077 0.06490384615384616
2 0.5180288461538461 0.17067307692307693 0.0889423076923077 0.0625
2 0.7836538461538461 0.19831730769230768 0.09615384615384616 0.07451923076923077
2 0.5204326923076923 0.3401442307692308 0.08653846153846154 0.06490384615384616
2 0.8161057692307693 0.4495192307692308 0.0985576923076923 0.06971153846153846
2 0.671875 0.6634615384615384 0.08173076923076923 0.07451923076923077
2 0.5721153846153846 0.6814903846153846 0.08653846153846154 0.06971153846153846
2 0.33774038461538464 0.6598557692307693 0.0889423076923077 0.0673076923076923
2 0.6105769230769231 0.5264423076923077 0.08413461538461539 0.06971153846153846