0 0.2439903846153846 0.26802884615384615 0.09615384615384616 0.08413461538461539
0 0.5036057692307693 0.4326923076923077 0.07692307692307693 0.08173076923076923
0 0.43509615384615385 0.5889423076923077 0.0889423076923077 0.08413461538461539
0 0.5588942307692307 0.5913461538461539 0.09375 0.07692307692307693
0 0.34134615384615385 0.6153846153846154 0.0985576923076923 0.07932692307692307
0 0.45072115384615385 0.6875 0.09375 0.08413461538461539
0 0.47596153846153844 0.8112980769230769 0.09615384615384616 0.08413461538461539
0 0.3389423076923077 0.7439903846153846 0.08653846153846154 0.07692307692307693
0 0.24278846153846154 0.6935096153846154 0.09375 0.07211538461538461
0 0.06971153846153846 0.5829326923076923 0.07451923076923077 0.0625
2 0.3762019230769231 0.2824519230769231 0.11298076923076923 0.0889423076923077
2 0.35336538461538464 0.4026442307692308 0.10096153846153846 0.07692307692307693
2 0.42908653846153844 0.46634615384615385 0.09615384615384616 0.08413461538461539
2 0.12620192307692307 0.4483173076923077 0.09134615384615384 0.07692307692307693
2 0.24278846153846154 0.5769230769230769 0.11057692307692307 0.09375
2 0.5661057692307693 0.7007211538461539 0.10096153846153846 0.08413461538461539
1 0.17067307692307693 0.7295673076923077 0.08653846153846154 0.08413461538461539
2 0.17427884615384615 0.6550480769230769 0.08173076923076923 0.0625
2 0.06009615384615385 0.6502403846153846 0.08413461538461539 0.06971153846153846
2 0.16706730769230768 0.8149038461538461 0.0889423076923077 0.07211538461538461
2 0.296875 0.8293269230769231 0.09615384615384616 0.08653846153846154
1 0.13341346153846154 0.3161057692307692 0.09134615384615384 0.07451923076923077
1 0.5288461538461539 0.3401442307692308 0.11298076923076923 0.09615384615384616
1 0.7115384615384616 0.49278846153846156 0.10336538461538461 0.08413461538461539
1 0.6310096153846154 0.5528846153846154 0.10096153846153846 0.08413461538461539
1 0.33774038461538464 0.5168269230769231 0.0889423076923077 0.07932692307692307
1 0.24158653846153846 0.45552884615384615 0.09134615384615384 0.08653846153846154
1 0.11658653846153846 0.5180288461538461 0.08173076923076923 0.0673076923076923
1 0.7043269230769231 0.6394230769230769 0.10576923076923077 0.0889423076923077
1 0.2980769230769231 0.9146634615384616 0.08413461538461539 0.07211538461538461