1 0.65546875 0.07265625 0.1828125 0.1234375
1 0.3015625 0.23046875 0.14375 0.1328125
1 0.19375 0.58125 0.1703125 0.13125
1 0.684375 0.784375 0.1328125 0.1140625
1 0.4765625 0.84921875 0.1390625 0.1140625
1 0.89140625 0.48984375 0.11875 0.1140625
1 0.38125 0.40078125 0.1484375 0.11875
2 0.809375 0.34453125 0.1265625 0.11875
2 0.71796875 0.2609375 0.115625 0.0859375
2 0.47734375 0.24921875 0.146875 0.1109375
2 0.3375 0.49921875 0.159375 0.13125
2 0.55703125 0.653125 0.14375 0.125
2 0.82734375 0.6703125 0.15 0.1109375
2 0.42109375 0.72578125 0.153125 0.134375
0 0.66484375 0.5625 0.1484375 0.115625
0 0.5171875 0.5234375 0.171875 0.1453125
0 0.75390625 0.44609375 0.1390625 0.121875
0 0.61796875 0.4015625 0.1453125 0.128125
0 0.2625 0.70078125 0.1578125 0.13125
0 0.34921875 0.8625 0.1515625 0.1296875
0 0.65390625 0.18125 0.15 0.1125