2 0.13942307692307693 0.057692307692307696 0.11778846153846154 0.10096153846153846
2 0.2848557692307692 0.055288461538461536 0.15144230769230768 0.11057692307692307
2 0.125 0.265625 0.12980769230769232 0.11538461538461539
2 0.2548076923076923 0.32091346153846156 0.1346153846153846 0.10576923076923077
2 0.24519230769230768 0.5204326923076923 0.12980769230769232 0.09615384615384616
2 0.6165865384615384 0.38341346153846156 0.07932692307692307 0.0673076923076923
2 0.8040865384615384 0.4879807692307692 0.11538461538461539 0.08173076923076923
0 0.7776442307692307 0.40024038461538464 0.10817307692307693 0.07692307692307693
2 0.71875 0.3293269230769231 0.09615384615384616 0.07692307692307693
2 0.8581730769230769 0.34134615384615385 0.10336538461538461 0.09134615384615384
2 0.9098557692307693 0.11658653846153846 0.11298076923076923 0.09615384615384616
1 0.27884615384615385 0.18990384615384615 0.1466346153846154 0.11778846153846154
1 0.0985576923076923 0.5072115384615384 0.11298076923076923 0.0985576923076923
1 0.09014423076923077 0.7572115384615384 0.12980769230769232 0.10096153846153846
1 0.20673076923076922 0.8016826923076923 0.11538461538461539 0.11538461538461539
1 0.21995192307692307 0.4387019230769231 0.11538461538461539 0.09375
1 0.671875 0.5372596153846154 0.09615384615384616 0.07692307692307693
1 0.9182692307692307 0.25841346153846156 0.10817307692307693 0.08173076923076923
1 0.7524038461538461 0.06490384615384616 0.10096153846153846 0.07211538461538461
0 0.15144230769230768 0.1622596153846154 0.12740384615384615 0.10096153846153846
0 0.11658653846153846 0.39783653846153844 0.12740384615384615 0.11778846153846154
0 0.3317307692307692 0.41947115384615385 0.12259615384615384 0.11538461538461539
0 0.1201923076923077 0.6177884615384616 0.11057692307692307 0.0985576923076923
0 0.23076923076923078 0.6634615384615384 0.1466346153846154 0.11057692307692307
0 0.5877403846153846 0.4855769230769231 0.08653846153846154 0.07211538461538461
0 0.5336538461538461 0.3269230769230769 0.09615384615384616 0.07451923076923077
0 0.7536057692307693 0.16947115384615385 0.10576923076923077 0.08413461538461539
0 0.7788461538461539 0.24759615384615385 0.10817307692307693 0.08173076923076923