2 0.5921875 0.796875 0.146875 0.128125
2 0.73359375 0.69921875 0.1546875 0.115625
2 0.50703125 0.71640625 0.178125 0.1375
2 0.3609375 0.59453125 0.1625 0.1140625
2 0.33359375 0.496875 0.153125 0.1203125
2 0.26640625 0.36875 0.16875 0.1296875
2 0.45546875 0.3265625 0.1578125 0.109375
1 0.88828125 0.61875 0.1328125 0.109375
1 0.7625 0.57109375 0.121875 0.096875
1 0.6375 0.6046875 0.140625 0.103125
1 0.4890625 0.6078125 0.11875 0.0984375
1 0.13828125 0.546875 0.1421875 0.121875
1 0.18046875 0.66015625 0.1578125 0.1140625
1 0.321875 0.21015625 0.165625 0.1296875
0 0.31953125 0.78359375 0.15625 0.134375
0 0.50625 0.47421875 0.15 0.1265625
0 0.6921875 0.45546875 0.1515625 0.1109375
0 0.84453125 0.45625 0.13125 0.109375
0 0.8203125 0.3328125 0.1609375 0.13125
0 0.6515625 0.3359375 0.1359375 0.115625
0 0.56953125 0.19140625 0.1671875 0.1296875