1 0.86484375 0.5703125 0.10625 0.103125
1 0.50078125 0.75546875 0.1234375 0.1015625
1 0.27109375 0.62578125 0.1640625 0.10625
1 0.096875 0.57578125 0.1796875 0.128125
1 0.8109375 0.42109375 0.1046875 0.0875
1 0.7265625 0.3296875 0.1328125 0.090625
1 0.44921875 0.2796875 0.1375 0.1171875
0 0.896875 0.4125 0.09375 0.0921875
0 0.78515625 0.5015625 0.1375 0.0859375
0 0.53125 0.5796875 0.1484375 0.103125
0 0.565625 0.4890625 0.1546875 0.10625
0 0.35390625 0.484375 0.18125 0.128125
0 0.5375 0.3734375 0.15625 0.1015625
0 0.46484375 0.146875 0.1484375 0.0984375
2 0.64765625 0.73984375 0.115625 0.0921875
2 0.6734375 0.6328125 0.1265625 0.115625
2 0.57578125 0.221875 0.1578125 0.121875
2 0.14921875 0.26875 0.178125 0.1296875
2 0.3265625 0.78828125 0.1671875 0.11875
2 0.6984375 0.42421875 0.14375 0.09375
2 0.35703125 0.359375 0.140625 0.121875