0 0.4266826923076923 0.21754807692307693 0.11538461538461539 0.09375
0 0.296875 0.33413461538461536 0.09375 0.09375
0 0.5072115384615384 0.31490384615384615 0.10096153846153846 0.09375
0 0.8173076923076923 0.3293269230769231 0.10096153846153846 0.08653846153846154
0 0.5721153846153846 0.5420673076923077 0.0889423076923077 0.08413461538461539
0 0.26322115384615385 0.5637019230769231 0.125 0.11057692307692307
0 0.32572115384615385 0.6670673076923077 0.09375 0.08653846153846154
0 0.4170673076923077 0.7740384615384616 0.11298076923076923 0.10576923076923077
0 0.8185096153846154 0.4519230769230769 0.08173076923076923 0.07451923076923077
0 0.8173076923076923 0.5865384615384616 0.09375 0.08653846153846154
1 0.2439903846153846 0.15745192307692307 0.10096153846153846 0.0889423076923077
1 0.11899038461538461 0.265625 0.13221153846153846 0.0985576923076923
1 0.5889423076923077 0.22355769230769232 0.0889423076923077 0.08413461538461539
1 0.4050480769230769 0.4326923076923077 0.11057692307692307 0.10096153846153846
1 0.484375 0.6598557692307693 0.09375 0.08653846153846154
1 0.7043269230769231 0.7860576923076923 0.10576923076923077 0.09375
2 0.6887019230769231 0.5396634615384616 0.0985576923076923 0.08173076923076923
1 0.7199519230769231 0.4807692307692308 0.09375 0.07932692307692307
1 0.5588942307692307 0.42788461538461536 0.10576923076923077 0.09134615384615384
1 0.7379807692307693 0.3125 0.08653846153846154 0.07692307692307693
1 0.05889423076923077 0.43509615384615385 0.11778846153846154 0.09615384615384616
2 0.055288461538461536 0.36658653846153844 0.11057692307692307 0.09134615384615384
2 0.21875 0.35216346153846156 0.11057692307692307 0.08653846153846154
2 0.15625 0.5180288461538461 0.11057692307692307 0.10096153846153846
2 0.4050480769230769 0.578125 0.11778846153846154 0.0985576923076923
2 0.25 0.6466346153846154 0.1201923076923077 0.09134615384615384
2 0.6466346153846154 0.3137019230769231 0.0985576923076923 0.08413461538461539
2 0.6045673076923077 0.625 0.11778846153846154 0.10096153846153846
2 0.8713942307692307 0.515625 0.09375 0.07692307692307693
2 0.7331730769230769 0.7019230769230769 0.0889423076923077 0.07692307692307693