0 0.45390625 0.7203125 0.1296875 0.1703125
0 0.71484375 0.71171875 0.1203125 0.153125
0 0.39296875 0.515625 0.125 0.1640625
0 0.52421875 0.26953125 0.1140625 0.159375
0 0.446875 0.1921875 0.11875 0.1515625
1 0.6703125 0.3296875 0.1125 0.1328125
1 0.60546875 0.775 0.11875 0.1765625
1 0.40703125 0.3484375 0.1234375 0.14375
1 0.23125 0.6453125 0.1421875 0.159375
1 0.20546875 0.81640625 0.125 0.1625
2 0.08828125 0.47421875 0.1484375 0.1765625
2 0.84921875 0.73203125 0.1265625 0.171875
2 0.790625 0.45234375 0.109375 0.159375
2 0.53515625 0.453125 0.1203125 0.1515625
2 0.57265625 0.0984375 0.1234375 0.14375