1 0.90859375 0.4578125 0.06875 0.0578125
1 0.7484375 0.4171875 0.0578125 0.046875
1 0.60546875 0.4109375 0.053125 0.0546875
1 0.61328125 0.35546875 0.05625 0.0515625
1 0.39609375 0.321875 0.0515625 0.0484375
1 0.2734375 0.36015625 0.0609375 0.059375
1 0.2265625 0.28671875 0.0546875 0.05
1 0.184375 0.2875 0.0453125 0.0453125
2 0.13125 0.3140625 0.0546875 0.0484375
2 0.34765625 0.346875 0.059375 0.0515625
2 0.325 0.30234375 0.0625 0.0578125
2 0.4796875 0.39140625 0.05625 0.0578125
2 0.5375 0.39296875 0.0609375 0.0625
2 0.44375 0.36015625 0.04375 0.0453125
2 0.4890625 0.3328125 0.0515625 0.053125
2 0.746875 0.38125 0.0515625 0.0421875
0 0.19921875 0.3390625 0.0484375 0.0453125
0 0.27421875 0.2796875 0.0546875 0.0453125
0 0.3953125 0.38359375 0.05625 0.0578125
0 0.546875 0.34921875 0.0546875 0.0484375
0 0.6484375 0.4328125 0.053125 0.0515625
0 0.696875 0.41015625 0.0484375 0.0453125
0 0.69453125 0.36875 0.0484375 0.0453125
0 0.85390625 0.475 0.0640625 0.053125