0 0.88359375 0.7578125 0.096875 0.1015625
0 0.75546875 0.4765625 0.0765625 0.0828125
0 0.653125 0.3796875 0.090625 0.0828125
0 0.6015625 0.409375 0.0765625 0.084375
0 0.3890625 0.52734375 0.103125 0.109375
0 0.625 0.528125 0.084375 0.0859375
0 0.38828125 0.32265625 0.0734375 0.075
0 0.13125 0.35859375 0.071875 0.0609375
1 0.2875 0.84375 0.1296875 0.1328125
1 0.73203125 0.6046875 0.0828125 0.08125
1 0.5796875 0.64765625 0.075 0.0859375
1 0.37578125 0.66328125 0.0875 0.115625
1 0.17890625 0.4 0.08125 0.0828125
1 0.4046875 0.41640625 0.0796875 0.0734375
1 0.3578125 0.37578125 0.065625 0.0671875
1 0.45546875 0.2671875 0.0765625 0.0671875
2 0.48828125 0.37265625 0.084375 0.084375
2 0.49453125 0.475 0.078125 0.0796875
2 0.45625 0.59609375 0.08125 0.096875
2 0.06171875 0.75546875 0.1234375 0.1640625
2 0.0578125 0.60390625 0.115625 0.1140625
2 0.10546875 0.46484375 0.1265625 0.1
2 0.315625 0.28671875 0.090625 0.096875
2 0.6921875 0.82421875 0.109375 0.134375