2 0.38828125 0.509375 0.075 0.0609375
2 0.4609375 0.525 0.06875 0.0765625
2 0.27578125 0.67421875 0.08125 0.0890625
2 0.3546875 0.68828125 0.084375 0.0796875
2 0.4171875 0.5828125 0.0765625 0.0484375
2 0.32265625 0.559375 0.0609375 0.059375
2 0.70546875 0.54296875 0.0890625 0.0546875
2 0.790625 0.51640625 0.05625 0.0578125
1 0.146875 0.6859375 0.078125 0.0796875
1 0.2234375 0.59140625 0.0640625 0.065625
1 0.271875 0.55 0.046875 0.0484375
1 0.6171875 0.50859375 0.053125 0.0546875
1 0.77109375 0.61171875 0.0703125 0.06875
1 0.6296875 0.59765625 0.059375 0.05625
1 0.88515625 0.5671875 0.0625 0.0609375
1 0.90703125 0.515625 0.053125 0.05625
0 0.84765625 0.5296875 0.065625 0.0515625
0 0.6875 0.63359375 0.084375 0.075
0 0.72109375 0.496875 0.0671875 0.059375
0 0.5875 0.5671875 0.053125 0.0546875
0 0.56953125 0.5140625 0.03125 0.053125
0 0.396875 0.628125 0.06875 0.0515625
0 0.26328125 0.61875 0.0578125 0.05
0 0.14765625 0.5984375 0.0859375 0.0765625