0 0.5078125 0.6625 0.08828125 0.1046875
0 0.5109375 0.803125 0.10703125 0.1078125
0 0.56796875 0.53671875 0.08828125 0.09140625
0 0.28828125 0.37890625 0.0890625 0.0828125
0 0.28125 0.46640625 0.0796875 0.08046875
0 0.20546875 0.49609375 0.0890625 0.09609375
0 0.51796875 0.2953125 0.06328125 0.0609375
0 0.446875 0.2828125 0.05703125 0.0640625
1 0.921875 0.7609375 0.134375 0.1453125
1 0.68203125 0.67890625 0.10703125 0.128125
1 0.73515625 0.39296875 0.0828125 0.0921875
1 0.64765625 0.3484375 0.06171875 0.06484375
1 0.6234375 0.29375 0.078125 0.06484375
1 0.5546875 0.43671875 0.0640625 0.06328125
1 0.5 0.3625 0.08515625 0.06953125
1 0.365625 0.80234375 0.0875 0.1390625
2 0.265625 0.728125 0.096875 0.1125
2 0.06953125 0.6140625 0.10546875 0.1
2 0.42265625 0.5453125 0.08046875 0.1
2 0.35859375 0.50625 0.06328125 0.0859375
2 0.421875 0.42578125 0.0765625 0.0828125
2 0.40234375 0.353125 0.071875 0.06953125
2 0.37578125 0.28984375 0.065625 0.0625
2 0.64921875 0.49140625 0.08359375 0.0890625