1 0.9074519230769231 0.203125 0.07692307692307693 0.06009615384615385
1 0.6310096153846154 0.13581730769230768 0.07692307692307693 0.07692307692307693
1 0.5456730769230769 0.15865384615384615 0.07451923076923077 0.07451923076923077
1 0.484375 0.3942307692307692 0.08653846153846154 0.06971153846153846
1 0.7367788461538461 0.3701923076923077 0.0673076923076923 0.052884615384615384
1 0.7896634615384616 0.40384615384615385 0.07211538461538461 0.057692307692307696
1 0.8112980769230769 0.484375 0.08653846153846154 0.06971153846153846
1 0.8581730769230769 0.4170673076923077 0.07692307692307693 0.0625
1 0.8353365384615384 0.6298076923076923 0.07211538461538461 0.06490384615384616
1 0.6033653846153846 0.7223557692307693 0.07451923076923077 0.06971153846153846
0 0.44591346153846156 0.10697115384615384 0.07932692307692307 0.0673076923076923
0 0.34134615384615385 0.13341346153846154 0.09134615384615384 0.07692307692307693
0 0.3076923076923077 0.2956730769230769 0.0889423076923077 0.06971153846153846
0 0.49399038461538464 0.2860576923076923 0.06971153846153846 0.0625
0 0.6670673076923077 0.2536057692307692 0.06971153846153846 0.0625
0 0.6213942307692307 0.46634615384615385 0.0889423076923077 0.0673076923076923
0 0.7175480769230769 0.515625 0.07211538461538461 0.057692307692307696
0 0.6081730769230769 0.5949519230769231 0.07451923076923077 0.052884615384615384
0 0.7584134615384616 0.6875 0.07451923076923077 0.0673076923076923
0 0.5492788461538461 0.8401442307692307 0.07211538461538461 0.057692307692307696
2 0.4254807692307692 0.20432692307692307 0.07211538461538461 0.06009615384615385
2 0.5673076923076923 0.27884615384615385 0.08413461538461539 0.07451923076923077
2 0.35336538461538464 0.41225961538461536 0.08173076923076923 0.06490384615384616
2 0.44591346153846156 0.4987980769230769 0.09134615384615384 0.07692307692307693
2 0.4014423076923077 0.6586538461538461 0.11778846153846154 0.0889423076923077
2 0.7091346153846154 0.3233173076923077 0.07451923076923077 0.05048076923076923
2 0.9338942307692307 0.37740384615384615 0.0673076923076923 0.06009615384615385
2 0.59375 0.5444711538461539 0.08173076923076923 0.06009615384615385
2 0.8353365384615384 0.5733173076923077 0.0673076923076923 0.05048076923076923
2 0.6610576923076923 0.8461538461538461 0.10336538461538461 0.06971153846153846