0 0.43203125 0.2640625 0.0734375 0.0671875
0 0.50234375 0.4125 0.075 0.078125
0 0.31953125 0.62421875 0.103125 0.090625
0 0.15546875 0.6421875 0.096875 0.1125
0 0.728125 0.87109375 0.115625 0.1296875
0 0.84375 0.7 0.1015625 0.1234375
0 0.60390625 0.6625 0.09375 0.11875
0 0.40390625 0.81875 0.1203125 0.13125
1 0.62109375 0.82265625 0.1046875 0.1375
1 0.31953125 0.71953125 0.096875 0.0984375
1 0.49921875 0.62578125 0.0859375 0.115625
1 0.46328125 0.5234375 0.0828125 0.090625
1 0.5828125 0.46328125 0.08125 0.084375
1 0.64765625 0.540625 0.08125 0.0875
1 0.378125 0.32421875 0.0609375 0.071875
1 0.59765625 0.3140625 0.071875 0.059375
2 0.7265625 0.4921875 0.090625 0.1
2 0.5859375 0.378125 0.075 0.0671875
2 0.4296875 0.39140625 0.0765625 0.0890625
2 0.3640625 0.43046875 0.0859375 0.071875
2 0.3 0.51015625 0.084375 0.09375
2 0.30234375 0.3546875 0.0796875 0.08125
2 0.14921875 0.453125 0.1015625 0.0828125
2 0.21640625 0.725 0.1125 0.121875