0 0.10625 0.68125 0.10390625 0.11640625
0 0.1625 0.51171875 0.1 0.1078125
0 0.26953125 0.38984375 0.1 0.09375
0 0.56484375 0.5734375 0.10078125 0.11015625
0 0.75390625 0.7625 0.09296875 0.12890625
0 0.70546875 0.48984375 0.07890625 0.07265625
0 0.528125 0.3890625 0.0765625 0.0984375
0 0.815625 0.3890625 0.0734375 0.0890625
1 0.6109375 0.72890625 0.10859375 0.13125
1 0.39140625 0.825 0.12578125 0.16328125
1 0.41171875 0.56640625 0.08984375 0.11484375
1 0.35390625 0.31328125 0.0546875 0.07890625
1 0.6546875 0.40859375 0.07734375 0.07578125
1 0.75 0.4203125 0.075 0.08671875
1 0.871875 0.3546875 0.07734375 0.08515625
1 0.6890625 0.28515625 0.06328125 0.07734375
2 0.2140625 0.7921875 0.10625 0.13671875
2 0.32578125 0.4828125 0.08125 0.1
2 0.43359375 0.35859375 0.078125 0.09140625
2 0.4859375 0.240625 0.06796875 0.06953125
2 0.69375 0.2046875 0.05703125 0.0609375
2 0.7796875 0.20859375 0.07890625 0.06640625
2 0.7640625 0.27421875 0.07421875 0.08828125
2 0.92578125 0.54765625 0.0890625 0.109375