1 0.23984375 0.82421875 0.11328125 0.165625
0 0.11171875 0.76484375 0.11953125 0.14453125
0 0.33671875 0.66328125 0.10859375 0.1265625
0 0.34453125 0.51796875 0.09296875 0.11171875
0 0.4921875 0.53984375 0.1109375 0.121875
0 0.72265625 0.153125 0.07578125 0.078125
0 0.83046875 0.28515625 0.06796875 0.053125
0 0.77265625 0.234375 0.065625 0.06171875
0 0.6390625 0.22578125 0.059375 0.06484375
1 0.48359375 0.421875 0.078125 0.09296875
1 0.534375 0.31171875 0.07109375 0.0796875
1 0.58203125 0.26484375 0.0671875 0.0671875
1 0.68203125 0.309375 0.078125 0.0703125
1 0.65625 0.3828125 0.08671875 0.09609375
1 0.6 0.46328125 0.08125 0.08671875
1 0.9203125 0.35703125 0.0796875 0.08359375
2 0.821875 0.56015625 0.10625 0.13125
2 0.63671875 0.59375 0.1078125 0.1265625
2 0.703125 0.4828125 0.090625 0.09375
2 0.76953125 0.43125 0.0859375 0.0875
2 0.79375 0.3390625 0.08359375 0.08359375
2 0.43125 0.33828125 0.07734375 0.08203125
2 0.340625 0.40390625 0.09296875 0.0796875
2 0.26328125 0.4515625 0.08671875 0.08671875