1 0.69921875 0.09140625 0.17265625 0.10546875
1 0.33046875 0.2109375 0.13125 0.11953125
1 0.18671875 0.5484375 0.159375 0.11484375
1 0.65390625 0.80234375 0.12265625 0.10234375
1 0.43984375 0.84453125 0.1296875 0.10078125
1 0.890625 0.53046875 0.1078125 0.103125
1 0.3921875 0.3890625 0.13828125 0.10546875
2 0.82421875 0.378125 0.115625 0.1078125
2 0.74140625 0.28515625 0.10859375 0.075
2 0.50390625 0.2484375 0.13671875 0.096875
2 0.33828125 0.48203125 0.1484375 0.115625
2 0.540625 0.65859375 0.1328125 0.11171875
2 0.8078125 0.70390625 0.140625 0.09609375
2 0.39765625 0.71640625 0.140625 0.1203125
0 0.65703125 0.5796875 0.13828125 0.1015625
0 0.51484375 0.525 0.15859375 0.1296875
0 0.7578125 0.47265625 0.12890625 0.109375
0 0.62734375 0.4140625 0.134375 0.11484375
0 0.24296875 0.675 0.14609375 0.1171875
0 0.3125 0.84453125 0.13984375 0.11640625
0 0.68671875 0.19921875 0.13984375 0.0984375