1 0.653125 0.61171875 0.1359375 0.115625
1 0.19765625 0.58203125 0.1765625 0.1234375
1 0.46640625 0.88125 0.1640625 0.1359375
1 0.59375 0.27734375 0.1875 0.1609375
1 0.57421875 0.14453125 0.1625 0.134375
2 0.7453125 0.24609375 0.1609375 0.1203125
2 0.7546875 0.37109375 0.1796875 0.1390625
2 0.5234375 0.53203125 0.165625 0.1265625
2 0.39375 0.44296875 0.16875 0.1234375
2 0.76015625 0.70625 0.1640625 0.1359375
0 0.75546875 0.83203125 0.18125 0.146875
0 0.54453125 0.7484375 0.203125 0.1640625
0 0.425 0.24609375 0.1859375 0.15
0 0.2609375 0.325 0.1859375 0.1515625
0 0.69140625 0.48515625 0.1703125 0.109375