0 0.81484375 0.36796875 0.1140625 0.1125
0 0.6984375 0.45546875 0.1203125 0.125
0 0.5265625 0.43828125 0.11875 0.109375
0 0.48203125 0.53828125 0.1265625 0.1265625
0 0.3734375 0.7703125 0.1359375 0.16875
0 0.18671875 0.7203125 0.1578125 0.1625
0 0.28125 0.31875 0.1 0.103125
0 0.23984375 0.26640625 0.0765625 0.0859375
2 0.18828125 0.46484375 0.121875 0.1328125
2 0.27890625 0.51015625 0.1265625 0.1296875
2 0.75703125 0.28828125 0.1015625 0.084375
2 0.68671875 0.2671875 0.090625 0.090625
2 0.853125 0.51171875 0.1359375 0.14375
2 0.64296875 0.565625 0.146875 0.1390625
2 0.41796875 0.1875 0.08125 0.0671875
2 0.453125 0.3609375 0.0921875 0.096875
1 0.38515625 0.60625 0.134375 0.140625
1 0.50546875 0.7453125 0.1578125 0.165625
1 0.6703125 0.78671875 0.14375 0.16875
1 0.76640625 0.68125 0.1578125 0.165625
1 0.6015625 0.27578125 0.0984375 0.1015625
1 0.515625 0.303125 0.096875 0.0953125
1 0.3921875 0.2609375 0.09375 0.096875
1 0.378125 0.37890625 0.1015625 0.10625