1 0.91015625 0.471875 0.06875 0.059375
1 0.7515625 0.42578125 0.0578125 0.0484375
1 0.60859375 0.41484375 0.0546875 0.05625
1 0.61796875 0.359375 0.0578125 0.053125
1 0.40234375 0.31875 0.053125 0.05
1 0.278125 0.35234375 0.0625 0.0609375
1 0.23359375 0.27734375 0.05625 0.0515625
1 0.19140625 0.2765625 0.0453125 0.0453125
2 0.1375 0.30078125 0.0546875 0.05
2 0.353125 0.34140625 0.059375 0.053125
2 0.33203125 0.29609375 0.0640625 0.059375
2 0.48359375 0.390625 0.0578125 0.059375
2 0.54140625 0.39375 0.0625 0.0640625
2 0.4484375 0.35859375 0.0453125 0.046875
2 0.49453125 0.3328125 0.053125 0.0546875
2 0.75078125 0.390625 0.0515625 0.04375
0 0.20546875 0.32890625 0.0484375 0.0453125
0 0.28203125 0.271875 0.0546875 0.046875
0 0.39921875 0.3796875 0.0578125 0.059375
0 0.55234375 0.35078125 0.05625 0.05
0 0.65078125 0.4375 0.0546875 0.0515625
0 0.69921875 0.4171875 0.0484375 0.0453125
0 0.6984375 0.37578125 0.05 0.0453125
0 0.8546875 0.4875 0.0640625 0.0546875