1 0.6703125 0.31328125 0.090625 0.078125
1 0.4828125 0.46328125 0.090625 0.0875
1 0.31640625 0.3609375 0.096875 0.0859375
1 0.22890625 0.3078125 0.08125 0.0671875
1 0.16171875 0.484375 0.103125 0.096875
1 0.07109375 0.46015625 0.103125 0.09375
1 0.803125 0.69765625 0.1296875 0.1546875
1 0.5265625 0.7609375 0.1625 0.171875
2 0.41328125 0.55 0.10625 0.11875
2 0.32421875 0.603125 0.1140625 0.1203125
2 0.20546875 0.37734375 0.1078125 0.1015625
2 0.74375 0.52890625 0.134375 0.1390625
2 0.5625 0.5578125 0.115625 0.121875
2 0.59140625 0.41015625 0.1171875 0.11875
2 0.76328125 0.33671875 0.1015625 0.103125
2 0.95078125 0.62578125 0.0984375 0.1421875
0 0.88984375 0.48515625 0.125 0.13125
0 0.45546875 0.303125 0.1109375 0.103125
0 0.42421875 0.3890625 0.0984375 0.1046875
0 0.30234375 0.503125 0.115625 0.0953125
0 0.23515625 0.66875 0.1265625 0.1359375
0 0.34609375 0.84765625 0.1359375 0.1515625
0 0.678125 0.68515625 0.1390625 0.134375
0 0.08359375 0.6015625 0.1328125 0.13125