0 0.365625 0.83203125 0.1109375 0.140625
0 0.4953125 0.7203125 0.1015625 0.0953125
0 0.5796875 0.5953125 0.0890625 0.1078125
0 0.73203125 0.67890625 0.0953125 0.1015625
0 0.7421875 0.5515625 0.10625 0.0921875
0 0.51875 0.425 0.10625 0.0828125
0 0.2828125 0.4421875 0.1 0.1046875
0 0.41875 0.2140625 0.0671875 0.0640625
2 0.2078125 0.40078125 0.0796875 0.0703125
2 0.3328125 0.609375 0.10625 0.115625
2 0.45546875 0.578125 0.0859375 0.10625
2 0.41171875 0.375 0.08125 0.0890625
2 0.309375 0.28515625 0.0796875 0.071875
2 0.521875 0.35234375 0.0671875 0.0796875
2 0.8671875 0.575 0.0875 0.115625
2 0.6875 0.4390625 0.08125 0.078125
1 0.65234375 0.3640625 0.0671875 0.0609375
1 0.59375 0.30703125 0.0703125 0.0703125
1 0.6140625 0.26796875 0.0609375 0.0546875
1 0.434375 0.290625 0.0859375 0.06875
1 0.1546875 0.6375 0.10625 0.1171875
1 0.2203125 0.53046875 0.096875 0.0859375
1 0.6296875 0.7546875 0.0953125 0.1109375
1 0.54609375 0.82421875 0.109375 0.11875