1 0.7875 0.2765625 0.0890625 0.08125
1 0.5859375 0.1734375 0.065625 0.0609375
1 0.40546875 0.27265625 0.0703125 0.065625
1 0.63828125 0.59765625 0.10625 0.121875
1 0.7140625 0.5140625 0.1203125 0.1046875
1 0.20546875 0.64765625 0.1015625 0.10625
1 0.17578125 0.46484375 0.1015625 0.0859375
1 0.31171875 0.38203125 0.078125 0.0875
2 0.2515625 0.5234375 0.1046875 0.1125
2 0.38671875 0.38125 0.0890625 0.1
2 0.44140625 0.3546875 0.0828125 0.0765625
2 0.478125 0.44140625 0.103125 0.10625
2 0.528125 0.5234375 0.10625 0.1046875
2 0.7921875 0.4203125 0.10625 0.1078125
2 0.709375 0.38515625 0.0875 0.0828125
2 0.55546875 0.24140625 0.0734375 0.0625
0 0.6875 0.4484375 0.1046875 0.0796875
0 0.57578125 0.44296875 0.0953125 0.1
0 0.5390625 0.66875 0.1265625 0.14375
0 0.2375 0.35859375 0.0828125 0.0765625
0 0.34609375 0.24765625 0.0625 0.0578125
0 0.159375 0.55625 0.1046875 0.1125
0 0.715625 0.22109375 0.0828125 0.078125
0 0.4765625 0.296875 0.0796875 0.0828125