0 0.76171875 0.3046875 0.0921875 0.0953125
0 0.89765625 0.59140625 0.09375 0.121875
0 0.69609375 0.83125 0.1078125 0.121875
0 0.73671875 0.6515625 0.0875 0.121875
0 0.66640625 0.59140625 0.0921875 0.109375
0 0.6625 0.3796875 0.0984375 0.128125
0 0.36640625 0.18671875 0.090625 0.1078125
0 0.24296875 0.41640625 0.09375 0.1125
1 0.1609375 0.4046875 0.09375 0.1078125
1 0.31171875 0.7578125 0.0953125 0.1125
1 0.4734375 0.36953125 0.084375 0.1125
1 0.40625 0.390625 0.0953125 0.121875
1 0.5453125 0.1875 0.1015625 0.1125
1 0.803125 0.39921875 0.096875 0.1109375
1 0.45234375 0.61953125 0.115625 0.1203125
1 0.5109375 0.521875 0.090625 0.1171875
2 0.30625 0.53671875 0.103125 0.1015625
2 0.18125 0.7125 0.09375 0.1046875
2 0.0953125 0.63046875 0.0859375 0.121875
2 0.18125 0.57578125 0.090625 0.1109375
2 0.39921875 0.7859375 0.0890625 0.1171875
2 0.5625 0.70625 0.09375 0.1109375
2 0.72265625 0.4625 0.0921875 0.1359375
2 0.2765625 0.190625 0.096875 0.1359375