1 0.4671875 0.61171875 0.090625 0.1171875
1 0.36875 0.440625 0.0765625 0.0828125
1 0.7984375 0.49296875 0.0859375 0.0703125
1 0.81875 0.425 0.08125 0.08125
1 0.67734375 0.3640625 0.08125 0.071875
1 0.31015625 0.28359375 0.0671875 0.06875
1 0.4875 0.31171875 0.0734375 0.06875
1 0.50078125 0.51953125 0.0828125 0.071875
0 0.57890625 0.75390625 0.1015625 0.1234375
0 0.38203125 0.81640625 0.1203125 0.121875
0 0.31640625 0.6625 0.103125 0.1171875
0 0.3640625 0.5453125 0.0890625 0.0765625
0 0.24375 0.4078125 0.078125 0.0796875
0 0.4640625 0.4515625 0.0828125 0.0640625
0 0.82421875 0.56484375 0.096875 0.0890625
0 0.56953125 0.64609375 0.1046875 0.096875
2 0.73046875 0.56171875 0.1 0.096875
2 0.56328125 0.45625 0.090625 0.078125
2 0.61875 0.425 0.071875 0.08125
2 0.5625 0.37890625 0.075 0.0640625
2 0.5515625 0.2875 0.071875 0.071875
2 0.42578125 0.26796875 0.0671875 0.065625
2 0.303125 0.3484375 0.0734375 0.0625
2 0.253125 0.503125 0.0765625 0.0828125