2 0.7734375 0.22265625 0.1609375 0.1328125
2 0.66171875 0.15390625 0.1546875 0.1265625
2 0.6171875 0.36953125 0.1671875 0.15
2 0.6078125 0.5890625 0.184375 0.1390625
2 0.80625 0.6625 0.1796875 0.1078125
0 0.83671875 0.390625 0.165625 0.128125
0 0.78984375 0.55078125 0.16875 0.1140625
0 0.68515625 0.84296875 0.1921875 0.153125
0 0.43046875 0.47734375 0.184375 0.128125
0 0.228125 0.3359375 0.171875 0.1359375
1 0.5078125 0.128125 0.1578125 0.1265625
1 0.4828125 0.29140625 0.1609375 0.1078125
1 0.396875 0.59765625 0.18125 0.125
1 0.43125 0.725 0.1734375 0.1109375
1 0.515625 0.83671875 0.171875 0.13125