2 0.17421875 0.6265625 0.11171875 0.1234375
2 0.43671875 0.753125 0.1265625 0.128125
2 0.265625 0.29921875 0.08203125 0.08359375
2 0.7171875 0.3921875 0.0921875 0.08671875
2 0.82578125 0.4140625 0.08359375 0.08203125
2 0.678125 0.28984375 0.08515625 0.071875
2 0.45859375 0.4421875 0.0734375 0.08125
2 0.36484375 0.35390625 0.07578125 0.0515625
1 0.45390625 0.53984375 0.1 0.1046875
1 0.36953125 0.40859375 0.0875 0.06953125
1 0.36171875 0.28671875 0.0765625 0.071875
1 0.20390625 0.46796875 0.08671875 0.096875
1 0.5296875 0.3953125 0.0703125 0.0734375
1 0.6140625 0.3671875 0.07890625 0.08046875
1 0.703125 0.48203125 0.10078125 0.0890625
1 0.8234375 0.696875 0.121875 0.115625
0 0.92890625 0.509375 0.0953125 0.10703125
0 0.8171875 0.56953125 0.12421875 0.09296875
0 0.70546875 0.615625 0.1 0.128125
0 0.31953125 0.5671875 0.09296875 0.11953125
0 0.13515625 0.34609375 0.075 0.09296875
0 0.1546875 0.26875 0.0859375 0.09921875
0 0.5046875 0.19140625 0.078125 0.07109375
0 0.43046875 0.28671875 0.06484375 0.0921875