1 0.44591346153846156 0.026442307692307692 0.057692307692307696 0.05048076923076923
1 0.484375 0.11778846153846154 0.07211538461538461 0.08173076923076923
1 0.3329326923076923 0.23317307692307693 0.07211538461538461 0.07451923076923077
1 0.2776442307692308 0.3293269230769231 0.07932692307692307 0.09134615384615384
1 0.25600961538461536 0.4699519230769231 0.10576923076923077 0.10096153846153846
2 0.6634615384615384 0.3485576923076923 0.057692307692307696 0.07211538461538461
1 0.6382211538461539 0.2980769230769231 0.05048076923076923 0.04807692307692308
1 0.7247596153846154 0.46033653846153844 0.055288461538461536 0.06971153846153846
1 0.6598557692307693 0.46274038461538464 0.06009615384615385 0.057692307692307696
2 0.5168269230769231 0.016826923076923076 0.07211538461538461 0.03365384615384615
2 0.36538461538461536 0.28365384615384615 0.07451923076923077 0.08173076923076923
2 0.796875 0.2776442307692308 0.07211538461538461 0.06971153846153846
2 0.8076923076923077 0.5192307692307693 0.0673076923076923 0.08413461538461539
2 0.6141826923076923 0.6742788461538461 0.07211538461538461 0.07211538461538461
2 0.5769230769230769 0.6105769230769231 0.06009615384615385 0.07451923076923077
2 0.6490384615384616 0.5276442307692307 0.052884615384615384 0.06009615384615385
2 0.7127403846153846 0.8305288461538461 0.07932692307692307 0.10576923076923077
2 0.5709134615384616 0.8413461538461539 0.06971153846153846 0.11298076923076923
0 0.3918269230769231 0.056490384615384616 0.06490384615384616 0.0673076923076923
0 0.36177884615384615 0.15144230769230768 0.06490384615384616 0.07211538461538461
0 0.41466346153846156 0.20072115384615385 0.0625 0.07692307692307693
0 0.3786057692307692 0.38461538461538464 0.08173076923076923 0.0889423076923077
0 0.8125 0.34375 0.0625 0.06490384615384616
0 0.7367788461538461 0.3076923076923077 0.052884615384615384 0.06490384615384616
0 0.7728365384615384 0.40024038461538464 0.0625 0.0673076923076923
0 0.5997596153846154 0.34134615384615385 0.06009615384615385 0.0673076923076923
0 0.6129807692307693 0.4411057692307692 0.05048076923076923 0.06490384615384616
0 0.7247596153846154 0.5661057692307693 0.06490384615384616 0.07932692307692307