2 0.90390625 0.4328125 0.0390625 0.04375
2 0.69765625 0.40859375 0.0484375 0.053125
2 0.54765625 0.45546875 0.0484375 0.04375
2 0.51796875 0.48828125 0.0640625 0.053125
2 0.44921875 0.434375 0.0546875 0.0484375
2 0.4140625 0.50625 0.0671875 0.053125
2 0.246875 0.50625 0.0609375 0.0453125
2 0.61875 0.43515625 0.04375 0.040625
0 0.746875 0.41640625 0.0453125 0.0484375
0 0.72265625 0.45546875 0.05 0.0421875
0 0.66875 0.465625 0.053125 0.0421875
0 0.65859375 0.42421875 0.0359375 0.040625
0 0.628125 0.39765625 0.0390625 0.0328125
0 0.39375 0.453125 0.0578125 0.046875
0 0.1328125 0.53203125 0.065625 0.05
0 0.84453125 0.42109375 0.0375 0.03125
1 0.875 0.44765625 0.0375 0.0390625
1 0.86015625 0.3921875 0.0375 0.0296875
1 0.80078125 0.39140625 0.0421875 0.034375
1 0.80390625 0.43203125 0.0421875 0.046875
1 0.7484375 0.37578125 0.046875 0.0359375
1 0.51953125 0.4109375 0.0453125 0.0375
1 0.3296875 0.5046875 0.0578125 0.0578125
1 0.24375 0.45625 0.0625 0.053125