1 0.86953125 0.53828125 0.1078125 0.1046875
1 0.52265625 0.7546875 0.125 0.103125
1 0.2828125 0.6453125 0.165625 0.1078125
1 0.10546875 0.6109375 0.18125 0.13125
1 0.80234375 0.39453125 0.10625 0.0890625
1 0.7109375 0.3109375 0.134375 0.0921875
1 0.4296875 0.284375 0.140625 0.11875
0 0.88828125 0.378125 0.0953125 0.09375
0 0.784375 0.4765625 0.1390625 0.0875
0 0.53828125 0.57734375 0.15 0.1046875
0 0.5640625 0.48359375 0.15625 0.109375
0 0.353125 0.49765625 0.1828125 0.13125
0 0.52578125 0.3703125 0.1578125 0.1046875
0 0.434375 0.1515625 0.15 0.1
2 0.66796875 0.72578125 0.1171875 0.0953125
2 0.684375 0.6171875 0.1296875 0.11875
2 0.5515625 0.21640625 0.159375 0.125
2 0.13046875 0.3 0.1796875 0.1328125
2 0.35234375 0.80234375 0.1703125 0.1203125
2 0.690625 0.40703125 0.1453125 0.0953125
2 0.3453125 0.371875 0.1421875 0.125