1 0.6828125 0.2625 0.078125 0.0921875
1 0.55078125 0.4875 0.0703125 0.1015625
1 0.67265625 0.63125 0.065625 0.1
1 0.55703125 0.6046875 0.05625 0.071875
1 0.490625 0.596875 0.0578125 0.0765625
1 0.39453125 0.68046875 0.05625 0.084375
1 0.16953125 0.60546875 0.0546875 0.078125
1 0.22890625 0.478125 0.0640625 0.0828125
0 0.6375 0.3890625 0.06875 0.0828125
0 0.5046875 0.32109375 0.0578125 0.075
0 0.4515625 0.4625 0.0625 0.071875
0 0.29453125 0.53515625 0.0625 0.084375
0 0.30390625 0.67734375 0.084375 0.0953125
0 0.3546875 0.8234375 0.06875 0.1046875
0 0.60234375 0.75078125 0.0546875 0.09375
0 0.609375 0.65234375 0.059375 0.090625
2 0.465625 0.7890625 0.0671875 0.0828125
2 0.66953125 0.77109375 0.0734375 0.1015625
2 0.76171875 0.64375 0.0734375 0.1015625
2 0.66328125 0.48984375 0.0796875 0.0890625
2 0.565625 0.3609375 0.06875 0.0828125
2 0.453125 0.38515625 0.0609375 0.0828125
2 0.40546875 0.31640625 0.059375 0.0765625
2 0.3734375 0.48203125 0.0671875 0.0890625