2 0.43028846153846156 0.7560096153846154 0.06850961538461539 0.07692307692307693
0 0.3701923076923077 0.6983173076923077 0.04927884615384615 0.07091346153846154
0 0.30288461538461536 0.6177884615384616 0.055288461538461536 0.06009615384615385
1 0.31850961538461536 0.5276442307692307 0.04927884615384615 0.06971153846153846
1 0.3858173076923077 0.37740384615384615 0.03485576923076923 0.05048076923076923
1 0.5564903846153846 0.6682692307692307 0.06129807692307692 0.06370192307692307
1 0.5841346153846154 0.7584134615384616 0.06129807692307692 0.07091346153846154
1 0.5985576923076923 0.13581730769230768 0.057692307692307696 0.055288461538461536
1 0.6141826923076923 0.20192307692307693 0.06129807692307692 0.05889423076923077
1 0.5673076923076923 0.24158653846153846 0.06490384615384616 0.06850961538461539
1 0.6778846153846154 0.35697115384615385 0.05889423076923077 0.06971153846153846
1 0.7548076923076923 0.4026442307692308 0.0673076923076923 0.0673076923076923
1 0.46033653846153844 0.4963942307692308 0.04326923076923077 0.046875
2 0.5288461538461539 0.109375 0.052884615384615384 0.05048076923076923
2 0.6310096153846154 0.28846153846153844 0.0673076923076923 0.0625
2 0.6706730769230769 0.2403846153846154 0.051682692307692304 0.04927884615384615
2 0.5096153846153846 0.5216346153846154 0.042067307692307696 0.06009615384615385
2 0.3737980769230769 0.5685096153846154 0.04927884615384615 0.057692307692307696
2 0.36778846153846156 0.4362980769230769 0.040865384615384616 0.04927884615384615
2 0.4266826923076923 0.6490384615384616 0.051682692307692304 0.06971153846153846
2 0.48197115384615385 0.6322115384615384 0.038461538461538464 0.04927884615384615
2 0.6394230769230769 0.7019230769230769 0.05048076923076923 0.051682692307692304
0 0.48197115384615385 0.0673076923076923 0.046875 0.04927884615384615
0 0.5324519230769231 0.16706730769230768 0.054086538461538464 0.05048076923076923
0 0.7019230769230769 0.2920673076923077 0.056490384615384616 0.057692307692307696
0 0.7043269230769231 0.4675480769230769 0.078125 0.08413461538461539
0 0.42788461538461536 0.4110576923076923 0.04567307692307692 0.055288461538461536
0 0.39663461538461536 0.5132211538461539 0.04927884615384615 0.054086538461538464
0 0.5673076923076923 0.5769230769230769 0.046875 0.046875
0 0.6298076923076923 0.6454326923076923 0.04927884615384615 0.054086538461538464