1 0.41346153846153844 0.4567307692307692 0.06009615384615385 0.05048076923076923
1 0.31490384615384615 0.45072115384615385 0.06971153846153846 0.054086538461538464
1 0.1935096153846154 0.5961538461538461 0.08052884615384616 0.06009615384615385
1 0.49038461538461536 0.6947115384615384 0.06370192307692307 0.054086538461538464
1 0.6538461538461539 0.7836538461538461 0.0733173076923077 0.04807692307692308
1 0.6959134615384616 0.7247596153846154 0.056490384615384616 0.04807692307692308
1 0.8569711538461539 0.6069711538461539 0.05889423076923077 0.04807692307692308
1 0.8305288461538461 0.47836538461538464 0.06129807692307692 0.054086538461538464
1 0.6814903846153846 0.42908653846153844 0.054086538461538464 0.051682692307692304
1 0.35096153846153844 0.3485576923076923 0.06490384615384616 0.055288461538461536
2 0.5564903846153846 0.36778846153846156 0.052884615384615384 0.04807692307692308
2 0.3641826923076923 0.24759615384615385 0.07572115384615384 0.054086538461538464
2 0.2800480769230769 0.3449519230769231 0.07692307692307693 0.055288461538461536
2 0.6598557692307693 0.3701923076923077 0.056490384615384616 0.046875
2 0.6213942307692307 0.328125 0.0673076923076923 0.054086538461538464
2 0.4098557692307692 0.6622596153846154 0.07572115384615384 0.057692307692307696
2 0.6189903846153846 0.6201923076923077 0.07091346153846154 0.04927884615384615
2 0.5216346153846154 0.7620192307692307 0.07211538461538461 0.055288461538461536
2 0.8016826923076923 0.6887019230769231 0.07211538461538461 0.06009615384615385
2 0.6033653846153846 0.46033653846153844 0.078125 0.054086538461538464
0 0.24639423076923078 0.5240384615384616 0.06850961538461539 0.054086538461538464
0 0.2283653846153846 0.2980769230769231 0.07091346153846154 0.04807692307692308
0 0.5144230769230769 0.328125 0.05889423076923077 0.046875
0 0.44350961538461536 0.5709134615384616 0.07572115384615384 0.05889423076923077
0 0.3161057692307692 0.6959134615384616 0.08052884615384616 0.06009615384615385
0 0.5516826923076923 0.5673076923076923 0.06370192307692307 0.05048076923076923
0 0.5348557692307693 0.5192307692307693 0.06971153846153846 0.052884615384615384
0 0.6622596153846154 0.5733173076923077 0.06850961538461539 0.04807692307692308
0 0.7896634615384616 0.5588942307692307 0.06850961538461539 0.06009615384615385
0 0.9014423076923077 0.6742788461538461 0.056490384615384616 0.056490384615384616