2 0.20552884615384615 0.203125 0.08173076923076923 0.07692307692307693
1 0.28846153846153844 0.2704326923076923 0.07451923076923077 0.07211538461538461
2 0.22235576923076922 0.2704326923076923 0.08413461538461539 0.06009615384615385
2 0.5048076923076923 0.16947115384615385 0.10576923076923077 0.07692307692307693
2 0.7992788461538461 0.14302884615384615 0.11538461538461539 0.0985576923076923
2 0.8365384615384616 0.2644230769230769 0.11298076923076923 0.08413461538461539
1 0.6490384615384616 0.34615384615384615 0.07692307692307693 0.06490384615384616
2 0.5637019230769231 0.30408653846153844 0.09615384615384616 0.07932692307692307
2 0.7932692307692307 0.6370192307692307 0.08653846153846154 0.07932692307692307
2 0.43149038461538464 0.4579326923076923 0.0889423076923077 0.07451923076923077
2 0.34134615384615385 0.6033653846153846 0.0889423076923077 0.06009615384615385
2 0.23317307692307693 0.43028846153846156 0.08413461538461539 0.07451923076923077
0 0.6141826923076923 0.22115384615384615 0.10336538461538461 0.08413461538461539
0 0.33413461538461536 0.13341346153846154 0.09615384615384616 0.0673076923076923
0 0.4567307692307692 0.2848557692307692 0.11057692307692307 0.07451923076923077
0 0.8377403846153846 0.37259615384615385 0.09615384615384616 0.08413461538461539
0 0.6021634615384616 0.390625 0.08173076923076923 0.07211538461538461
0 0.78125 0.5012019230769231 0.10576923076923077 0.06971153846153846
0 0.6153846153846154 0.4675480769230769 0.09134615384615384 0.06971153846153846
0 0.6177884615384616 0.6177884615384616 0.10576923076923077 0.07692307692307693
0 0.49399038461538464 0.6201923076923077 0.09375 0.07932692307692307
0 0.4326923076923077 0.7067307692307693 0.07451923076923077 0.07211538461538461
1 0.71875 0.44471153846153844 0.09615384615384616 0.0625
1 0.3894230769230769 0.38341346153846156 0.0985576923076923 0.0673076923076923
1 0.37259615384615385 0.5492788461538461 0.08173076923076923 0.06490384615384616
1 0.29086538461538464 0.5024038461538461 0.07692307692307693 0.07692307692307693
1 0.20432692307692307 0.5949519230769231 0.08653846153846154 0.06009615384615385
1 0.2283653846153846 0.7007211538461539 0.08413461538461539 0.0673076923076923
1 0.1658653846153846 0.4699519230769231 0.07211538461538461 0.06971153846153846
1 0.18028846153846154 0.3425480769230769 0.06971153846153846 0.07451923076923077