1 0.80546875 0.7109375 0.115625 0.1125
1 0.85390625 0.6203125 0.0953125 0.0984375
1 0.471875 0.48203125 0.084375 0.0734375
1 0.31875 0.36640625 0.0921875 0.0796875
1 0.3984375 0.22734375 0.078125 0.0671875
1 0.45546875 0.18359375 0.06875 0.0671875
1 0.5421875 0.2578125 0.0734375 0.0671875
1 0.9234375 0.41640625 0.0875 0.0921875
2 0.93125 0.63046875 0.08125 0.0921875
2 0.89296875 0.52734375 0.090625 0.0921875
2 0.5640625 0.72265625 0.115625 0.1234375
2 0.309375 0.528125 0.084375 0.1
2 0.1 0.59140625 0.115625 0.1171875
2 0.525 0.36328125 0.0765625 0.0796875
2 0.39609375 0.290625 0.0953125 0.075
2 0.60234375 0.1953125 0.0625 0.059375
0 0.7484375 0.353125 0.0828125 0.065625
0 0.678125 0.29296875 0.0765625 0.065625
0 0.7046875 0.38828125 0.078125 0.078125
0 0.6515625 0.41640625 0.0875 0.08125
0 0.72578125 0.56640625 0.1125 0.090625
0 0.5734375 0.47109375 0.0828125 0.0765625
0 0.53984375 0.5671875 0.096875 0.09375
0 0.396875 0.6484375 0.109375 0.1390625