2 0.88125 0.4234375 0.05 0.04375
2 0.65703125 0.42578125 0.05 0.0453125
2 0.584375 0.38984375 0.0484375 0.0359375
2 0.496875 0.39453125 0.0453125 0.040625
2 0.32109375 0.4390625 0.0484375 0.046875
2 0.23515625 0.44609375 0.0578125 0.04375
2 0.159375 0.38984375 0.0515625 0.0390625
2 0.5484375 0.453125 0.0484375 0.0390625
0 0.1671875 0.45078125 0.0515625 0.0484375
0 0.23515625 0.40859375 0.04375 0.0328125
0 0.4671875 0.4390625 0.04375 0.0390625
0 0.50234375 0.43984375 0.040625 0.04375
0 0.55 0.41640625 0.034375 0.0296875
0 0.7890625 0.46484375 0.05 0.040625
0 0.85234375 0.46015625 0.0515625 0.040625
0 0.8140625 0.4078125 0.046875 0.0421875
1 0.10234375 0.425 0.0546875 0.040625
1 0.3296875 0.38515625 0.0453125 0.0390625
1 0.37578125 0.4328125 0.0390625 0.0390625
1 0.41875 0.41484375 0.0375 0.0421875
1 0.603125 0.453125 0.046875 0.0546875
1 0.7359375 0.44296875 0.046875 0.0390625
1 0.75390625 0.39921875 0.05 0.046875
1 0.68984375 0.39140625 0.0421875 0.03125