0 0.25721153846153844 0.25600961538461536 0.08413461538461539 0.0673076923076923
0 0.4387019230769231 0.25 0.0889423076923077 0.07692307692307693
0 0.5360576923076923 0.26802884615384615 0.0889423076923077 0.07692307692307693
2 0.4807692307692308 0.3918269230769231 0.0889423076923077 0.06490384615384616
0 0.5024038461538461 0.33774038461538464 0.0889423076923077 0.07211538461538461
0 0.6213942307692307 0.36899038461538464 0.08173076923076923 0.06490384615384616
1 0.4483173076923077 0.5564903846153846 0.08173076923076923 0.07451923076923077
0 0.5204326923076923 0.5192307692307693 0.07211538461538461 0.0625
0 0.5841346153846154 0.47716346153846156 0.08173076923076923 0.057692307692307696
0 0.2536057692307692 0.6430288461538461 0.08173076923076923 0.07211538461538461
1 0.359375 0.7067307692307693 0.08413461538461539 0.06490384615384616
0 0.35096153846153844 0.6526442307692307 0.07451923076923077 0.06490384615384616
0 0.5324519230769231 0.7331730769230769 0.08413461538461539 0.07211538461538461
1 0.3245192307692308 0.2403846153846154 0.06971153846153846 0.07211538461538461
1 0.3449519230769231 0.3942307692307692 0.0889423076923077 0.07211538461538461
1 0.4326923076923077 0.453125 0.08413461538461539 0.07211538461538461
1 0.7043269230769231 0.48677884615384615 0.07932692307692307 0.06971153846153846
1 0.7115384615384616 0.5769230769230769 0.07451923076923077 0.0625
1 0.6177884615384616 0.6598557692307693 0.08173076923076923 0.0673076923076923
1 0.7403846153846154 0.6814903846153846 0.08173076923076923 0.0625
1 0.6177884615384616 0.7415865384615384 0.07932692307692307 0.06971153846153846
2 0.265625 0.3317307692307692 0.09615384615384616 0.06971153846153846
2 0.21995192307692307 0.41586538461538464 0.10817307692307693 0.08653846153846154
2 0.6838942307692307 0.3004807692307692 0.09615384615384616 0.06971153846153846
2 0.7668269230769231 0.36899038461538464 0.06971153846153846 0.06490384615384616
2 0.7740384615384616 0.5252403846153846 0.07211538461538461 0.0673076923076923
2 0.765625 0.6153846153846154 0.07451923076923077 0.06009615384615385
2 0.3581730769230769 0.5793269230769231 0.08653846153846154 0.07451923076923077
2 0.4338942307692308 0.6887019230769231 0.07932692307692307 0.07451923076923077
2 0.4963942307692308 0.6466346153846154 0.08173076923076923 0.07211538461538461