1 0.5264423076923077 0.0625 0.04807692307692308 0.04326923076923077
1 0.4879807692307692 0.09014423076923077 0.06370192307692307 0.05048076923076923
1 0.5685096153846154 0.14423076923076922 0.04326923076923077 0.054086538461538464
1 0.5432692307692307 0.23076923076923078 0.055288461538461536 0.06370192307692307
1 0.6802884615384616 0.31490384615384615 0.054086538461538464 0.057692307692307696
1 0.7355769230769231 0.390625 0.06009615384615385 0.07091346153846154
1 0.765625 0.5072115384615384 0.08173076923076923 0.07692307692307693
2 0.41346153846153844 0.43990384615384615 0.04447115384615385 0.056490384615384616
1 0.43028846153846156 0.39663461538461536 0.039663461538461536 0.037259615384615384
1 0.37259615384615385 0.5408653846153846 0.042067307692307696 0.055288461538461536
1 0.4254807692307692 0.5360576923076923 0.046875 0.04447115384615385
2 0.5060096153846154 0.13701923076923078 0.057692307692307696 0.051682692307692304
2 0.6574519230769231 0.359375 0.056490384615384616 0.0625
2 0.29447115384615385 0.39302884615384615 0.055288461538461536 0.052884615384615384
2 0.3076923076923077 0.5973557692307693 0.04927884615384615 0.06610576923076923
2 0.4831730769230769 0.7091346153846154 0.054086538461538464 0.055288461538461536
2 0.5084134615384616 0.6526442307692307 0.04567307692307692 0.057692307692307696
2 0.4411057692307692 0.5901442307692307 0.038461538461538464 0.046875
2 0.41466346153846156 0.8485576923076923 0.057692307692307696 0.08413461538461539
2 0.5348557692307693 0.8461538461538461 0.04927884615384615 0.09014423076923077
0 0.6153846153846154 0.171875 0.04807692307692308 0.052884615384615384
0 0.6490384615384616 0.24879807692307693 0.04807692307692308 0.055288461538461536
0 0.609375 0.29447115384615385 0.04807692307692308 0.06009615384615385
0 0.6550480769230769 0.44591346153846156 0.06129807692307692 0.06850961538461539
0 0.28846153846153844 0.4495192307692308 0.046875 0.04927884615384615
0 0.3485576923076923 0.41346153846153844 0.038461538461538464 0.05048076923076923
0 0.3269230769230769 0.49399038461538464 0.04807692307692308 0.051682692307692304
0 0.46634615384615385 0.42908653846153844 0.04447115384615385 0.051682692307692304
0 0.4639423076923077 0.5144230769230769 0.037259615384615384 0.05048076923076923
0 0.38100961538461536 0.6274038461538461 0.04807692307692308 0.06129807692307692