2 0.59765625 0.7953125 0.1453125 0.1265625
2 0.73671875 0.69453125 0.153125 0.1140625
2 0.5109375 0.71640625 0.175 0.134375
2 0.36328125 0.596875 0.1609375 0.1109375
2 0.33359375 0.49921875 0.1515625 0.11875
2 0.2640625 0.37265625 0.1671875 0.128125
2 0.45234375 0.32734375 0.15625 0.10625
1 0.88984375 0.61171875 0.13125 0.1078125
1 0.7640625 0.56640625 0.1203125 0.0953125
1 0.6390625 0.60234375 0.1390625 0.1015625
1 0.49140625 0.60859375 0.1171875 0.0953125
1 0.1390625 0.553125 0.140625 0.1203125
1 0.18359375 0.66640625 0.15625 0.1109375
1 0.31640625 0.21328125 0.1640625 0.128125
0 0.32421875 0.78671875 0.1546875 0.13125
0 0.50546875 0.4734375 0.1484375 0.1234375
0 0.69140625 0.45234375 0.15 0.1078125
0 0.84375 0.45 0.1296875 0.1078125
0 0.8171875 0.32734375 0.159375 0.128125
0 0.6484375 0.33359375 0.134375 0.1140625
0 0.5640625 0.190625 0.165625 0.128125