0 0.62578125 0.41640625 0.08046875 0.08046875
0 0.55 0.38359375 0.096875 0.090625
0 0.57109375 0.60234375 0.08984375 0.128125
0 0.75859375 0.540625 0.084375 0.096875
0 0.3 0.34921875 0.07578125 0.06953125
0 0.1578125 0.35625 0.0875 0.0921875
0 0.14765625 0.5265625 0.09296875 0.0984375
0 0.196875 0.615625 0.1203125 0.10859375
2 0.175 0.86484375 0.11171875 0.165625
2 0.4046875 0.50859375 0.09140625 0.09453125
2 0.5265625 0.4859375 0.0875 0.09453125
2 0.4078125 0.42421875 0.0890625 0.08515625
2 0.425 0.309375 0.090625 0.0828125
2 0.51484375 0.271875 0.075 0.071875
2 0.76953125 0.3078125 0.071875 0.08046875
2 0.66640625 0.5859375 0.09921875 0.11640625
1 0.46953125 0.6046875 0.0875 0.09765625
1 0.37578125 0.66171875 0.096875 0.09609375
1 0.3921875 0.9015625 0.121875 0.13828125
1 0.309375 0.49375 0.08828125 0.0875
1 0.43671875 0.221875 0.06640625 0.059375
1 0.6328125 0.21015625 0.059375 0.0640625
1 0.56328125 0.19453125 0.0765625 0.071875
1 0.78359375 0.45 0.08359375 0.08984375