2 0.796875 0.24765625 0.171875 0.1453125
2 0.69140625 0.16875 0.1640625 0.1390625
2 0.628125 0.3796875 0.178125 0.1625
2 0.6 0.5984375 0.19375 0.1546875
2 0.79140625 0.68828125 0.1875 0.1234375
0 0.84453125 0.42109375 0.1765625 0.1421875
0 0.784375 0.5765625 0.1765625 0.128125
0 0.6546875 0.8578125 0.203125 0.16875
0 0.4328125 0.471875 0.19375 0.1421875
0 0.24296875 0.3125 0.1828125 0.15
1 0.540625 0.13046875 0.1671875 0.1390625
1 0.50078125 0.290625 0.16875 0.1203125
1 0.38828125 0.58828125 0.1921875 0.140625
1 0.41171875 0.71796875 0.1828125 0.125
1 0.48671875 0.8375 0.1828125 0.1453125