1 0.3737980769230769 0.2860576923076923 0.09375 0.07451923076923077
1 0.2764423076923077 0.25721153846153844 0.09615384615384616 0.057692307692307696
1 0.6430288461538461 0.24879807692307693 0.07451923076923077 0.0673076923076923
1 0.5456730769230769 0.5829326923076923 0.07692307692307693 0.06490384615384616
1 0.41346153846153844 0.5985576923076923 0.09014423076923077 0.056490384615384616
1 0.5420673076923077 0.49158653846153844 0.078125 0.06009615384615385
1 0.6237980769230769 0.5168269230769231 0.0625 0.057692307692307696
1 0.6430288461538461 0.5757211538461539 0.0733173076923077 0.056490384615384616
0 0.7043269230769231 0.5204326923076923 0.06009615384615385 0.056490384615384616
1 0.7788461538461539 0.5192307692307693 0.06009615384615385 0.055288461538461536
1 0.8173076923076923 0.4519230769230769 0.06971153846153846 0.055288461538461536
2 0.49038461538461536 0.26802884615384615 0.09495192307692307 0.06009615384615385
2 0.28966346153846156 0.5552884615384616 0.08533653846153846 0.07211538461538461
2 0.8377403846153846 0.3293269230769231 0.0625 0.06370192307692307
2 0.7211538461538461 0.31850961538461536 0.07692307692307693 0.057692307692307696
2 0.6009615384615384 0.38341346153846156 0.08173076923076923 0.056490384615384616
2 0.44711538461538464 0.44471153846153844 0.078125 0.06370192307692307
2 0.3293269230769231 0.4807692307692308 0.09254807692307693 0.06610576923076923
2 0.5528846153846154 0.6838942307692307 0.07692307692307693 0.06610576923076923
2 0.6899038461538461 0.6850961538461539 0.06610576923076923 0.05048076923076923
2 0.8497596153846154 0.6862980769230769 0.057692307692307696 0.054086538461538464
0 0.5060096153846154 0.3557692307692308 0.08413461538461539 0.0733173076923077
0 0.6947115384615384 0.4014423076923077 0.07692307692307693 0.06129807692307692
0 0.8629807692307693 0.38822115384615385 0.07692307692307693 0.05889423076923077
0 0.8665865384615384 0.5264423076923077 0.06490384615384616 0.057692307692307696
0 0.7355769230769231 0.6141826923076923 0.07451923076923077 0.06129807692307692
0 0.7980769230769231 0.6165865384615384 0.055288461538461536 0.06610576923076923
0 0.3942307692307692 0.6887019230769231 0.08774038461538461 0.0625
0 0.46875 0.7115384615384616 0.07091346153846154 0.057692307692307696
0 0.7355769230769231 0.7283653846153846 0.06850961538461539 0.05048076923076923