1 0.07734375 0.521875 0.0953125 0.10625
1 0.375 0.334375 0.0828125 0.0765625
1 0.73359375 0.5265625 0.1234375 0.134375
1 0.84296875 0.490625 0.109375 0.1234375
1 0.45 0.8015625 0.1359375 0.1625
1 0.3578125 0.47265625 0.10625 0.109375
1 0.7640625 0.69921875 0.1234375 0.1375
1 0.53125 0.44140625 0.1 0.103125
2 0.60546875 0.5484375 0.128125 0.1140625
2 0.38046875 0.5984375 0.1140625 0.1015625
2 0.4953125 0.678125 0.1203125 0.128125
2 0.271875 0.53828125 0.1234375 0.11875
2 0.4171875 0.39921875 0.0859375 0.090625
2 0.5953125 0.303125 0.0953125 0.0984375
2 0.928125 0.675 0.14375 0.171875
2 0.65078125 0.3734375 0.0875 0.075
0 0.675 0.4375 0.1015625 0.0765625
0 0.63671875 0.7359375 0.1203125 0.13125
0 0.49296875 0.540625 0.0953125 0.1
0 0.284375 0.3796875 0.0859375 0.0859375
0 0.28359375 0.69609375 0.1109375 0.1203125
0 0.20859375 0.665625 0.09375 0.1125
0 0.19140625 0.48203125 0.0875 0.071875
0 0.15390625 0.42578125 0.0765625 0.071875