1 0.83515625 0.3484375 0.06875 0.0671875
1 0.76796875 0.36875 0.05625 0.0546875
1 0.63828125 0.3171875 0.04375 0.04375
1 0.32734375 0.3578125 0.0484375 0.04375
1 0.3171875 0.41640625 0.046875 0.0578125
1 0.2734375 0.3515625 0.053125 0.0484375
1 0.0921875 0.41875 0.0578125 0.0546875
1 0.43125 0.39140625 0.0515625 0.046875
2 0.1296875 0.365625 0.046875 0.0421875
2 0.19921875 0.41640625 0.0546875 0.05
2 0.38359375 0.36171875 0.053125 0.0484375
2 0.43359375 0.34765625 0.0375 0.0359375
2 0.578125 0.3828125 0.053125 0.0515625
2 0.50546875 0.3640625 0.05 0.0359375
2 0.675 0.34375 0.0515625 0.0375
2 0.66328125 0.3875 0.0421875 0.0453125
0 0.15390625 0.4171875 0.0515625 0.0484375
0 0.1859375 0.3703125 0.0515625 0.04375
0 0.24921875 0.41484375 0.05625 0.05625
0 0.384375 0.40859375 0.0453125 0.0484375
0 0.5328125 0.334375 0.046875 0.034375
0 0.5140625 0.4046875 0.053125 0.05
0 0.59765625 0.33046875 0.0515625 0.0484375
0 0.7375 0.32734375 0.0484375 0.040625