2 0.225 0.78125 0.0859375 0.084375
2 0.0796875 0.77265625 0.1015625 0.0875
2 0.1203125 0.715625 0.0875 0.075
2 0.25859375 0.70546875 0.08125 0.059375
2 0.25 0.65859375 0.08125 0.0515625
2 0.2140625 0.6125 0.0734375 0.0625
2 0.6109375 0.58515625 0.0640625 0.0546875
2 0.8234375 0.63359375 0.0609375 0.05625
0 0.8203125 0.69140625 0.065625 0.065625
0 0.76484375 0.634375 0.0546875 0.0453125
0 0.70234375 0.70078125 0.0734375 0.0640625
0 0.6234375 0.7046875 0.0640625 0.053125
0 0.61328125 0.65 0.053125 0.0578125
0 0.44765625 0.7046875 0.071875 0.065625
0 0.3140625 0.6234375 0.0625 0.0515625
0 0.27421875 0.6 0.0484375 0.05
1 0.125 0.63671875 0.084375 0.0765625
1 0.36953125 0.76953125 0.0921875 0.078125
1 0.40546875 0.6390625 0.071875 0.0609375
1 0.559375 0.6984375 0.0609375 0.0640625
1 0.56171875 0.6328125 0.0578125 0.0546875
1 0.671875 0.6078125 0.059375 0.0578125
1 0.70859375 0.578125 0.053125 0.05625
1 0.77578125 0.5890625 0.04375 0.0421875