0 0.81875 0.71796875 0.1078125 0.125
0 0.7015625 0.64453125 0.115625 0.1421875
0 0.73828125 0.45859375 0.109375 0.128125
0 0.6203125 0.31953125 0.0921875 0.1203125
0 0.51171875 0.29140625 0.1046875 0.115625
0 0.5421875 0.1484375 0.10625 0.1078125
0 0.44375 0.45390625 0.1046875 0.125
0 0.33984375 0.615625 0.103125 0.1328125
1 0.25546875 0.52734375 0.0984375 0.11875
1 0.41015625 0.3125 0.09375 0.11875
1 0.32578125 0.2296875 0.10625 0.1265625
1 0.24921875 0.184375 0.103125 0.1015625
1 0.70078125 0.25390625 0.0875 0.10625
1 0.86953125 0.2015625 0.0890625 0.0953125
1 0.2984375 0.7609375 0.125 0.1453125
1 0.52578125 0.6109375 0.1171875 0.1453125
2 0.596875 0.8 0.1296875 0.15625
2 0.63828125 0.53125 0.10625 0.1421875
2 0.55234375 0.4390625 0.1078125 0.1359375
2 0.89765625 0.29453125 0.115625 0.1203125
2 0.90234375 0.47734375 0.1234375 0.1484375
2 0.45390625 0.08515625 0.0984375 0.0984375
2 0.190625 0.3890625 0.10625 0.140625
2 0.09375 0.38515625 0.115625 0.109375