2 0.7640625 0.7390625 0.1203125 0.1453125
2 0.821875 0.52578125 0.09375 0.1109375
2 0.5625 0.55078125 0.09375 0.1015625
2 0.534375 0.6453125 0.1078125 0.103125
2 0.56484375 0.4421875 0.0875 0.1140625
2 0.17265625 0.31875 0.0859375 0.0703125
2 0.13359375 0.396875 0.078125 0.0703125
2 0.2796875 0.284375 0.0765625 0.08125
0 0.65234375 0.7234375 0.1 0.1140625
0 0.6796875 0.509375 0.0890625 0.1046875
0 0.4984375 0.40859375 0.0703125 0.0875
0 0.31796875 0.54375 0.103125 0.10625
0 0.13828125 0.6140625 0.1140625 0.11875
0 0.35234375 0.3328125 0.0828125 0.0859375
0 0.35 0.16484375 0.0734375 0.0703125
0 0.2890625 0.83828125 0.13125 0.1640625
1 0.47109375 0.73203125 0.1265625 0.125
1 0.2875 0.6671875 0.115625 0.1453125
1 0.18359375 0.45625 0.090625 0.0953125
1 0.34765625 0.4375 0.078125 0.09375
1 0.359375 0.2546875 0.071875 0.071875
1 0.5390625 0.26171875 0.0828125 0.0828125
1 0.55390625 0.203125 0.0671875 0.0546875
1 0.63671875 0.40234375 0.075 0.103125