1 0.4987980769230769 0.17908653846153846 0.09375 0.07932692307692307
1 0.23677884615384615 0.3004807692307692 0.09134615384615384 0.09375
1 0.4411057692307692 0.43990384615384615 0.08173076923076923 0.06971153846153846
1 0.5204326923076923 0.5552884615384616 0.07451923076923077 0.0673076923076923
1 0.26322115384615385 0.6153846153846154 0.09134615384615384 0.07211538461538461
1 0.5949519230769231 0.6009615384615384 0.07932692307692307 0.0673076923076923
1 0.8125 0.5685096153846154 0.07692307692307693 0.06490384615384616
1 0.35216346153846156 0.7992788461538461 0.08173076923076923 0.07211538461538461
1 0.5985576923076923 0.7379807692307693 0.08413461538461539 0.07211538461538461
1 0.6574519230769231 0.5516826923076923 0.09134615384615384 0.07211538461538461
2 0.34615384615384615 0.34134615384615385 0.0985576923076923 0.08413461538461539
2 0.5324519230769231 0.3245192307692308 0.08653846153846154 0.06490384615384616
2 0.2980769230769231 0.5072115384615384 0.0889423076923077 0.07451923076923077
2 0.46634615384615385 0.5012019230769231 0.09615384615384616 0.07692307692307693
2 0.38221153846153844 0.5949519230769231 0.08413461538461539 0.07211538461538461
2 0.5324519230769231 0.6454326923076923 0.07692307692307693 0.07211538461538461
2 0.7800480769230769 0.44591346153846156 0.08173076923076923 0.0673076923076923
2 0.734375 0.6153846153846154 0.08173076923076923 0.07211538461538461
2 0.3112980769230769 0.6923076923076923 0.0889423076923077 0.07692307692307693
2 0.5600961538461539 0.8233173076923077 0.07451923076923077 0.06971153846153846
0 0.4375 0.3233173076923077 0.08173076923076923 0.0673076923076923
0 0.6682692307692307 0.34615384615384615 0.07932692307692307 0.0673076923076923
0 0.6177884615384616 0.3954326923076923 0.07692307692307693 0.0625
0 0.5456730769230769 0.4326923076923077 0.08173076923076923 0.06971153846153846
0 0.6923076923076923 0.46875 0.07932692307692307 0.06490384615384616
0 0.7608173076923077 0.5216346153846154 0.0889423076923077 0.07211538461538461
0 0.5552884615384616 0.5084134615384616 0.07692307692307693 0.06490384615384616
0 0.4495192307692308 0.6598557692307693 0.08173076923076923 0.06971153846153846
0 0.45913461538461536 0.8473557692307693 0.08413461538461539 0.06490384615384616
0 0.6899038461538461 0.7175480769230769 0.08653846153846154 0.07451923076923077