0 0.8521634615384616 0.15985576923076922 0.0673076923076923 0.07451923076923077
1 0.5853365384615384 0.19230769230769232 0.07211538461538461 0.10336538461538461
0 0.625 0.09254807692307693 0.07211538461538461 0.07211538461538461
0 0.5012019230769231 0.09495192307692307 0.07211538461538461 0.08173076923076923
0 0.27163461538461536 0.15144230769230768 0.08173076923076923 0.08173076923076923
0 0.46875 0.5180288461538461 0.07211538461538461 0.0889423076923077
2 0.6189903846153846 0.5961538461538461 0.07451923076923077 0.07932692307692307
0 0.6322115384615384 0.5180288461538461 0.0625 0.07451923076923077
2 0.43149038461538464 0.6802884615384616 0.06490384615384616 0.06971153846153846
0 0.4795673076923077 0.6418269230769231 0.06009615384615385 0.0673076923076923
0 0.5853365384615384 0.6706730769230769 0.06009615384615385 0.0673076923076923
0 0.32211538461538464 0.7956730769230769 0.0673076923076923 0.0889423076923077
0 0.17908653846153846 0.8173076923076923 0.07692307692307693 0.09615384615384616
2 0.4855769230769231 0.765625 0.07451923076923077 0.0985576923076923
2 0.37259615384615385 0.7295673076923077 0.0673076923076923 0.07692307692307693
2 0.30649038461538464 0.6213942307692307 0.06971153846153846 0.08173076923076923
2 0.6382211538461539 0.6850961538461539 0.06971153846153846 0.0889423076923077
2 0.43149038461538464 0.21995192307692307 0.09375 0.08173076923076923
2 0.3545673076923077 0.1346153846153846 0.07692307692307693 0.09134615384615384
1 0.45552884615384615 0.984375 0.07932692307692307 0.03125
1 0.4567307692307692 0.9014423076923077 0.07451923076923077 0.10336538461538461
1 0.3737980769230769 0.8569711538461539 0.0673076923076923 0.09615384615384616
1 0.6069711538461539 0.8329326923076923 0.07692307692307693 0.10336538461538461
1 0.24639423076923078 0.2620192307692308 0.09615384615384616 0.10336538461538461
1 0.13221153846153846 0.16706730769230768 0.08173076923076923 0.10096153846153846
1 0.7247596153846154 0.17307692307692307 0.07692307692307693 0.08173076923076923
1 0.7764423076923077 0.12259615384615384 0.0673076923076923 0.07932692307692307
1 0.3173076923076923 0.6959134615384616 0.06009615384615385 0.06971153846153846
2 0.6502403846153846 0.1814903846153846 0.07451923076923077 0.07211538461538461