2 0.671875 0.11298076923076923 0.09134615384615384 0.08533653846153846
2 0.6370192307692307 0.4170673076923077 0.09975961538461539 0.078125
2 0.734375 0.3605769230769231 0.09975961538461539 0.08413461538461539
2 0.6454326923076923 0.5408653846153846 0.0985576923076923 0.08413461538461539
2 0.6850961538461539 0.8954326923076923 0.09014423076923077 0.08653846153846154
2 0.3798076923076923 0.5721153846153846 0.06490384615384616 0.0625
2 0.2764423076923077 0.5384615384615384 0.09014423076923077 0.06610576923076923
0 0.2764423076923077 0.3737980769230769 0.05889423076923077 0.052884615384615384
2 0.34134615384615385 0.3401442307692308 0.0733173076923077 0.055288461538461536
2 0.20552884615384615 0.41586538461538464 0.07091346153846154 0.06370192307692307
2 0.36778846153846156 0.5036057692307693 0.07572115384615384 0.057692307692307696
1 0.7055288461538461 0.22716346153846154 0.10096153846153846 0.07091346153846154
1 0.6550480769230769 0.28966346153846156 0.109375 0.07572115384615384
1 0.8016826923076923 0.2800480769230769 0.09375 0.07211538461538461
1 0.7572115384615384 0.515625 0.09615384615384616 0.08052884615384616
1 0.7427884615384616 0.59375 0.06971153846153846 0.06129807692307692
1 0.6622596153846154 0.7259615384615384 0.08774038461538461 0.07572115384615384
1 0.7740384615384616 0.7307692307692307 0.09014423076923077 0.07091346153846154
1 0.35216346153846156 0.28846153846153844 0.08052884615384616 0.055288461538461536
1 0.22956730769230768 0.47716346153846156 0.078125 0.04927884615384615
1 0.3798076923076923 0.671875 0.0625 0.051682692307692304
0 0.7704326923076923 0.10817307692307693 0.08774038461538461 0.07692307692307693
0 0.7800480769230769 0.44350961538461536 0.08413461538461539 0.06370192307692307
0 0.6358173076923077 0.6274038461538461 0.1045673076923077 0.06850961538461539
0 0.7908653846153846 0.6442307692307693 0.07932692307692307 0.06129807692307692
0 0.7584134615384616 0.8064903846153846 0.09495192307692307 0.08173076923076923
0 0.3161057692307692 0.41947115384615385 0.07692307692307693 0.06009615384615385
0 0.42908653846153844 0.4639423076923077 0.07211538461538461 0.057692307692307696
0 0.4639423076923077 0.5889423076923077 0.07572115384615384 0.06009615384615385
0 0.265625 0.6418269230769231 0.07451923076923077 0.06009615384615385