2 0.4254807692307692 0.31009615384615385 0.0889423076923077 0.08173076923076923
2 0.20793269230769232 0.2512019230769231 0.0985576923076923 0.07932692307692307
2 0.10817307692307693 0.40865384615384615 0.09134615384615384 0.07211538461538461
2 0.26322115384615385 0.578125 0.0889423076923077 0.07211538461538461
2 0.3473557692307692 0.6466346153846154 0.0985576923076923 0.07932692307692307
2 0.24639423076923078 0.703125 0.09134615384615384 0.08413461538461539
2 0.3858173076923077 0.8942307692307693 0.09375 0.09134615384615384
2 0.53125 0.3918269230769231 0.09375 0.08653846153846154
2 0.6682692307692307 0.328125 0.09134615384615384 0.07932692307692307
2 0.7668269230769231 0.38100961538461536 0.10817307692307693 0.09615384615384616
1 0.4519230769230769 0.546875 0.0985576923076923 0.09615384615384616
1 0.5336538461538461 0.5528846153846154 0.0889423076923077 0.08173076923076923
1 0.7307692307692307 0.5456730769230769 0.10096153846153846 0.08413461538461539
1 0.7091346153846154 0.6550480769230769 0.11057692307692307 0.09375
1 0.5192307692307693 0.6862980769230769 0.10096153846153846 0.09615384615384616
1 0.2932692307692308 0.5216346153846154 0.08413461538461539 0.0673076923076923
1 0.042067307692307696 0.46875 0.08413461538461539 0.07692307692307693
1 0.31009615384615385 0.21153846153846154 0.09134615384615384 0.07932692307692307
1 0.3389423076923077 0.13221153846153846 0.09375 0.07692307692307693
1 0.15865384615384615 0.3233173076923077 0.0985576923076923 0.07692307692307693
0 0.24519230769230768 0.4423076923076923 0.0889423076923077 0.07211538461538461
0 0.33653846153846156 0.4026442307692308 0.08653846153846154 0.07692307692307693
0 0.15264423076923078 0.6598557692307693 0.10576923076923077 0.07451923076923077
0 0.3245192307692308 0.8425480769230769 0.0889423076923077 0.07932692307692307
0 0.6201923076923077 0.8353365384615384 0.11778846153846154 0.09615384615384616
0 0.6382211538461539 0.4879807692307692 0.10817307692307693 0.09615384615384616
0 0.6334134615384616 0.23557692307692307 0.09134615384615384 0.07692307692307693
0 0.5949519230769231 0.18870192307692307 0.09615384615384616 0.08653846153846154
0 0.5745192307692307 0.12379807692307693 0.10096153846153846 0.08173076923076923
0 0.42908653846153844 0.16947115384615385 0.11057692307692307 0.09375