2 0.365625 0.26484375 0.1890625 0.1421875
2 0.1796875 0.3515625 0.1890625 0.1515625
2 0.66640625 0.73125 0.1703125 0.1375
2 0.7734375 0.60546875 0.1671875 0.1234375
2 0.35625 0.56171875 0.146875 0.13125
1 0.90703125 0.4953125 0.15625 0.13125
1 0.765625 0.46796875 0.15 0.1140625
1 0.49375 0.56171875 0.153125 0.1171875
1 0.1109375 0.56875 0.15 0.134375
1 0.1921875 0.68046875 0.178125 0.13125
0 0.38359375 0.7828125 0.1703125 0.13125
0 0.4640625 0.415625 0.1578125 0.134375
0 0.65546875 0.35859375 0.159375 0.109375
0 0.58359375 0.25234375 0.1625 0.1375
0 0.74296875 0.20703125 0.165625 0.1265625