0 0.21754807692307693 0.2704326923076923 0.10576923076923077 0.09615384615384616
0 0.35096153846153844 0.296875 0.10576923076923077 0.07932692307692307
0 0.4723557692307692 0.2764423076923077 0.09615384615384616 0.0889423076923077
0 0.2800480769230769 0.45072115384615385 0.10336538461538461 0.08653846153846154
0 0.36778846153846156 0.40024038461538464 0.0889423076923077 0.07932692307692307
0 0.4362980769230769 0.4879807692307692 0.09134615384615384 0.07692307692307693
0 0.47836538461538464 0.421875 0.09375 0.08173076923076923
0 0.2860576923076923 0.5564903846153846 0.08413461538461539 0.0673076923076923
0 0.49759615384615385 0.5865384615384616 0.0889423076923077 0.07211538461538461
0 0.48677884615384615 0.6694711538461539 0.08413461538461539 0.0673076923076923
2 0.2512019230769231 0.6490384615384616 0.10817307692307693 0.07692307692307693
2 0.3485576923076923 0.5985576923076923 0.10817307692307693 0.08413461538461539
2 0.5661057692307693 0.421875 0.07692307692307693 0.0625
2 0.625 0.38341346153846156 0.07692307692307693 0.06971153846153846
2 0.6153846153846154 0.5132211538461539 0.08653846153846154 0.0625
2 0.6286057692307693 0.4495192307692308 0.07692307692307693 0.06009615384615385
2 0.6850961538461539 0.38221153846153844 0.055288461538461536 0.06490384615384616
2 0.7319711538461539 0.3737980769230769 0.057692307692307696 0.0625
2 0.5396634615384616 0.5024038461538461 0.07692307692307693 0.0625
2 0.6923076923076923 0.5012019230769231 0.06971153846153846 0.06009615384615385
1 0.5444711538461539 0.7536057692307693 0.08413461538461539 0.0625
1 0.78125 0.4519230769230769 0.07211538461538461 0.06490384615384616
1 0.9014423076923077 0.5769230769230769 0.07692307692307693 0.0673076923076923
1 0.9314903846153846 0.5132211538461539 0.06971153846153846 0.052884615384615384
1 0.5432692307692307 0.7019230769230769 0.0673076923076923 0.052884615384615384
1 0.8088942307692307 0.5240384615384616 0.07932692307692307 0.06490384615384616
1 0.6899038461538461 0.578125 0.07451923076923077 0.0625
1 0.609375 0.6682692307692307 0.07932692307692307 0.06971153846153846
1 0.7223557692307693 0.6802884615384616 0.08173076923076923 0.06971153846153846
1 0.8209134615384616 0.6442307692307693 0.08413461538461539 0.0625