0 0.5600961538461539 0.24278846153846154 0.09134615384615384 0.06971153846153846
0 0.5456730769230769 0.18870192307692307 0.08653846153846154 0.07211538461538461
2 0.734375 0.3137019230769231 0.0889423076923077 0.08413461538461539
0 0.7956730769230769 0.2704326923076923 0.08653846153846154 0.07451923076923077
0 0.6586538461538461 0.31850961538461536 0.0889423076923077 0.0673076923076923
0 0.5108173076923077 0.30528846153846156 0.08653846153846154 0.07692307692307693
0 0.3737980769230769 0.4639423076923077 0.08653846153846154 0.07451923076923077
0 0.7427884615384616 0.5372596153846154 0.0889423076923077 0.07451923076923077
0 0.4483173076923077 0.5817307692307693 0.09375 0.07932692307692307
0 0.8161057692307693 0.6213942307692307 0.08653846153846154 0.07451923076923077
1 0.6899038461538461 0.71875 0.08173076923076923 0.07692307692307693
0 0.75 0.6670673076923077 0.07451923076923077 0.0673076923076923
1 0.38221153846153844 0.19110576923076922 0.09375 0.07211538461538461
1 0.4963942307692308 0.4026442307692308 0.08413461538461539 0.07211538461538461
1 0.515625 0.49759615384615385 0.09615384615384616 0.08173076923076923
1 0.3004807692307692 0.5264423076923077 0.10096153846153846 0.08653846153846154
1 0.35336538461538464 0.703125 0.10336538461538461 0.09134615384615384
1 0.5877403846153846 0.8257211538461539 0.07932692307692307 0.0625
1 0.38822115384615385 0.8028846153846154 0.09615384615384616 0.07451923076923077
1 0.5024038461538461 0.734375 0.10576923076923077 0.08413461538461539
1 0.5925480769230769 0.5769230769230769 0.08413461538461539 0.06971153846153846
2 0.359375 0.29447115384615385 0.09134615384615384 0.08413461538461539
2 0.33653846153846156 0.37259615384615385 0.11057692307692307 0.07932692307692307
2 0.2668269230769231 0.4266826923076923 0.0889423076923077 0.07451923076923077
2 0.6334134615384616 0.39302884615384615 0.12259615384615384 0.08653846153846154
2 0.671875 0.26802884615384615 0.07692307692307693 0.06490384615384616
2 0.7992788461538461 0.49278846153846156 0.08653846153846154 0.07211538461538461
2 0.640625 0.47596153846153844 0.09615384615384616 0.08413461538461539
2 0.6658653846153846 0.6189903846153846 0.09615384615384616 0.08653846153846154
2 0.5637019230769231 0.6550480769230769 0.08173076923076923 0.07692307692307693