2 0.1953125 0.6703125 0.128125 0.1375
2 0.47265625 0.759375 0.14375 0.14375
2 0.23984375 0.33359375 0.0921875 0.09375
2 0.7 0.36328125 0.103125 0.0984375
2 0.8109375 0.36953125 0.09375 0.0921875
2 0.646875 0.2671875 0.09375 0.0828125
2 0.45078125 0.4484375 0.084375 0.090625
2 0.34609375 0.37421875 0.0828125 0.0609375
1 0.46015625 0.54609375 0.1140625 0.1171875
1 0.3578125 0.42734375 0.096875 0.08125
1 0.33359375 0.3078125 0.0859375 0.08125
1 0.20234375 0.509375 0.1 0.1078125
1 0.51484375 0.3921875 0.0796875 0.0828125
1 0.59453125 0.35234375 0.0890625 0.090625
1 0.6984375 0.45390625 0.1125 0.1015625
1 0.84765625 0.65 0.1375 0.13125
0 0.92578125 0.44921875 0.109375 0.11875
0 0.8234375 0.525 0.1359375 0.109375
0 0.71953125 0.5859375 0.1171875 0.140625
0 0.33046875 0.59140625 0.109375 0.13125
0 0.1171875 0.3984375 0.0875 0.103125
0 0.12578125 0.31875 0.0984375 0.1109375
0 0.46171875 0.19375 0.0875 0.08125
0 0.4015625 0.2984375 0.0765625 0.1