2 0.0829326923076923 0.265625 0.10096153846153846 0.07692307692307693
2 0.19591346153846154 0.3858173076923077 0.08653846153846154 0.07211538461538461
2 0.0625 0.4795673076923077 0.09615384615384616 0.07211538461538461
2 0.2920673076923077 0.49278846153846156 0.07932692307692307 0.0625
2 0.25961538461538464 0.5817307692307693 0.08173076923076923 0.06490384615384616
2 0.4675480769230769 0.5264423076923077 0.06009615384615385 0.04567307692307692
0 0.4362980769230769 0.47716346153846156 0.0625 0.055288461538461536
2 0.5048076923076923 0.4735576923076923 0.07211538461538461 0.05048076923076923
2 0.4026442307692308 0.4074519230769231 0.08173076923076923 0.057692307692307696
2 0.7067307692307693 0.24639423076923078 0.08413461538461539 0.08173076923076923
2 0.8425480769230769 0.5492788461538461 0.0625 0.0673076923076923
1 0.25841346153846156 0.23918269230769232 0.07932692307692307 0.06971153846153846
1 0.0733173076923077 0.34375 0.0985576923076923 0.07932692307692307
1 0.30528846153846156 0.3701923076923077 0.06009615384615385 0.04807692307692308
1 0.7824519230769231 0.14302884615384615 0.07692307692307693 0.07932692307692307
1 0.8016826923076923 0.2512019230769231 0.07211538461538461 0.07211538461538461
1 0.8377403846153846 0.38822115384615385 0.07211538461538461 0.07932692307692307
1 0.9098557692307693 0.5889423076923077 0.057692307692307696 0.05048076923076923
1 0.8954326923076923 0.5348557692307693 0.05048076923076923 0.05048076923076923
0 0.8665865384615384 0.6875 0.06971153846153846 0.07211538461538461
1 0.9411057692307693 0.6814903846153846 0.06009615384615385 0.0625
1 0.7283653846153846 0.3605769230769231 0.0889423076923077 0.07932692307692307
0 0.640625 0.14903846153846154 0.11538461538461539 0.10336538461538461
0 0.3329326923076923 0.28125 0.07932692307692307 0.07692307692307693
0 0.30528846153846156 0.4362980769230769 0.06971153846153846 0.04807692307692308
0 0.1814903846153846 0.5360576923076923 0.0889423076923077 0.0673076923076923
0 0.3473557692307692 0.5480769230769231 0.07692307692307693 0.057692307692307696
0 0.4050480769230769 0.6298076923076923 0.06971153846153846 0.06009615384615385
0 0.7475961538461539 0.45913461538461536 0.09615384615384616 0.08413461538461539
0 0.8858173076923077 0.45913461538461536 0.07451923076923077 0.0625