2 0.88046875 0.5421875 0.121875 0.121875
2 0.7609375 0.5921875 0.15546875 0.10859375
2 0.203125 0.590625 0.1671875 0.11875
2 0.33046875 0.903125 0.18671875 0.13359375
2 0.65625 0.7546875 0.18046875 0.12890625
1 0.63984375 0.49296875 0.13984375 0.12265625
1 0.525 0.39609375 0.171875 0.10859375
1 0.30390625 0.21015625 0.2 0.1484375
1 0.48984375 0.85859375 0.175 0.14375
1 0.353125 0.70078125 0.171875 0.146875
0 0.834375 0.2859375 0.17734375 0.13515625
0 0.5140625 0.64296875 0.1765625 0.11796875
0 0.209375 0.48359375 0.17109375 0.134375
0 0.54765625 0.23046875 0.18203125 0.134375
0 0.6734375 0.1234375 0.178125 0.13125