0 0.4375 0.85234375 0.115625 0.14375
0 0.54140625 0.71640625 0.1046875 0.096875
0 0.59765625 0.57734375 0.0921875 0.1109375
0 0.7640625 0.6265625 0.0984375 0.1046875
0 0.74765625 0.5 0.109375 0.0953125
0 0.503125 0.42265625 0.1078125 0.0859375
0 0.27578125 0.48828125 0.103125 0.1078125
0 0.3609375 0.23671875 0.06875 0.0671875
2 0.19296875 0.46328125 0.08125 0.0734375
2 0.359375 0.64140625 0.109375 0.11875
2 0.47265625 0.5859375 0.0890625 0.109375
2 0.3875 0.39609375 0.084375 0.090625
2 0.26875 0.32890625 0.0828125 0.0734375
2 0.490625 0.35078125 0.0703125 0.08125
2 0.875 0.496875 0.0921875 0.1171875
2 0.6703125 0.40078125 0.0828125 0.0796875
1 0.62109375 0.3359375 0.0703125 0.0625
1 0.5515625 0.29140625 0.0734375 0.071875
1 0.56328125 0.24921875 0.0625 0.05625
1 0.3921875 0.30859375 0.0875 0.071875
1 0.190625 0.70625 0.109375 0.1203125
1 0.2328125 0.5875 0.0984375 0.0890625
1 0.6796875 0.721875 0.0984375 0.1140625
1 0.6125 0.80703125 0.1140625 0.121875