1 0.91171875 0.5625 0.0609375 0.0703125
1 0.82421875 0.52734375 0.0625 0.06875
1 0.71640625 0.5171875 0.06875 0.0734375
1 0.59453125 0.50703125 0.05625 0.06875
1 0.53203125 0.4984375 0.0765625 0.0703125
1 0.4984375 0.41328125 0.0515625 0.0578125
1 0.21796875 0.41640625 0.0484375 0.0453125
1 0.134375 0.459375 0.0578125 0.0703125
0 0.0734375 0.42734375 0.0640625 0.0734375
0 0.2296875 0.47421875 0.0578125 0.065625
0 0.29921875 0.4140625 0.0484375 0.05625
0 0.26484375 0.3859375 0.0453125 0.05
0 0.37890625 0.43984375 0.05625 0.0625
0 0.65 0.4390625 0.0578125 0.059375
0 0.71171875 0.44765625 0.053125 0.0640625
0 0.7828125 0.45078125 0.0625 0.06875
2 0.834375 0.4515625 0.059375 0.0703125
2 0.6546875 0.51640625 0.071875 0.071875
2 0.5625 0.44453125 0.071875 0.05625
2 0.45078125 0.41875 0.0546875 0.0578125
2 0.46171875 0.47890625 0.06875 0.0625
2 0.40234375 0.5078125 0.0703125 0.0625
2 0.3296875 0.4859375 0.071875 0.071875
2 0.134375 0.38671875 0.0640625 0.0515625