2 0.5132211538461539 0.18509615384615385 0.07572115384615384 0.0625
2 0.5733173076923077 0.25600961538461536 0.06850961538461539 0.054086538461538464
0 0.4014423076923077 0.27524038461538464 0.06370192307692307 0.04927884615384615
2 0.4579326923076923 0.25600961538461536 0.056490384615384616 0.05048076923076923
2 0.5012019230769231 0.3449519230769231 0.06370192307692307 0.055288461538461536
2 0.45552884615384615 0.4879807692307692 0.06370192307692307 0.06009615384615385
2 0.515625 0.5528846153846154 0.06971153846153846 0.06490384615384616
2 0.6971153846153846 0.6550480769230769 0.08052884615384616 0.0673076923076923
2 0.2800480769230769 0.5204326923076923 0.0733173076923077 0.051682692307692304
2 0.2776442307692308 0.6346153846153846 0.057692307692307696 0.054086538461538464
0 0.22235576923076922 0.38822115384615385 0.0625 0.046875
2 0.265625 0.34615384615384615 0.05889423076923077 0.046875
0 0.296875 0.27163461538461536 0.0673076923076923 0.052884615384615384
0 0.21995192307692307 0.2932692307692308 0.06370192307692307 0.054086538461538464
0 0.38341346153846156 0.3762019230769231 0.07451923076923077 0.051682692307692304
0 0.7740384615384616 0.5348557692307693 0.07692307692307693 0.07091346153846154
0 0.7067307692307693 0.4723557692307692 0.07211538461538461 0.0673076923076923
0 0.6033653846153846 0.59375 0.0733173076923077 0.0625
0 0.41947115384615385 0.5877403846153846 0.07451923076923077 0.051682692307692304
1 0.32091346153846156 0.7668269230769231 0.078125 0.0625
0 0.41466346153846156 0.7091346153846154 0.06490384615384616 0.06009615384615385
1 0.5841346153846154 0.6959134615384616 0.06610576923076923 0.057692307692307696
1 0.48677884615384615 0.6286057692307693 0.07692307692307693 0.052884615384615384
1 0.375 0.5276442307692307 0.06370192307692307 0.056490384615384616
1 0.3088942307692308 0.4362980769230769 0.07692307692307693 0.056490384615384616
1 0.5901442307692307 0.4326923076923077 0.07572115384615384 0.055288461538461536
1 0.6959134615384616 0.3858173076923077 0.09495192307692307 0.054086538461538464
1 0.5829326923076923 0.35096153846153844 0.0733173076923077 0.051682692307692304
1 0.6442307692307693 0.25 0.0673076923076923 0.06490384615384616
1 0.4110576923076923 0.1814903846153846 0.06850961538461539 0.05889423076923077