0 0.67578125 0.54296875 0.0796875 0.096875
0 0.6234375 0.3171875 0.0671875 0.103125
0 0.57265625 0.2671875 0.059375 0.0828125
0 0.640625 0.121875 0.0640625 0.0875
0 0.409375 0.38671875 0.078125 0.10625
0 0.51328125 0.540625 0.08125 0.1046875
0 0.28203125 0.66875 0.0703125 0.0921875
0 0.3390625 0.303125 0.0875 0.1046875
1 0.3078125 0.7796875 0.0828125 0.096875
1 0.125 0.690625 0.0875 0.09375
1 0.2234375 0.5125 0.0890625 0.0984375
1 0.309375 0.4203125 0.0828125 0.090625
1 0.4296875 0.275 0.071875 0.1078125
1 0.78671875 0.584375 0.0765625 0.0921875
1 0.878125 0.7015625 0.08125 0.11875
1 0.52421875 0.82421875 0.084375 0.1078125
2 0.575 0.69375 0.0859375 0.1359375
2 0.43828125 0.6609375 0.084375 0.1078125
2 0.440625 0.7859375 0.0890625 0.1359375
2 0.2046875 0.6515625 0.0796875 0.1109375
2 0.71640625 0.7828125 0.0859375 0.128125
2 0.79453125 0.4734375 0.0703125 0.125
2 0.58828125 0.5078125 0.06875 0.1140625
2 0.5265625 0.34765625 0.1 0.1015625