2 0.9359375 0.584375 0.075 0.075
2 0.725 0.5171875 0.0578125 0.065625
2 0.7625 0.459375 0.0625 0.0609375
2 0.61484375 0.45859375 0.0640625 0.0609375
2 0.571875 0.415625 0.059375 0.053125
2 0.521875 0.4859375 0.071875 0.0671875
2 0.4546875 0.35625 0.0796875 0.075
2 0.2296875 0.40078125 0.078125 0.0765625
1 0.084375 0.35234375 0.090625 0.090625
1 0.14375 0.29375 0.0734375 0.0734375
1 0.25390625 0.3484375 0.065625 0.05625
1 0.30546875 0.3796875 0.0703125 0.0703125
1 0.7671875 0.515625 0.059375 0.0640625
1 0.7125 0.46015625 0.053125 0.0515625
1 0.85 0.540625 0.0625 0.065625
1 0.840625 0.4796875 0.0578125 0.0640625
0 0.890625 0.5234375 0.0578125 0.065625
0 0.66875 0.5109375 0.065625 0.0734375
0 0.66171875 0.4546875 0.05625 0.059375
0 0.51328125 0.42578125 0.0609375 0.05625
0 0.4546875 0.4515625 0.06875 0.065625
0 0.40390625 0.40390625 0.0734375 0.0703125
0 0.3609375 0.365625 0.0578125 0.065625
0 0.1796875 0.33984375 0.0671875 0.0609375