1 0.3234375 0.28828125 0.059375 0.0546875
1 0.1328125 0.4390625 0.1 0.0765625
1 0.28125 0.65 0.1 0.1
1 0.6796875 0.53046875 0.0953125 0.0734375
1 0.65390625 0.4234375 0.0734375 0.0890625
1 0.7390625 0.68046875 0.1 0.1265625
1 0.615625 0.878125 0.1109375 0.159375
1 0.26953125 0.4546875 0.084375 0.0765625
2 0.28515625 0.55078125 0.1078125 0.09375
2 0.15859375 0.56328125 0.1015625 0.0796875
2 0.415625 0.43828125 0.078125 0.0625
2 0.39453125 0.36484375 0.0734375 0.0765625
2 0.4484375 0.7328125 0.0984375 0.1109375
2 0.52578125 0.62734375 0.0890625 0.0984375
2 0.78046875 0.56796875 0.08125 0.0765625
2 0.76171875 0.4296875 0.0953125 0.096875
0 0.9046875 0.7296875 0.1234375 0.15
0 0.63984375 0.65078125 0.0890625 0.1078125
0 0.29609375 0.75234375 0.0875 0.0890625
0 0.52109375 0.45390625 0.071875 0.0828125
0 0.578125 0.315625 0.0578125 0.06875
0 0.4734375 0.35 0.0796875 0.0640625
0 0.46015625 0.2984375 0.0734375 0.059375
0 0.25234375 0.33125 0.0703125 0.06875