2 0.7103365384615384 0.2283653846153846 0.08533653846153846 0.057692307692307696
2 0.3449519230769231 0.24519230769230768 0.0985576923076923 0.07572115384615384
2 0.3918269230769231 0.44711538461538464 0.09975961538461539 0.06971153846153846
2 0.5576923076923077 0.4891826923076923 0.07572115384615384 0.06490384615384616
2 0.45913461538461536 0.5516826923076923 0.08533653846153846 0.06129807692307692
2 0.578125 0.5528846153846154 0.09134615384615384 0.057692307692307696
2 0.6310096153846154 0.6646634615384616 0.07091346153846154 0.056490384615384616
2 0.6454326923076923 0.7247596153846154 0.06490384615384616 0.04927884615384615
2 0.859375 0.5324519230769231 0.06490384615384616 0.06009615384615385
2 0.6466346153846154 0.34375 0.05889423076923077 0.057692307692307696
1 0.4963942307692308 0.234375 0.07572115384615384 0.06850961538461539
1 0.31850961538461536 0.3798076923076923 0.07932692307692307 0.06490384615384616
1 0.6274038461538461 0.25961538461538464 0.06610576923076923 0.0673076923076923
1 0.5276442307692307 0.34375 0.08052884615384616 0.06610576923076923
1 0.6081730769230769 0.3942307692307692 0.078125 0.056490384615384616
1 0.7620192307692307 0.3762019230769231 0.0673076923076923 0.057692307692307696
1 0.7475961538461539 0.49158653846153844 0.07451923076923077 0.05889423076923077
1 0.4266826923076923 0.6177884615384616 0.07932692307692307 0.06490384615384616
1 0.328125 0.6682692307692307 0.09254807692307693 0.06971153846153846
1 0.47836538461538464 0.6887019230769231 0.08533653846153846 0.05889423076923077
0 0.7079326923076923 0.2848557692307692 0.07692307692307693 0.05889423076923077
0 0.4855769230769231 0.4230769230769231 0.07572115384615384 0.06370192307692307
0 0.34134615384615385 0.53125 0.09134615384615384 0.0673076923076923
0 0.265625 0.59375 0.08774038461538461 0.06971153846153846
0 0.6526442307692307 0.5024038461538461 0.07091346153846154 0.06009615384615385
0 0.7668269230769231 0.5576923076923077 0.06971153846153846 0.05889423076923077
0 0.7319711538461539 0.6887019230769231 0.06490384615384616 0.051682692307692304
0 0.8004807692307693 0.6382211538461539 0.06370192307692307 0.046875
0 0.7620192307692307 0.4326923076923077 0.06129807692307692 0.054086538461538464
0 0.5853365384615384 0.6177884615384616 0.06129807692307692 0.057692307692307696