2 0.50859375 0.378125 0.09375 0.10625
2 0.17265625 0.30703125 0.125 0.1140625
2 0.30390625 0.22734375 0.096875 0.1
2 0.69609375 0.22421875 0.0796875 0.08125
2 0.53515625 0.71796875 0.11875 0.1578125
2 0.74140625 0.36015625 0.0890625 0.0734375
2 0.10546875 0.4875 0.1390625 0.11875
2 0.81015625 0.87109375 0.1515625 0.1515625
0 0.64921875 0.5125 0.1234375 0.1328125
0 0.3796875 0.55078125 0.128125 0.125
0 0.6328125 0.3828125 0.0984375 0.115625
0 0.61796875 0.2953125 0.1 0.103125
0 0.88515625 0.58203125 0.1046875 0.13125
0 0.7984375 0.4859375 0.1046875 0.0953125
0 0.7796875 0.42109375 0.090625 0.0734375
0 0.11875 0.603125 0.140625 0.1453125
1 0.45 0.17421875 0.084375 0.0921875
1 0.54296875 0.1546875 0.0734375 0.0703125
1 0.42265625 0.2890625 0.103125 0.1015625
1 0.5109375 0.5015625 0.1265625 0.121875
1 0.6265625 0.7984375 0.1359375 0.1609375
1 0.82265625 0.74609375 0.1265625 0.1234375
1 0.9453125 0.65703125 0.0796875 0.103125
1 0.76953125 0.30234375 0.0828125 0.078125