2 0.43990384615384615 0.1622596153846154 0.055288461538461536 0.057692307692307696
2 0.42908653846153844 0.1201923076923077 0.05048076923076923 0.05048076923076923
2 0.14182692307692307 0.5048076923076923 0.10336538461538461 0.10336538461538461
2 0.5829326923076923 0.5204326923076923 0.06490384615384616 0.0625
2 0.49158653846153844 0.5144230769230769 0.05048076923076923 0.057692307692307696
2 0.3942307692307692 0.6358173076923077 0.057692307692307696 0.06490384615384616
2 0.5288461538461539 0.75 0.07692307692307693 0.0889423076923077
2 0.5829326923076923 0.7043269230769231 0.057692307692307696 0.07211538461538461
2 0.5805288461538461 0.8930288461538461 0.07932692307692307 0.09375
2 0.6153846153846154 0.8149038461538461 0.0673076923076923 0.0889423076923077
0 0.5576923076923077 0.9759615384615384 0.0673076923076923 0.04807692307692308
0 0.6947115384615384 0.8401442307692307 0.06490384615384616 0.08413461538461539
0 0.49278846153846156 0.8810096153846154 0.07211538461538461 0.08413461538461539
0 0.6081730769230769 0.6370192307692307 0.052884615384615384 0.0625
0 0.3798076923076923 0.7644230769230769 0.0625 0.06971153846153846
0 0.3449519230769231 0.34134615384615385 0.0673076923076923 0.06971153846153846
0 0.3581730769230769 0.28966346153846156 0.06009615384615385 0.055288461538461536
0 0.30408653846153844 0.25240384615384615 0.06490384615384616 0.0625
0 0.37259615384615385 0.13581730769230768 0.0625 0.06009615384615385
0 0.46634615384615385 0.6586538461538461 0.05048076923076923 0.06009615384615385
1 0.43149038461538464 0.8112980769230769 0.0625 0.06490384615384616
1 0.5444711538461539 0.625 0.055288461538461536 0.0625
1 0.41346153846153844 0.6923076923076923 0.057692307692307696 0.055288461538461536
1 0.44711538461538464 0.5817307692307693 0.05048076923076923 0.06490384615384616
1 0.40865384615384615 0.5576923076923077 0.04326923076923077 0.05048076923076923
1 0.24639423076923078 0.5024038461538461 0.0889423076923077 0.09375
1 0.28846153846153844 0.3942307692307692 0.07211538461538461 0.06971153846153846
1 0.21754807692307693 0.4182692307692308 0.06971153846153846 0.07692307692307693
1 0.2644230769230769 0.3161057692307692 0.06490384615384616 0.06009615384615385
1 0.375 0.22596153846153846 0.06009615384615385 0.052884615384615384