1 0.8665865384615384 0.44350961538461536 0.0889423076923077 0.07932692307692307
1 0.9350961538461539 0.3858173076923077 0.0673076923076923 0.0673076923076923
1 0.7608173076923077 0.4254807692307692 0.08413461538461539 0.07932692307692307
1 0.7692307692307693 0.5360576923076923 0.08173076923076923 0.08413461538461539
1 0.5997596153846154 0.7331730769230769 0.10336538461538461 0.0889423076923077
1 0.6526442307692307 0.6826923076923077 0.09134615384615384 0.07211538461538461
1 0.47596153846153844 0.859375 0.10576923076923077 0.09375
0 0.3389423076923077 0.32211538461538464 0.07211538461538461 0.06490384615384616
1 0.4074519230769231 0.3112980769230769 0.0673076923076923 0.0673076923076923
0 0.4987980769230769 0.3173076923076923 0.07451923076923077 0.0625
1 0.5132211538461539 0.2608173076923077 0.07451923076923077 0.06009615384615385
1 0.3641826923076923 0.14543269230769232 0.07932692307692307 0.06971153846153846
2 0.21634615384615385 0.15384615384615385 0.09134615384615384 0.08413461538461539
2 0.4423076923076923 0.13822115384615385 0.07451923076923077 0.06490384615384616
2 0.34975961538461536 0.23677884615384615 0.07451923076923077 0.07211538461538461
2 0.39663461538461536 0.39663461538461536 0.07451923076923077 0.0625
2 0.13341346153846154 0.31971153846153844 0.09134615384615384 0.07932692307692307
2 0.26322115384615385 0.328125 0.08413461538461539 0.0673076923076923
2 0.2800480769230769 0.4963942307692308 0.07932692307692307 0.0673076923076923
2 0.36177884615384615 0.5072115384615384 0.07692307692307693 0.0673076923076923
2 0.6262019230769231 0.6262019230769231 0.0985576923076923 0.08173076923076923
2 0.8413461538461539 0.36538461538461536 0.07451923076923077 0.07211538461538461
0 0.8810096153846154 0.2848557692307692 0.0889423076923077 0.07692307692307693
0 0.6778846153846154 0.4831730769230769 0.0889423076923077 0.08653846153846154
0 0.7235576923076923 0.6237980769230769 0.08413461538461539 0.07692307692307693
0 0.4519230769230769 0.7728365384615384 0.11298076923076923 0.09615384615384616
0 0.1141826923076923 0.48197115384615385 0.10336538461538461 0.07692307692307693
0 0.21634615384615385 0.390625 0.08413461538461539 0.07451923076923077
0 0.33052884615384615 0.4519230769230769 0.0625 0.052884615384615384
0 0.17908653846153846 0.24759615384615385 0.09134615384615384 0.07932692307692307