2 0.821875 0.8078125 0.1125 0.125
2 0.58125 0.5671875 0.1171875 0.121875
2 0.58203125 0.4484375 0.0890625 0.0859375
2 0.43984375 0.296875 0.0984375 0.08125
2 0.38828125 0.41015625 0.0734375 0.0859375
2 0.19296875 0.46640625 0.11875 0.1046875
2 0.2234375 0.61875 0.121875 0.13125
2 0.478125 0.56640625 0.103125 0.1
0 0.753125 0.65390625 0.08125 0.09375
0 0.83671875 0.5765625 0.0984375 0.1
0 0.759375 0.46015625 0.0828125 0.0796875
0 0.6625 0.43046875 0.09375 0.096875
0 0.54453125 0.38828125 0.0796875 0.084375
0 0.4453125 0.4484375 0.0828125 0.0875
0 0.315625 0.52734375 0.1015625 0.103125
0 0.15390625 0.3578125 0.0875 0.078125
1 0.3921875 0.71796875 0.1234375 0.1203125
1 0.06171875 0.6734375 0.1234375 0.1375
1 0.3375 0.35078125 0.0859375 0.0875
1 0.2375 0.346875 0.1 0.0953125
1 0.571875 0.29921875 0.0875 0.0890625
1 0.85859375 0.67265625 0.1046875 0.1015625
1 0.68515625 0.6 0.096875 0.10625
1 0.56953125 0.859375 0.121875 0.146875