2 0.8796875 0.5484375 0.1234375 0.1234375
2 0.759375 0.596875 0.1578125 0.1109375
2 0.2015625 0.58515625 0.16875 0.121875
2 0.3234375 0.9 0.1890625 0.1375
2 0.6515625 0.75703125 0.1828125 0.1328125
1 0.63984375 0.4953125 0.1421875 0.125
1 0.5265625 0.396875 0.1734375 0.1109375
1 0.309375 0.20703125 0.203125 0.1515625
1 0.48359375 0.85859375 0.178125 0.146875
1 0.35 0.6984375 0.175 0.15
0 0.83828125 0.2921875 0.1796875 0.1375
0 0.51171875 0.64296875 0.178125 0.1203125
0 0.209375 0.47890625 0.1734375 0.1375
0 0.55234375 0.23125 0.184375 0.1375
0 0.6796875 0.1265625 0.1796875 0.134375