2 0.5252403846153846 0.28725961538461536 0.07572115384615384 0.08653846153846154
2 0.49399038461538464 0.18269230769230768 0.06610576923076923 0.07932692307692307
2 0.25600961538461536 0.2536057692307692 0.07211538461538461 0.08653846153846154
2 0.4675480769230769 0.5516826923076923 0.06370192307692307 0.0733173076923077
2 0.6778846153846154 0.5168269230769231 0.046875 0.0733173076923077
2 0.5240384615384616 0.7451923076923077 0.056490384615384616 0.07932692307692307
2 0.5456730769230769 0.6622596153846154 0.05889423076923077 0.06009615384615385
2 0.6105769230769231 0.8028846153846154 0.05889423076923077 0.09495192307692307
2 0.4266826923076923 0.7692307692307693 0.06850961538461539 0.08413461538461539
2 0.2980769230769231 0.6850961538461539 0.06129807692307692 0.0673076923076923
0 0.3233173076923077 0.29927884615384615 0.0673076923076923 0.08774038461538461
0 0.15985576923076922 0.27403846153846156 0.06850961538461539 0.09134615384615384
0 0.31490384615384615 0.5877403846153846 0.057692307692307696 0.0889423076923077
1 0.4423076923076923 0.3269230769230769 0.08052884615384616 0.10096153846153846
0 0.7271634615384616 0.3317307692307692 0.09014423076923077 0.10697115384615384
0 0.5649038461538461 0.1875 0.07451923076923077 0.0889423076923077
0 0.5444711538461539 0.5168269230769231 0.05048076923076923 0.06610576923076923
0 0.6310096153846154 0.49278846153846156 0.046875 0.052884615384615384
0 0.5336538461538461 0.8485576923076923 0.0673076923076923 0.08413461538461539
0 0.4254807692307692 0.9038461538461539 0.06971153846153846 0.08413461538461539
0 0.3954326923076923 0.6983173076923077 0.06490384615384616 0.07211538461538461
1 0.3557692307692308 0.8149038461538461 0.06490384615384616 0.07932692307692307
1 0.2512019230769231 0.6153846153846154 0.056490384615384616 0.0733173076923077
1 0.41586538461538464 0.5997596153846154 0.05048076923076923 0.05889423076923077
1 0.6045673076923077 0.59375 0.057692307692307696 0.0673076923076923
1 0.6875 0.609375 0.04927884615384615 0.07451923076923077
1 0.6117788461538461 0.27884615384615385 0.08413461538461539 0.08653846153846154
1 0.6971153846153846 0.22596153846153846 0.0673076923076923 0.08653846153846154
1 0.41947115384615385 0.22956730769230768 0.0673076923076923 0.08173076923076923
1 0.3317307692307692 0.17307692307692307 0.08173076923076923 0.08653846153846154