1 0.8671875 0.5578125 0.10234375 0.1
1 0.509375 0.75546875 0.11953125 0.096875
1 0.27578125 0.63359375 0.1609375 0.1
1 0.1 0.58984375 0.175 0.12265625
1 0.8078125 0.41015625 0.10234375 0.08359375
1 0.7203125 0.321875 0.13046875 0.0859375
1 0.44140625 0.28125 0.134375 0.1125
0 0.89375 0.3984375 0.09140625 0.0890625
0 0.78515625 0.49140625 0.134375 0.08125
0 0.534375 0.57890625 0.1453125 0.09765625
0 0.56484375 0.48671875 0.15078125 0.1015625
0 0.353125 0.48984375 0.17734375 0.12265625
0 0.5328125 0.371875 0.15234375 0.09609375
0 0.45234375 0.1484375 0.1453125 0.09296875
2 0.65625 0.734375 0.11328125 0.0890625
2 0.678125 0.6265625 0.1234375 0.11171875
2 0.56640625 0.21953125 0.15390625 0.11640625
2 0.14140625 0.28125 0.17421875 0.1234375
2 0.33671875 0.79453125 0.1640625 0.1125
2 0.6953125 0.4171875 0.140625 0.08828125
2 0.35234375 0.3640625 0.1359375 0.11796875