0 0.63203125 0.3578125 0.0828125 0.103125
0 0.66015625 0.43515625 0.0890625 0.1
0 0.74765625 0.740625 0.1015625 0.115625
0 0.46328125 0.65546875 0.0890625 0.1
0 0.4484375 0.42890625 0.0921875 0.0953125
0 0.2234375 0.58671875 0.1140625 0.11875
0 0.2703125 0.36953125 0.0921875 0.11875
0 0.2375 0.28203125 0.0921875 0.1
1 0.1359375 0.28671875 0.10625 0.1234375
1 0.1640625 0.4875 0.1 0.109375
1 0.371875 0.30234375 0.08125 0.0984375
1 0.42421875 0.578125 0.075 0.08125
1 0.35859375 0.6265625 0.0765625 0.0734375
1 0.8734375 0.64921875 0.09375 0.115625
1 0.571875 0.6703125 0.0765625 0.096875
1 0.590625 0.50546875 0.1 0.1234375
2 0.4546875 0.18203125 0.0984375 0.13125
2 0.43984375 0.33671875 0.0890625 0.0875
2 0.40859375 0.70078125 0.0828125 0.109375
2 0.2515625 0.7046875 0.11875 0.1296875
2 0.384375 0.50625 0.0953125 0.109375
2 0.51171875 0.7265625 0.10625 0.11875
2 0.6296875 0.6515625 0.084375 0.1046875
2 0.77734375 0.62265625 0.10625 0.1015625