2 0.40865384615384615 0.2920673076923077 0.06370192307692307 0.08413461538461539
2 0.7992788461538461 0.5901442307692307 0.04807692307692308 0.07091346153846154
2 0.6947115384615384 0.5276442307692307 0.042067307692307696 0.0673076923076923
2 0.6478365384615384 0.5060096153846154 0.037259615384615384 0.046875
2 0.765625 0.47115384615384615 0.04326923076923077 0.051682692307692304
1 0.5793269230769231 0.6850961538461539 0.046875 0.06490384615384616
1 0.5661057692307693 0.609375 0.036057692307692304 0.052884615384615384
2 0.6057692307692307 0.5865384615384616 0.04447115384615385 0.04567307692307692
2 0.6466346153846154 0.7632211538461539 0.055288461538461536 0.06971153846153846
1 0.40865384615384615 0.6358173076923077 0.046875 0.055288461538461536
2 0.45913461538461536 0.6454326923076923 0.04326923076923077 0.06610576923076923
2 0.41586538461538464 0.8810096153846154 0.054086538461538464 0.078125
2 0.6682692307692307 0.14182692307692307 0.051682692307692304 0.055288461538461536
1 0.33052884615384615 0.3173076923076923 0.06610576923076923 0.07692307692307693
1 0.27163461538461536 0.25841346153846156 0.056490384615384616 0.06370192307692307
1 0.5504807692307693 0.2403846153846154 0.055288461538461536 0.06129807692307692
1 0.4170673076923077 0.21153846153846154 0.06850961538461539 0.06009615384615385
0 0.6081730769230769 0.17668269230769232 0.06129807692307692 0.06490384615384616
1 0.6129807692307693 0.1141826923076923 0.051682692307692304 0.06129807692307692
1 0.6778846153846154 0.08052884615384616 0.05048076923076923 0.05889423076923077
1 0.7572115384615384 0.0733173076923077 0.057692307692307696 0.0625
0 0.5336538461538461 0.5673076923076923 0.039663461538461536 0.052884615384615384
0 0.4387019230769231 0.5745192307692307 0.054086538461538464 0.055288461538461536
0 0.4387019230769231 0.7620192307692307 0.05889423076923077 0.06370192307692307
0 0.5420673076923077 0.7716346153846154 0.057692307692307696 0.06850961538461539
0 0.5 0.8521634615384616 0.06129807692307692 0.07451923076923077
0 0.6586538461538461 0.6586538461538461 0.05048076923076923 0.06490384615384616
0 0.546875 0.1346153846153846 0.054086538461538464 0.055288461538461536
0 0.4483173076923077 0.15745192307692307 0.06009615384615385 0.05889423076923077
0 0.7403846153846154 0.15865384615384615 0.054086538461538464 0.0673076923076923