1 0.6390625 0.23125 0.0796875 0.0796875
1 0.503125 0.2578125 0.0671875 0.059375
1 0.4734375 0.6140625 0.109375 0.1109375
1 0.471875 0.77109375 0.1203125 0.1328125
1 0.36015625 0.68203125 0.115625 0.1453125
1 0.62109375 0.440625 0.0890625 0.090625
1 0.49140625 0.4359375 0.103125 0.1
1 0.6828125 0.3625 0.0953125 0.0890625
2 0.7875 0.4234375 0.0875 0.0890625
2 0.7390625 0.4890625 0.115625 0.090625
2 0.51796875 0.34765625 0.0953125 0.0796875
2 0.40234375 0.49296875 0.090625 0.1171875
2 0.44375 0.28671875 0.06875 0.0828125
2 0.35390625 0.2734375 0.09375 0.0875
2 0.2515625 0.43125 0.1078125 0.1
2 0.13515625 0.65625 0.1421875 0.1515625
0 0.23359375 0.56015625 0.121875 0.1140625
0 0.26953125 0.34609375 0.09375 0.0875
0 0.18671875 0.2671875 0.1015625 0.0796875
0 0.28359375 0.18203125 0.0859375 0.0703125
0 0.59140625 0.746875 0.1046875 0.1390625
0 0.72109375 0.6921875 0.13125 0.14375
0 0.8734375 0.6140625 0.096875 0.0875
0 0.62578125 0.56875 0.1078125 0.11875