2 0.8859375 0.45078125 0.0515625 0.0453125
2 0.66171875 0.4375 0.0515625 0.046875
2 0.59140625 0.39609375 0.05 0.0375
2 0.50390625 0.39453125 0.046875 0.040625
2 0.32578125 0.4265625 0.05 0.0484375
2 0.2390625 0.42734375 0.059375 0.0453125
2 0.16796875 0.36640625 0.053125 0.040625
2 0.5515625 0.45625 0.05 0.040625
0 0.17109375 0.428125 0.053125 0.05
0 0.2421875 0.390625 0.0453125 0.034375
0 0.47109375 0.43671875 0.0453125 0.040625
0 0.50625 0.43984375 0.0421875 0.0453125
0 0.55546875 0.4203125 0.0359375 0.03125
0 0.79140625 0.484375 0.0515625 0.0421875
0 0.8546875 0.48515625 0.053125 0.0421875
0 0.81953125 0.4296875 0.0484375 0.04375
1 0.10859375 0.39765625 0.05625 0.0421875
1 0.33828125 0.3734375 0.046875 0.040625
1 0.38125 0.42421875 0.040625 0.040625
1 0.425 0.409375 0.0390625 0.04375
1 0.60625 0.46015625 0.0484375 0.0546875
1 0.7390625 0.459375 0.0484375 0.040625
1 0.76015625 0.4171875 0.0515625 0.0484375
1 0.696875 0.4046875 0.0421875 0.0328125