1 0.5024038461538461 0.052884615384615384 0.052884615384615384 0.04567307692307692
1 0.5432692307692307 0.08173076923076923 0.0673076923076923 0.052884615384615384
1 0.4567307692307692 0.140625 0.04567307692307692 0.057692307692307696
1 0.484375 0.23317307692307693 0.057692307692307696 0.0673076923076923
1 0.33774038461538464 0.3233173076923077 0.057692307692307696 0.0625
1 0.2800480769230769 0.4026442307692308 0.0625 0.07692307692307693
1 0.24759615384615385 0.5264423076923077 0.08653846153846154 0.08173076923076923
2 0.6213942307692307 0.4567307692307692 0.04807692307692308 0.0625
1 0.6045673076923077 0.4098557692307692 0.04326923076923077 0.038461538461538464
1 0.6670673076923077 0.5625 0.04326923076923077 0.057692307692307696
1 0.609375 0.5576923076923077 0.04807692307692308 0.04807692307692308
2 0.5240384615384616 0.13221153846153846 0.0625 0.055288461538461536
2 0.36177884615384615 0.3701923076923077 0.06009615384615385 0.0673076923076923
2 0.7487980769230769 0.4050480769230769 0.057692307692307696 0.057692307692307696
2 0.7355769230769231 0.6225961538461539 0.052884615384615384 0.06971153846153846
2 0.5480769230769231 0.7427884615384616 0.057692307692307696 0.06009615384615385
2 0.5216346153846154 0.6826923076923077 0.04807692307692308 0.0625
2 0.5925480769230769 0.6153846153846154 0.04326923076923077 0.05048076923076923
2 0.6213942307692307 0.8918269230769231 0.0625 0.09134615384615384
2 0.49399038461538464 0.8894230769230769 0.052884615384615384 0.09615384615384616
0 0.4074519230769231 0.17067307692307693 0.052884615384615384 0.057692307692307696
0 0.3713942307692308 0.25240384615384615 0.052884615384615384 0.057692307692307696
0 0.41466346153846156 0.3004807692307692 0.05048076923076923 0.0625
0 0.36538461538461536 0.46153846153846156 0.0673076923076923 0.07211538461538461
0 0.7560096153846154 0.46634615384615385 0.05048076923076923 0.052884615384615384
0 0.6923076923076923 0.42788461538461536 0.040865384615384616 0.052884615384615384
0 0.7151442307692307 0.5132211538461539 0.05048076923076923 0.055288461538461536
0 0.5661057692307693 0.44350961538461536 0.04807692307692308 0.055288461538461536
0 0.5685096153846154 0.5348557692307693 0.038461538461538464 0.052884615384615384
0 0.65625 0.65625 0.052884615384615384 0.06490384615384616