2 0.24879807692307693 0.3605769230769231 0.06490384615384616 0.055288461538461536
2 0.5264423076923077 0.22355769230769232 0.07932692307692307 0.0673076923076923
2 0.43149038461538464 0.4014423076923077 0.08413461538461539 0.0673076923076923
2 0.24278846153846154 0.49158653846153844 0.07451923076923077 0.055288461538461536
2 0.5588942307692307 0.5336538461538461 0.07692307692307693 0.06971153846153846
2 0.6899038461538461 0.5769230769230769 0.07211538461538461 0.06490384615384616
2 0.6899038461538461 0.6334134615384616 0.08653846153846154 0.0673076923076923
2 0.5961538461538461 0.6334134615384616 0.08653846153846154 0.0625
2 0.3858173076923077 0.7872596153846154 0.06490384615384616 0.052884615384615384
2 0.5348557692307693 0.8269230769230769 0.08173076923076923 0.0673076923076923
0 0.6454326923076923 0.15504807692307693 0.07211538461538461 0.06009615384615385
0 0.6430288461538461 0.33413461538461536 0.08173076923076923 0.06490384615384616
0 0.5096153846153846 0.40384615384615385 0.07932692307692307 0.057692307692307696
0 0.4543269230769231 0.5204326923076923 0.07692307692307693 0.06009615384615385
0 0.4206730769230769 0.4795673076923077 0.07692307692307693 0.06009615384615385
0 0.33533653846153844 0.5336538461538461 0.06971153846153846 0.055288461538461536
0 0.16466346153846154 0.515625 0.07451923076923077 0.0625
0 0.23076923076923078 0.6670673076923077 0.06971153846153846 0.057692307692307696
0 0.3786057692307692 0.8413461538461539 0.07932692307692307 0.06009615384615385
0 0.5925480769230769 0.6875 0.08413461538461539 0.06490384615384616
1 0.4423076923076923 0.7560096153846154 0.06971153846153846 0.06009615384615385
1 0.6598557692307693 0.5120192307692307 0.08413461538461539 0.07211538461538461
1 0.7668269230769231 0.36778846153846156 0.08173076923076923 0.07211538461538461
1 0.4014423076923077 0.6442307692307693 0.07211538461538461 0.0625
1 0.3329326923076923 0.6923076923076923 0.07451923076923077 0.06971153846153846
1 0.15745192307692307 0.6394230769230769 0.06009615384615385 0.055288461538461536
1 0.27524038461538464 0.42427884615384615 0.07451923076923077 0.0673076923076923
1 0.328125 0.2620192307692308 0.07692307692307693 0.06009615384615385
1 0.4098557692307692 0.27524038461538464 0.08173076923076923 0.0625
1 0.6646634615384616 0.24639423076923078 0.08173076923076923 0.06971153846153846