1 0.8453125 0.303125 0.0921875 0.0734375
1 0.5234375 0.39765625 0.0921875 0.0875
1 0.4921875 0.33828125 0.08125 0.075
1 0.20859375 0.3109375 0.08125 0.0734375
1 0.09296875 0.41328125 0.071875 0.0703125
1 0.25 0.253125 0.065625 0.053125
1 0.3578125 0.4890625 0.1015625 0.1109375
1 0.51015625 0.47265625 0.1078125 0.1015625
2 0.7578125 0.33125 0.103125 0.1078125
2 0.63046875 0.415625 0.103125 0.1078125
2 0.4421875 0.58359375 0.09375 0.1
2 0.41953125 0.69921875 0.153125 0.1546875
2 0.246875 0.6640625 0.140625 0.10625
2 0.36640625 0.3703125 0.0921875 0.0953125
2 0.29765625 0.31796875 0.0703125 0.0609375
2 0.3640625 0.2125 0.06875 0.0734375
0 0.62578125 0.3421875 0.0953125 0.08125
0 0.56796875 0.28984375 0.0875 0.0765625
0 0.515625 0.259375 0.0703125 0.059375
0 0.43671875 0.3796875 0.084375 0.0859375
0 0.60703125 0.621875 0.134375 0.1265625
0 0.20703125 0.578125 0.1015625 0.1125
0 0.140625 0.45703125 0.0796875 0.0734375
0 0.24453125 0.39375 0.09375 0.09375