0 0.49921875 0.47734375 0.065625 0.0890625
0 0.58125 0.2953125 0.0984375 0.1
0 0.615625 0.21484375 0.0734375 0.1015625
0 0.24921875 0.25078125 0.08125 0.1
0 0.24921875 0.38828125 0.090625 0.103125
0 0.46171875 0.58515625 0.1 0.1203125
0 0.5390625 0.72109375 0.10625 0.1328125
0 0.33046875 0.68828125 0.0875 0.13125
1 0.74921875 0.61171875 0.0875 0.1125
1 0.6890625 0.66953125 0.0875 0.1140625
1 0.6203125 0.5703125 0.0890625 0.1046875
1 0.246875 0.7078125 0.0859375 0.1140625
1 0.334375 0.49609375 0.0875 0.11875
1 0.64375 0.109375 0.0765625 0.1015625
1 0.75625 0.1640625 0.0796875 0.09375
1 0.553125 0.89921875 0.0984375 0.134375
2 0.82421875 0.3859375 0.0890625 0.1125
2 0.6078125 0.4640625 0.0796875 0.115625
2 0.446875 0.8015625 0.1015625 0.109375
2 0.44609375 0.375 0.0875 0.1078125
2 0.47421875 0.2421875 0.1015625 0.1171875
2 0.346875 0.359375 0.0828125 0.1078125
2 0.33046875 0.178125 0.084375 0.11875
2 0.15390625 0.56640625 0.1015625 0.13125