2 0.7908653846153846 0.3317307692307692 0.06971153846153846 0.06009615384615385
2 0.7223557692307693 0.25240384615384615 0.0673076923076923 0.057692307692307696
2 0.5925480769230769 0.2668269230769231 0.078125 0.0625
2 0.4543269230769231 0.3245192307692308 0.07451923076923077 0.06610576923076923
2 0.37740384615384615 0.3942307692307692 0.08774038461538461 0.06610576923076923
2 0.4230769230769231 0.47115384615384615 0.0733173076923077 0.06490384615384616
2 0.6105769230769231 0.47475961538461536 0.07211538461538461 0.06009615384615385
2 0.7439903846153846 0.5997596153846154 0.07692307692307693 0.06129807692307692
2 0.5673076923076923 0.7980769230769231 0.08052884615384616 0.06129807692307692
2 0.30528846153846156 0.7632211538461539 0.0829326923076923 0.06610576923076923
0 0.7247596153846154 0.8185096153846154 0.07692307692307693 0.06009615384615385
0 0.4795673076923077 0.6478365384615384 0.07451923076923077 0.06129807692307692
0 0.5540865384615384 0.5600961538461539 0.0829326923076923 0.06610576923076923
0 0.47596153846153844 0.5192307692307693 0.07091346153846154 0.052884615384615384
0 0.7283653846153846 0.5084134615384616 0.06850961538461539 0.055288461538461536
0 0.5504807692307693 0.4110576923076923 0.07211538461538461 0.055288461538461536
0 0.6947115384615384 0.34615384615384615 0.06971153846153846 0.052884615384615384
0 0.6394230769230769 0.20432692307692307 0.06850961538461539 0.04927884615384615
0 0.5661057692307693 0.15865384615384615 0.07572115384615384 0.057692307692307696
0 0.47716346153846156 0.1778846153846154 0.06490384615384616 0.056490384615384616
1 0.8125 0.6814903846153846 0.07932692307692307 0.0625
1 0.7199519230769231 0.6646634615384616 0.0673076923076923 0.06009615384615385
1 0.5685096153846154 0.6923076923076923 0.0829326923076923 0.06009615384615385
1 0.6514423076923077 0.59375 0.07091346153846154 0.06490384615384616
1 0.28846153846153844 0.5300480769230769 0.0889423076923077 0.052884615384615384
1 0.2824519230769231 0.4807692307692308 0.07091346153846154 0.051682692307692304
1 0.8088942307692307 0.49759615384615385 0.07692307692307693 0.055288461538461536
1 0.7620192307692307 0.44591346153846156 0.0733173076923077 0.05048076923076923
1 0.6334134615384616 0.4026442307692308 0.08052884615384616 0.052884615384615384
1 0.7067307692307693 0.15985576923076922 0.07932692307692307 0.056490384615384616