2 0.94140625 0.54609375 0.0703125 0.071875
2 0.72578125 0.49765625 0.0546875 0.0625
2 0.7578125 0.43671875 0.059375 0.0578125
2 0.6109375 0.44921875 0.059375 0.0578125
2 0.5640625 0.41015625 0.05625 0.05
2 0.5203125 0.48359375 0.0671875 0.0640625
2 0.4421875 0.36015625 0.0765625 0.0703125
2 0.221875 0.425 0.0734375 0.071875
1 0.07265625 0.3890625 0.0859375 0.0859375
1 0.12734375 0.32578125 0.06875 0.06875
1 0.2421875 0.3703125 0.0625 0.053125
1 0.29609375 0.39765625 0.0671875 0.0671875
1 0.76796875 0.4921875 0.05625 0.0609375
1 0.7078125 0.44140625 0.05 0.0484375
1 0.85234375 0.509375 0.059375 0.0625
1 0.8375 0.45 0.0546875 0.0609375
0 0.89140625 0.48984375 0.0546875 0.0625
0 0.66875 0.49609375 0.0609375 0.0703125
0 0.65703125 0.440625 0.053125 0.05625
0 0.50703125 0.425 0.0578125 0.0515625
0 0.45078125 0.45546875 0.065625 0.0609375
0 0.3953125 0.4125 0.0703125 0.065625
0 0.35 0.378125 0.0546875 0.0625
0 0.1671875 0.36796875 0.0640625 0.0578125