2 0.09134615384615384 0.46274038461538464 0.10576923076923077 0.08413461538461539
2 0.6165865384615384 0.35216346153846156 0.11057692307692307 0.08173076923076923
2 0.7776442307692307 0.3137019230769231 0.11057692307692307 0.09375
2 0.8269230769230769 0.390625 0.11298076923076923 0.08653846153846154
2 0.7860576923076923 0.5336538461538461 0.1201923076923077 0.09134615384615384
2 0.4579326923076923 0.5757211538461539 0.10336538461538461 0.0673076923076923
2 0.49399038461538464 0.6826923076923077 0.09615384615384616 0.08173076923076923
2 0.6117788461538461 0.7956730769230769 0.0985576923076923 0.07692307692307693
2 0.296875 0.7055288461538461 0.11057692307692307 0.08173076923076923
2 0.04927884615384615 0.5480769230769231 0.0985576923076923 0.0889423076923077
1 0.17668269230769232 0.3317307692307692 0.11057692307692307 0.08173076923076923
1 0.36899038461538464 0.25841346153846156 0.11298076923076923 0.0889423076923077
1 0.4579326923076923 0.30408653846153844 0.10817307692307693 0.0889423076923077
1 0.3737980769230769 0.4170673076923077 0.0985576923076923 0.07692307692307693
1 0.48677884615384615 0.4170673076923077 0.09615384615384616 0.0889423076923077
1 0.6850961538461539 0.4579326923076923 0.10576923076923077 0.0889423076923077
1 0.28846153846153844 0.5733173076923077 0.0985576923076923 0.09134615384615384
1 0.7584134615384616 0.6574519230769231 0.09615384615384616 0.07692307692307693
1 0.41225961538461536 0.8377403846153846 0.125 0.0889423076923077
1 0.40384615384615385 0.7524038461538461 0.1201923076923077 0.09375
0 0.6165865384615384 0.25600961538461536 0.11298076923076923 0.09615384615384616
0 0.5216346153846154 0.5168269230769231 0.11778846153846154 0.09134615384615384
0 0.17548076923076922 0.6105769230769231 0.11538461538461539 0.08653846153846154
0 0.1310096153846154 0.6670673076923077 0.10817307692307693 0.08653846153846154
0 0.6021634615384616 0.6165865384615384 0.12259615384615384 0.08413461538461539
0 0.6117788461538461 0.7115384615384616 0.10817307692307693 0.08173076923076923
0 0.7788461538461539 0.7692307692307693 0.10336538461538461 0.08653846153846154
0 0.8413461538461539 0.8653846153846154 0.10336538461538461 0.08653846153846154
0 0.8293269230769231 0.6177884615384616 0.08413461538461539 0.08413461538461539
0 0.24519230769230768 0.78125 0.0985576923076923 0.08173076923076923