0 0.16826923076923078 0.3389423076923077 0.08173076923076923 0.06490384615384616
0 0.5300480769230769 0.35336538461538464 0.09134615384615384 0.06490384615384616
0 0.6947115384615384 0.26322115384615385 0.07211538461538461 0.07211538461538461
0 0.8040865384615384 0.28365384615384615 0.10336538461538461 0.08653846153846154
0 0.8978365384615384 0.4050480769230769 0.08653846153846154 0.07451923076923077
0 0.7127403846153846 0.47475961538461536 0.0889423076923077 0.07451923076923077
0 0.7524038461538461 0.7007211538461539 0.09134615384615384 0.07451923076923077
0 0.2980769230769231 0.609375 0.10336538461538461 0.07451923076923077
0 0.23557692307692307 0.47716346153846156 0.07451923076923077 0.06490384615384616
0 0.40384615384615385 0.5132211538461539 0.08413461538461539 0.0673076923076923
1 0.39663461538461536 0.23677884615384615 0.0889423076923077 0.06009615384615385
1 0.33653846153846156 0.3233173076923077 0.09134615384615384 0.06490384615384616
1 0.8882211538461539 0.5192307692307693 0.10096153846153846 0.0673076923076923
1 0.19831730769230768 0.5564903846153846 0.09134615384615384 0.07211538461538461
1 0.3317307692307692 0.7019230769230769 0.08413461538461539 0.08173076923076923
1 0.42427884615384615 0.6935096153846154 0.08413461538461539 0.06971153846153846
1 0.48197115384615385 0.4675480769230769 0.08413461538461539 0.07211538461538461
1 0.5913461538461539 0.5288461538461539 0.07692307692307693 0.06971153846153846
1 0.6959134615384616 0.5877403846153846 0.0889423076923077 0.06009615384615385
1 0.23197115384615385 0.265625 0.07692307692307693 0.07451923076923077
2 0.5492788461538461 0.27283653846153844 0.09615384615384616 0.0673076923076923
2 0.6033653846153846 0.1814903846153846 0.08653846153846154 0.07451923076923077
2 0.7536057692307693 0.36899038461538464 0.08653846153846154 0.0625
2 0.5733173076923077 0.4230769230769231 0.08173076923076923 0.06009615384615385
2 0.47596153846153844 0.5576923076923077 0.08173076923076923 0.0673076923076923
2 0.5985576923076923 0.6586538461538461 0.0889423076923077 0.06490384615384616
2 0.5985576923076923 0.7716346153846154 0.09615384615384616 0.07692307692307693
2 0.2283653846153846 0.7259615384615384 0.07932692307692307 0.07692307692307693
2 0.31850961538461536 0.546875 0.09134615384615384 0.057692307692307696
2 0.3112980769230769 0.42908653846153844 0.08173076923076923 0.07451923076923077