2 0.92890625 0.62109375 0.1125 0.125
2 0.603125 0.52109375 0.1171875 0.121875
2 0.5484375 0.41640625 0.0890625 0.0859375
2 0.35078125 0.3484375 0.0984375 0.08125
2 0.35859375 0.4734375 0.0734375 0.0859375
2 0.2125 0.6140625 0.11875 0.1046875
2 0.3109375 0.734375 0.121875 0.13125
2 0.51171875 0.56875 0.103125 0.1
0 0.79609375 0.5171875 0.08125 0.09375
0 0.83359375 0.409375 0.0984375 0.1
0 0.71015625 0.34296875 0.0828125 0.0796875
0 0.6109375 0.3625 0.09375 0.096875
0 0.48671875 0.3796875 0.0796875 0.084375
0 0.42734375 0.48046875 0.0828125 0.0875
0 0.35 0.6109375 0.1015625 0.103125
0 0.12734375 0.5375 0.0875 0.078125
1 0.5078125 0.74296875 0.1234375 0.1203125
1 0.1859375 0.86328125 0.14375 0.1375
1 0.28671875 0.44453125 0.0859375 0.0875
1 0.196875 0.4875 0.1 0.0953125
1 0.46875 0.2890625 0.0875 0.0890625
1 0.89765625 0.48359375 0.1046875 0.1015625
1 0.71015625 0.5015625 0.096875 0.10625
1 0.73046875 0.784375 0.121875 0.146875