2 0.184375 0.73515625 0.0921875 0.090625
2 0.04765625 0.70390625 0.0953125 0.0953125
2 0.09140625 0.65390625 0.0921875 0.08125
2 0.2296875 0.66484375 0.0859375 0.065625
2 0.228125 0.61796875 0.084375 0.0578125
2 0.2 0.56640625 0.078125 0.0671875
2 0.59609375 0.6015625 0.06875 0.0609375
2 0.7984375 0.68203125 0.065625 0.0609375
0 0.7859375 0.7390625 0.0703125 0.071875
0 0.740625 0.67421875 0.0578125 0.0484375
0 0.66875 0.7296875 0.078125 0.06875
0 0.58984375 0.72109375 0.06875 0.059375
0 0.58828125 0.665625 0.0578125 0.0625
0 0.41640625 0.69453125 0.078125 0.0703125
0 0.29765625 0.59296875 0.0671875 0.05625
0 0.26171875 0.56328125 0.0515625 0.053125
1 0.1078125 0.5765625 0.090625 0.084375
1 0.32890625 0.74609375 0.0984375 0.0859375
1 0.38515625 0.62265625 0.0765625 0.0671875
1 0.52734375 0.7046875 0.0671875 0.06875
1 0.53984375 0.64140625 0.0609375 0.059375
1 0.653125 0.63359375 0.0640625 0.0625
1 0.69375 0.609375 0.05625 0.059375
1 0.75859375 0.63125 0.046875 0.0453125