2 0.39453125 0.25 0.2015625 0.1625
2 0.2 0.31328125 0.203125 0.171875
2 0.63671875 0.74921875 0.1828125 0.1546875
2 0.75859375 0.6375 0.178125 0.1421875
2 0.35 0.54375 0.159375 0.146875
1 0.90390625 0.5453125 0.16875 0.146875
1 0.7671875 0.5 0.1609375 0.1296875
1 0.48671875 0.56015625 0.1625 0.1328125
1 0.10546875 0.52109375 0.1640625 0.15
1 0.17265625 0.64140625 0.1890625 0.15
0 0.35 0.76640625 0.18125 0.1484375
0 0.475 0.41171875 0.1703125 0.1515625
0 0.671875 0.37890625 0.16875 0.125
0 0.61328125 0.2640625 0.175 0.153125
0 0.7765625 0.23828125 0.1765625 0.14375