2 0.82578125 0.26484375 0.1578125 0.1234375
2 0.70234375 0.3765625 0.1296875 0.103125
2 0.896875 0.5734375 0.134375 0.1
2 0.496875 0.54453125 0.1140625 0.0859375
2 0.41015625 0.4109375 0.1421875 0.125
2 0.14765625 0.409375 0.14375 0.1234375
2 0.559375 0.3296875 0.1359375 0.0890625
1 0.6203125 0.1578125 0.1578125 0.1203125
1 0.60859375 0.2515625 0.121875 0.0765625
1 0.30078125 0.53203125 0.128125 0.1046875
1 0.57109375 0.4015625 0.11875 0.0734375
1 0.7078125 0.79375 0.1046875 0.0953125
1 0.3953125 0.734375 0.121875 0.0953125
0 0.27109375 0.41484375 0.1265625 0.1078125
0 0.59921875 0.48828125 0.1265625 0.1046875
0 0.78203125 0.4796875 0.128125 0.1015625
0 0.76015625 0.6234375 0.15625 0.1046875
0 0.60625 0.6234375 0.1484375 0.1046875
0 0.60234375 0.80390625 0.1171875 0.1046875
0 0.5078125 0.80546875 0.134375 0.115625
1 0.92109375 0.46953125 0.1359375 0.1015625