2 0.428125 0.79453125 0.11875 0.14375
2 0.29296875 0.6890625 0.090625 0.103125
2 0.06953125 0.78515625 0.1359375 0.146875
2 0.3578125 0.553125 0.0796875 0.1
2 0.47734375 0.48671875 0.084375 0.08125
2 0.6109375 0.70546875 0.1 0.1125
2 0.53359375 0.69921875 0.090625 0.1125
2 0.4546875 0.3390625 0.0671875 0.053125
1 0.190625 0.52421875 0.09375 0.090625
1 0.23046875 0.61015625 0.084375 0.0953125
1 0.790625 0.728125 0.096875 0.109375
1 0.71015625 0.646875 0.09375 0.0828125
1 0.5953125 0.61484375 0.0890625 0.075
1 0.415625 0.4734375 0.0609375 0.0609375
1 0.4109375 0.4234375 0.0671875 0.053125
1 0.43359375 0.2875 0.0765625 0.0640625
0 0.88203125 0.68203125 0.1109375 0.1109375
0 0.66796875 0.5078125 0.0765625 0.071875
0 0.6578125 0.57734375 0.075 0.078125
0 0.66953125 0.815625 0.1046875 0.125
0 0.184375 0.775 0.10625 0.1125
0 0.45234375 0.5734375 0.0984375 0.096875
0 0.50078125 0.4265625 0.0703125 0.0671875
0 0.4328125 0.384375 0.0796875 0.059375