1 0.91640625 0.51953125 0.05625 0.0671875
1 0.825 0.49375 0.059375 0.065625
1 0.7171875 0.49453125 0.0640625 0.06875
1 0.59453125 0.496875 0.0515625 0.065625
1 0.53203125 0.49453125 0.071875 0.065625
1 0.4890625 0.4140625 0.0484375 0.0546875
1 0.2109375 0.44609375 0.0453125 0.0421875
1 0.13203125 0.49765625 0.053125 0.0671875
0 0.06796875 0.47265625 0.059375 0.06875
0 0.228125 0.50234375 0.053125 0.0625
0 0.29140625 0.4359375 0.0453125 0.053125
0 0.25390625 0.4109375 0.0421875 0.046875
0 0.3734375 0.453125 0.053125 0.059375
0 0.64296875 0.42421875 0.0546875 0.05625
0 0.7046875 0.42578125 0.0484375 0.0609375
0 0.77578125 0.421875 0.0578125 0.065625
2 0.82734375 0.4171875 0.0546875 0.0671875
2 0.65546875 0.50078125 0.0671875 0.0671875
2 0.55625 0.43828125 0.06875 0.0515625
2 0.4421875 0.42421875 0.0515625 0.0546875
2 0.46015625 0.4828125 0.0640625 0.059375
2 0.403125 0.51796875 0.065625 0.059375
2 0.32890625 0.50390625 0.06875 0.0671875
2 0.12421875 0.425 0.0625 0.0484375