2 0.8209134615384616 0.23798076923076922 0.10216346153846154 0.06850961538461539
2 0.47115384615384615 0.18870192307692307 0.08173076923076923 0.06490384615384616
2 0.3701923076923077 0.34615384615384615 0.07451923076923077 0.05889423076923077
2 0.2403846153846154 0.4375 0.06610576923076923 0.057692307692307696
2 0.3870192307692308 0.49158653846153844 0.0829326923076923 0.0625
2 0.40625 0.5889423076923077 0.08052884615384616 0.056490384615384616
2 0.4483173076923077 0.6586538461538461 0.07692307692307693 0.05889423076923077
2 0.36899038461538464 0.7944711538461539 0.07932692307692307 0.04927884615384615
2 0.7331730769230769 0.7235576923076923 0.09735576923076923 0.06610576923076923
2 0.47596153846153844 0.35096153846153844 0.08052884615384616 0.0733173076923077
1 0.3449519230769231 0.21033653846153846 0.09735576923076923 0.07572115384615384
1 0.8521634615384616 0.3641826923076923 0.09615384615384616 0.07692307692307693
1 0.875 0.6778846153846154 0.09254807692307693 0.07572115384615384
1 0.7151442307692307 0.5360576923076923 0.09495192307692307 0.08413461538461539
1 0.8329326923076923 0.5733173076923077 0.10336538461538461 0.07451923076923077
1 0.7884615384615384 0.6634615384615384 0.09014423076923077 0.0733173076923077
1 0.5456730769230769 0.5841346153846154 0.08653846153846154 0.057692307692307696
1 0.40865384615384615 0.41586538461538464 0.09375 0.055288461538461536
1 0.17668269230769232 0.375 0.09495192307692307 0.0673076923076923
1 0.2920673076923077 0.5516826923076923 0.07572115384615384 0.055288461538461536
0 0.18990384615384615 0.27163461538461536 0.09735576923076923 0.0733173076923077
0 0.3076923076923077 0.2824519230769231 0.09134615384615384 0.06009615384615385
0 0.7367788461538461 0.17908653846153846 0.11538461538461539 0.07692307692307693
0 0.11658653846153846 0.5168269230769231 0.08774038461538461 0.06610576923076923
0 0.265625 0.6526442307692307 0.08173076923076923 0.0625
0 0.34375 0.7295673076923077 0.078125 0.06009615384615385
0 0.78125 0.8173076923076923 0.10216346153846154 0.07572115384615384
0 0.8305288461538461 0.7463942307692307 0.08173076923076923 0.06971153846153846
0 0.8689903846153846 0.48197115384615385 0.09134615384615384 0.07451923076923077
0 0.7367788461538461 0.43028846153846156 0.09495192307692307 0.09014423076923077