2 0.3737980769230769 0.23557692307692307 0.07091346153846154 0.06490384615384616
2 0.29086538461538464 0.3076923076923077 0.09735576923076923 0.06129807692307692
2 0.5396634615384616 0.390625 0.0889423076923077 0.056490384615384616
2 0.5108173076923077 0.5348557692307693 0.08173076923076923 0.0625
2 0.6021634615384616 0.5612980769230769 0.09014423076923077 0.06370192307692307
2 0.49399038461538464 0.6658653846153846 0.06971153846153846 0.04927884615384615
2 0.31971153846153844 0.6574519230769231 0.08052884615384616 0.057692307692307696
2 0.28365384615384615 0.5264423076923077 0.07451923076923077 0.06610576923076923
2 0.30408653846153844 0.5961538461538461 0.0673076923076923 0.051682692307692304
2 0.1622596153846154 0.5625 0.06971153846153846 0.057692307692307696
0 0.49399038461538464 0.25721153846153844 0.08774038461538461 0.0673076923076923
0 0.4423076923076923 0.31850961538461536 0.07932692307692307 0.05889423076923077
0 0.2536057692307692 0.37259615384615385 0.06009615384615385 0.054086538461538464
0 0.18389423076923078 0.4519230769230769 0.06490384615384616 0.054086538461538464
0 0.45072115384615385 0.46033653846153844 0.06370192307692307 0.056490384615384616
0 0.4050480769230769 0.5384615384615384 0.07451923076923077 0.054086538461538464
0 0.390625 0.6165865384615384 0.06971153846153846 0.056490384615384616
0 0.6899038461538461 0.5456730769230769 0.0889423076923077 0.06129807692307692
0 0.6658653846153846 0.6358173076923077 0.08173076923076923 0.0625
0 0.35096153846153844 0.7403846153846154 0.06370192307692307 0.052884615384615384
1 0.4266826923076923 0.3870192307692308 0.06490384615384616 0.06009615384615385
1 0.33774038461538464 0.36177884615384615 0.07572115384615384 0.06129807692307692
1 0.33774038461538464 0.4543269230769231 0.06610576923076923 0.052884615384615384
1 0.25600961538461536 0.47475961538461536 0.06009615384615385 0.056490384615384616
1 0.5733173076923077 0.4795673076923077 0.07572115384615384 0.06370192307692307
1 0.6682692307692307 0.453125 0.06971153846153846 0.056490384615384616
1 0.46875 0.6021634615384616 0.06490384615384616 0.056490384615384616
1 0.41466346153846156 0.7019230769230769 0.07692307692307693 0.06370192307692307
1 0.6670673076923077 0.7283653846153846 0.07932692307692307 0.06610576923076923
1 0.5096153846153846 0.8269230769230769 0.09014423076923077 0.0625