2 0.04447115384615385 0.5516826923076923 0.0889423076923077 0.0889423076923077
2 0.054086538461538464 0.45913461538461536 0.08173076923076923 0.07932692307692307
2 0.5024038461538461 0.14182692307692307 0.15625 0.12740384615384615
2 0.2800480769230769 0.3076923076923077 0.125 0.11538461538461539
2 0.6009615384615384 0.33653846153846156 0.125 0.125
2 0.7043269230769231 0.3161057692307692 0.13221153846153846 0.1201923076923077
2 0.6310096153846154 0.5384615384615384 0.15144230769230768 0.12259615384615384
2 0.21875 0.6694711538461539 0.09615384615384616 0.09375
2 0.5865384615384616 0.8701923076923077 0.0985576923076923 0.11298076923076923
2 0.8100961538461539 0.875 0.1466346153846154 0.12980769230769232
1 0.5360576923076923 0.03365384615384615 0.14423076923076922 0.0673076923076923
1 0.7536057692307693 0.140625 0.17548076923076922 0.12980769230769232
1 0.4098557692307692 0.25 0.12740384615384615 0.10576923076923077
1 0.07451923076923077 0.3137019230769231 0.10336538461538461 0.10336538461538461
1 0.484375 0.4963942307692308 0.12259615384615384 0.10817307692307693
1 0.35096153846153844 0.6442307692307693 0.11778846153846154 0.10817307692307693
1 0.33413461538461536 0.7307692307692307 0.11538461538461539 0.09375
1 0.5132211538461539 0.7391826923076923 0.11778846153846154 0.10576923076923077
1 0.41346153846153844 0.8870192307692307 0.11298076923076923 0.10336538461538461
1 0.22115384615384615 0.17668269230769232 0.10096153846153846 0.11298076923076923
0 0.33413461538461536 0.1201923076923077 0.1201923076923077 0.10336538461538461
0 0.4543269230769231 0.37259615384615385 0.1466346153846154 0.12740384615384615
0 0.3293269230769231 0.4375 0.10336538461538461 0.10576923076923077
0 0.24158653846153846 0.46875 0.0985576923076923 0.10576923076923077
0 0.14302884615384615 0.4098557692307692 0.09375 0.0985576923076923
0 0.14903846153846154 0.6045673076923077 0.08413461538461539 0.08173076923076923
0 0.125 0.6694711538461539 0.07211538461538461 0.09615384615384616
0 0.21875 0.7920673076923077 0.09375 0.10336538461538461
0 0.7115384615384616 0.7199519230769231 0.16346153846153846 0.13701923076923078
0 0.8629807692307693 0.5853365384615384 0.14423076923076922 0.14903846153846154