1 0.3713942307692308 0.12259615384615384 0.10576923076923077 0.08653846153846154
1 0.29447115384615385 0.21634615384615385 0.0985576923076923 0.08413461538461539
1 0.4110576923076923 0.36778846153846156 0.10817307692307693 0.09134615384615384
1 0.6778846153846154 0.296875 0.0985576923076923 0.07932692307692307
1 0.6730769230769231 0.20552884615384615 0.07692307692307693 0.07932692307692307
1 0.7788461538461539 0.4723557692307692 0.10336538461538461 0.07932692307692307
1 0.3449519230769231 0.7295673076923077 0.0889423076923077 0.06971153846153846
1 0.5180288461538461 0.8004807692307693 0.09134615384615384 0.07451923076923077
1 0.6971153846153846 0.7223557692307693 0.09375 0.08173076923076923
1 0.640625 0.5336538461538461 0.08413461538461539 0.06971153846153846
0 0.20432692307692307 0.32211538461538464 0.0985576923076923 0.08173076923076923
0 0.36538461538461536 0.2824519230769231 0.10576923076923077 0.08413461538461539
0 0.3161057692307692 0.41586538461538464 0.10096153846153846 0.07932692307692307
0 0.5300480769230769 0.30528846153846156 0.08173076923076923 0.07692307692307693
0 0.6225961538461539 0.44591346153846156 0.09134615384615384 0.07211538461538461
0 0.7355769230769231 0.421875 0.0889423076923077 0.08173076923076923
0 0.5649038461538461 0.6286057692307693 0.09375 0.08653846153846154
0 0.3245192307692308 0.625 0.0889423076923077 0.07692307692307693
0 0.4495192307692308 0.6574519230769231 0.10096153846153846 0.07932692307692307
0 0.6165865384615384 0.8173076923076923 0.09134615384615384 0.07211538461538461
2 0.4807692307692308 0.16346153846153846 0.08413461538461539 0.08173076923076923
2 0.5949519230769231 0.2091346153846154 0.09375 0.08653846153846154
2 0.20673076923076922 0.46153846153846156 0.08413461538461539 0.07932692307692307
2 0.265625 0.5516826923076923 0.10817307692307693 0.08653846153846154
2 0.390625 0.4723557692307692 0.09615384615384616 0.08173076923076923
2 0.5036057692307693 0.5012019230769231 0.10096153846153846 0.08653846153846154
2 0.6153846153846154 0.3942307692307692 0.0889423076923077 0.07692307692307693
2 0.5204326923076923 0.4230769230769231 0.08413461538461539 0.07211538461538461
2 0.6670673076923077 0.6514423076923077 0.09134615384615384 0.08173076923076923
2 0.7668269230769231 0.6213942307692307 0.09134615384615384 0.07932692307692307