1 0.0875 0.4046875 0.084375 0.0984375
1 0.42578125 0.30625 0.075 0.0671875
1 0.7171875 0.58984375 0.109375 0.121875
1 0.83203125 0.5859375 0.096875 0.1125
1 0.36875 0.77578125 0.11875 0.15
1 0.3703125 0.434375 0.0953125 0.0984375
1 0.69921875 0.76484375 0.109375 0.125
1 0.54609375 0.45234375 0.0890625 0.09375
2 0.58828125 0.57578125 0.1171875 0.1
2 0.3578125 0.56171875 0.1046875 0.0890625
2 0.446875 0.6703125 0.1078125 0.115625
2 0.2703125 0.4734375 0.1125 0.10625
2 0.4484375 0.38046875 0.0765625 0.0828125
2 0.64609375 0.3375 0.084375 0.0890625
2 0.86484375 0.78828125 0.1296875 0.159375
2 0.6796875 0.4203125 0.0796875 0.065625
0 0.6859375 0.48828125 0.09375 0.0640625
0 0.56640625 0.76484375 0.10625 0.1203125
0 0.48203125 0.53671875 0.084375 0.090625
0 0.32578125 0.325 0.0765625 0.078125
0 0.23828125 0.62890625 0.0984375 0.109375
0 0.17421875 0.57890625 0.08125 0.1046875
0 0.20859375 0.39765625 0.08125 0.0625
0 0.1875 0.33359375 0.06875 0.0640625