0 0.8421875 0.48359375 0.0921875 0.09375
0 0.7546875 0.3375 0.0921875 0.09375
0 0.61953125 0.3265625 0.059375 0.059375
0 0.6765625 0.4203125 0.0859375 0.075
0 0.61171875 0.5390625 0.10625 0.0953125
0 0.40703125 0.57890625 0.09375 0.090625
0 0.371875 0.3671875 0.05625 0.0515625
0 0.4 0.32421875 0.0578125 0.046875
1 0.184375 0.571875 0.075 0.0734375
1 0.259375 0.47109375 0.071875 0.0796875
1 0.234375 0.39921875 0.0546875 0.0546875
1 0.48125 0.29140625 0.053125 0.0453125
1 0.5953125 0.4421875 0.075 0.078125
1 0.521875 0.38515625 0.0703125 0.059375
1 0.40703125 0.409375 0.071875 0.0578125
1 0.66875 0.29375 0.059375 0.0515625
2 0.76015625 0.5984375 0.1140625 0.1078125
2 0.60625 0.63046875 0.096875 0.1
2 0.53359375 0.4609375 0.078125 0.0671875
2 0.44921875 0.4984375 0.0828125 0.06875
2 0.28046875 0.559375 0.075 0.0703125
2 0.28671875 0.3890625 0.06875 0.0578125
2 0.18046875 0.4171875 0.0640625 0.0625
2 0.56796875 0.2875 0.05625 0.0484375