1 0.85625 0.425 0.0890625 0.08125
1 0.7203125 0.24375 0.065625 0.0609375
1 0.51484375 0.25390625 0.0703125 0.065625
1 0.58125 0.6484375 0.10625 0.121875
1 0.6859375 0.60625 0.1203125 0.1046875
1 0.1703125 0.503125 0.1015625 0.10625
1 0.22421875 0.3265625 0.1015625 0.0859375
1 0.38203125 0.31171875 0.078125 0.0875
2 0.26640625 0.4125 0.1046875 0.1125
2 0.45 0.34375 0.0890625 0.1
2 0.5109375 0.34375 0.0828125 0.0765625
2 0.50546875 0.43828125 0.103125 0.10625
2 0.51484375 0.5328125 0.10625 0.1046875
2 0.796875 0.55625 0.10625 0.1078125
2 0.73828125 0.48828125 0.0875 0.0828125
2 0.66328125 0.2921875 0.0734375 0.0625
0 0.69140625 0.5359375 0.1046875 0.0796875
0 0.59296875 0.48203125 0.0953125 0.1
0 0.4609375 0.66875 0.1265625 0.14375
0 0.32578125 0.2578125 0.0828125 0.0765625
0 0.47265625 0.20546875 0.0625 0.0578125
0 0.16953125 0.4015625 0.1046875 0.1125
0 0.815625 0.34375 0.0828125 0.078125
0 0.56796875 0.30703125 0.0796875 0.0828125