1 0.46171875 0.61015625 0.084375 0.11328125
1 0.371875 0.43359375 0.07265625 0.0796875
1 0.7984375 0.50859375 0.08203125 0.065625
1 0.821875 0.44140625 0.0765625 0.07734375
1 0.684375 0.3734375 0.07734375 0.0671875
1 0.321875 0.27421875 0.06328125 0.06484375
1 0.49765625 0.31171875 0.06953125 0.06484375
1 0.5 0.51953125 0.0796875 0.0671875
0 0.565625 0.7578125 0.0953125 0.11875
0 0.365625 0.81015625 0.11484375 0.11640625
0 0.3078125 0.65234375 0.09765625 0.1125
0 0.36171875 0.53828125 0.08515625 0.071875
0 0.24921875 0.39453125 0.075 0.07578125
0 0.46640625 0.45 0.0796875 0.059375
0 0.8203125 0.58203125 0.0921875 0.084375
0 0.56171875 0.64921875 0.1 0.09140625
2 0.7265625 0.5734375 0.0953125 0.09140625
2 0.565625 0.459375 0.0875 0.07421875
2 0.62265625 0.43125 0.0671875 0.07734375
2 0.56875 0.38203125 0.071875 0.0609375
2 0.5625 0.290625 0.06875 0.06796875
2 0.43828125 0.2640625 0.06328125 0.06171875
2 0.31171875 0.33828125 0.0703125 0.05859375
2 0.253125 0.48984375 0.07265625 0.0796875