0 0.49278846153846156 0.23918269230769232 0.10576923076923077 0.07692307692307693
1 0.5324519230769231 0.15985576923076922 0.10817307692307693 0.07211538461538461
1 0.8112980769230769 0.30649038461538464 0.08173076923076923 0.07692307692307693
1 0.4879807692307692 0.59375 0.0985576923076923 0.07932692307692307
1 0.6622596153846154 0.6225961538461539 0.09134615384615384 0.06490384615384616
1 0.8485576923076923 0.6201923076923077 0.0889423076923077 0.06971153846153846
1 0.9543269230769231 0.7007211538461539 0.09134615384615384 0.08413461538461539
1 0.8413461538461539 0.7103365384615384 0.09615384615384616 0.07211538461538461
1 0.8533653846153846 0.7872596153846154 0.08413461538461539 0.06971153846153846
1 0.7560096153846154 0.5733173076923077 0.07692307692307693 0.06971153846153846
1 0.46875 0.3641826923076923 0.09375 0.07932692307692307
2 0.7211538461538461 0.11177884615384616 0.10336538461538461 0.09134615384615384
2 0.5817307692307693 0.359375 0.09615384615384616 0.07692307692307693
2 0.41225961538461536 0.44350961538461536 0.10576923076923077 0.07932692307692307
2 0.3581730769230769 0.6153846153846154 0.10096153846153846 0.08173076923076923
2 0.6322115384615384 0.5240384615384616 0.10817307692307693 0.07692307692307693
2 0.84375 0.5192307692307693 0.10336538461538461 0.07211538461538461
2 0.9579326923076923 0.5036057692307693 0.08413461538461539 0.07932692307692307
2 0.43990384615384615 0.7235576923076923 0.08173076923076923 0.07211538461538461
2 0.59375 0.7103365384615384 0.09375 0.08173076923076923
2 0.7379807692307693 0.6887019230769231 0.07932692307692307 0.0673076923076923
0 0.3701923076923077 0.3473557692307692 0.11538461538461539 0.07692307692307693
0 0.2512019230769231 0.4387019230769231 0.11057692307692307 0.0889423076923077
0 0.6778846153846154 0.39783653846153844 0.09375 0.07932692307692307
0 0.5048076923076923 0.49278846153846156 0.07692307692307693 0.06971153846153846
0 0.8762019230769231 0.4326923076923077 0.0889423076923077 0.07211538461538461
0 0.5060096153846154 0.84375 0.10576923076923077 0.07932692307692307
0 0.5709134615384616 0.796875 0.09375 0.07932692307692307
0 0.7163461538461539 0.7860576923076923 0.0985576923076923 0.07692307692307693
0 0.9591346153846154 0.5973557692307693 0.08173076923076923 0.06971153846153846