1 0.43046875 0.5609375 0.15390625 0.16171875
1 0.41015625 0.76171875 0.16953125 0.1734375
1 0.56796875 0.4 0.1375 0.146875
1 0.3921875 0.08984375 0.10703125 0.09921875
0 0.31640625 0.22734375 0.121875 0.14765625
0 0.1890625 0.1375 0.12109375 0.1421875
0 0.5640625 0.19453125 0.11484375 0.125
0 0.66953125 0.28359375 0.1203125 0.13203125
2 0.140625 0.8421875 0.17734375 0.21875
2 0.21796875 0.37265625 0.13203125 0.12890625
2 0.7234375 0.60234375 0.121875 0.18515625
2 0.875 0.696875 0.14765625 0.178125