2 0.92109375 0.6 0.1359375 0.1328125
2 0.90078125 0.48515625 0.103125 0.115625
2 0.6671875 0.4578125 0.1015625 0.0984375
2 0.54609375 0.60234375 0.11875 0.1359375
2 0.44296875 0.36328125 0.0734375 0.0921875
2 0.35703125 0.275 0.075 0.0796875
2 0.64765625 0.19765625 0.078125 0.084375
2 0.625 0.24609375 0.078125 0.0890625
1 0.434375 0.6296875 0.115625 0.1328125
1 0.29453125 0.62890625 0.140625 0.140625
1 0.2484375 0.46484375 0.1046875 0.1296875
1 0.25390625 0.36171875 0.096875 0.096875
1 0.38046875 0.3859375 0.0828125 0.08125
1 0.428125 0.49921875 0.1125 0.13125
1 0.46328125 0.22890625 0.08125 0.084375
1 0.571875 0.2890625 0.078125 0.090625
0 0.68125 0.63984375 0.1078125 0.1140625
0 0.4671875 0.82421875 0.1328125 0.1609375
0 0.30234375 0.2171875 0.0984375 0.09375
0 0.22734375 0.2625 0.0890625 0.0921875
0 0.12734375 0.31015625 0.08125 0.090625
0 0.09765625 0.46171875 0.1125 0.1296875
0 0.4203125 0.2921875 0.090625 0.0859375
0 0.65078125 0.3765625 0.1015625 0.0984375