0 0.6609375 0.3703125 0.0625 0.065625
0 0.53125 0.3484375 0.0609375 0.0609375
0 0.47421875 0.359375 0.0671875 0.0578125
0 0.32421875 0.38046875 0.0765625 0.0703125
0 0.64375 0.71171875 0.0875 0.1015625
0 0.57109375 0.678125 0.0875 0.090625
0 0.615625 0.603125 0.065625 0.065625
0 0.4421875 0.453125 0.06875 0.0671875
2 0.74453125 0.62890625 0.0859375 0.09375
2 0.675 0.584375 0.0796875 0.0890625
2 0.68203125 0.52890625 0.06875 0.06875
2 0.4890625 0.59296875 0.0953125 0.1
2 0.42890625 0.5296875 0.084375 0.084375
2 0.42890625 0.39921875 0.0640625 0.0671875
2 0.47109375 0.30390625 0.053125 0.059375
2 0.6140625 0.3890625 0.059375 0.05
1 0.36875 0.2921875 0.08125 0.0703125
1 0.3453125 0.46640625 0.0734375 0.065625
1 0.35234375 0.5890625 0.09375 0.0984375
1 0.61484375 0.44765625 0.0703125 0.06875
1 0.58125 0.5578125 0.059375 0.0484375
1 0.509375 0.46875 0.071875 0.0703125
1 0.503125 0.4109375 0.0578125 0.0484375
1 0.575 0.31953125 0.0578125 0.046875