0 0.809375 0.88515625 0.121875 0.1484375
0 0.82578125 0.61640625 0.0890625 0.1015625
0 0.61015625 0.5875 0.1046875 0.134375
0 0.5453125 0.5390625 0.08125 0.090625
0 0.59765625 0.46796875 0.071875 0.071875
0 0.4203125 0.60078125 0.090625 0.0828125
0 0.19375 0.57734375 0.1015625 0.109375
0 0.296875 0.4171875 0.071875 0.078125
1 0.7046875 0.5515625 0.075 0.1109375
1 0.59765625 0.7609375 0.1203125 0.1328125
1 0.4359375 0.80390625 0.1125 0.1265625
1 0.4765625 0.696875 0.0984375 0.1015625
1 0.61796875 0.3890625 0.075 0.08125
1 0.371875 0.37109375 0.071875 0.0765625
1 0.359375 0.4671875 0.08125 0.1078125
1 0.375 0.23671875 0.0578125 0.065625
2 0.5015625 0.36796875 0.084375 0.078125
2 0.46484375 0.43046875 0.0859375 0.0796875
2 0.24453125 0.69609375 0.1234375 0.1390625
2 0.09140625 0.56953125 0.090625 0.115625
2 0.11875 0.45546875 0.1171875 0.0875
2 0.2078125 0.47578125 0.0921875 0.075
2 0.43046875 0.2640625 0.059375 0.053125
2 0.69609375 0.42890625 0.090625 0.0859375