0 0.8028846153846154 0.35697115384615385 0.07211538461538461 0.057692307692307696
0 0.4735576923076923 0.44591346153846156 0.078125 0.06490384615384616
0 0.32572115384615385 0.3870192307692308 0.08052884615384616 0.06610576923076923
0 0.3076923076923077 0.49759615384615385 0.078125 0.0673076923076923
0 0.8305288461538461 0.5877403846153846 0.06370192307692307 0.04927884615384615
0 0.7439903846153846 0.5745192307692307 0.0733173076923077 0.046875
0 0.6682692307692307 0.4795673076923077 0.07932692307692307 0.054086538461538464
0 0.6057692307692307 0.6670673076923077 0.07572115384615384 0.052884615384615384
0 0.6478365384615384 0.6057692307692307 0.0673076923076923 0.054086538461538464
0 0.5120192307692307 0.18629807692307693 0.07932692307692307 0.06490384615384616
2 0.36778846153846156 0.1971153846153846 0.07572115384615384 0.06610576923076923
2 0.33774038461538464 0.3004807692307692 0.07692307692307693 0.054086538461538464
2 0.5625 0.25841346153846156 0.06971153846153846 0.054086538461538464
2 0.7764423076923077 0.4338942307692308 0.06490384615384616 0.056490384615384616
2 0.8665865384615384 0.4831730769230769 0.06610576923076923 0.06009615384615385
2 0.6045673076923077 0.5444711538461539 0.06850961538461539 0.04807692307692308
2 0.35336538461538464 0.6105769230769231 0.07091346153846154 0.06009615384615385
2 0.39663461538461536 0.5336538461538461 0.07572115384615384 0.06129807692307692
2 0.6887019230769231 0.6911057692307693 0.07572115384615384 0.0625
2 0.4879807692307692 0.6430288461538461 0.07091346153846154 0.06129807692307692
1 0.6298076923076923 0.36177884615384615 0.06850961538461539 0.06009615384615385
1 0.6862980769230769 0.3125 0.0673076923076923 0.057692307692307696
1 0.5240384615384616 0.37259615384615385 0.078125 0.06129807692307692
1 0.5685096153846154 0.44711538461538464 0.078125 0.06009615384615385
1 0.4026442307692308 0.3557692307692308 0.06971153846153846 0.052884615384615384
1 0.5324519230769231 0.5685096153846154 0.06971153846153846 0.054086538461538464
1 0.5240384615384616 0.5072115384615384 0.07091346153846154 0.04807692307692308
1 0.8329326923076923 0.6646634615384616 0.07091346153846154 0.056490384615384616
1 0.7127403846153846 0.4098557692307692 0.06850961538461539 0.056490384615384616
1 0.7596153846153846 0.5108173076923077 0.0625 0.051682692307692304