0 0.4390625 0.71640625 0.1390625 0.1765625
0 0.69921875 0.72578125 0.1296875 0.159375
0 0.3921875 0.5078125 0.1359375 0.1703125
0 0.53984375 0.271875 0.1234375 0.165625
0 0.46875 0.18984375 0.128125 0.1578125
1 0.68125 0.34140625 0.121875 0.1390625
1 0.5859375 0.78203125 0.1296875 0.1828125
1 0.41796875 0.3421875 0.1328125 0.1515625
1 0.221875 0.6265625 0.1515625 0.1671875
1 0.184375 0.79453125 0.1359375 0.16875
2 0.09140625 0.4453125 0.159375 0.1859375
2 0.8328125 0.75546875 0.1359375 0.1796875
2 0.79375 0.47265625 0.11875 0.1640625
2 0.53828125 0.45546875 0.1296875 0.1578125
2 0.60078125 0.1046875 0.13125 0.15