0 0.4675480769230769 0.1814903846153846 0.06490384615384616 0.04807692307692308
0 0.36538461538461536 0.2692307692307692 0.0673076923076923 0.06009615384615385
0 0.44350961538461536 0.28966346153846156 0.0829326923076923 0.052884615384615384
0 0.7283653846153846 0.2668269230769231 0.06009615384615385 0.051682692307692304
0 0.7872596153846154 0.3004807692307692 0.07692307692307693 0.04927884615384615
0 0.25721153846153844 0.35096153846153844 0.07572115384615384 0.06490384615384616
0 0.4519230769230769 0.4014423076923077 0.0733173076923077 0.056490384615384616
0 0.22596153846153846 0.5096153846153846 0.07572115384615384 0.06129807692307692
0 0.4326923076923077 0.5132211538461539 0.08533653846153846 0.06490384615384616
0 0.6225961538461539 0.5889423076923077 0.08774038461538461 0.06850961538461539
2 0.7992788461538461 0.4951923076923077 0.07211538461538461 0.057692307692307696
2 0.8485576923076923 0.43509615384615385 0.0673076923076923 0.056490384615384616
2 0.32091346153846156 0.18389423076923078 0.07932692307692307 0.05889423076923077
2 0.5072115384615384 0.22596153846153846 0.0829326923076923 0.06009615384615385
2 0.6454326923076923 0.27283653846153844 0.06971153846153846 0.05048076923076923
2 0.6995192307692307 0.5132211538461539 0.07211538461538461 0.05889423076923077
2 0.5276442307692307 0.5552884615384616 0.0733173076923077 0.051682692307692304
2 0.3858173076923077 0.5985576923076923 0.0829326923076923 0.052884615384615384
2 0.24158653846153846 0.5745192307692307 0.09014423076923077 0.0625
2 0.6129807692307693 0.6766826923076923 0.07692307692307693 0.057692307692307696
1 0.5264423076923077 0.35336538461538464 0.07451923076923077 0.06129807692307692
1 0.6334134615384616 0.36778846153846156 0.07211538461538461 0.0625
1 0.7584134615384616 0.38221153846153844 0.0829326923076923 0.051682692307692304
1 0.6189903846153846 0.45552884615384615 0.078125 0.056490384615384616
1 0.5372596153846154 0.4170673076923077 0.078125 0.06129807692307692
1 0.37259615384615385 0.38341346153846156 0.0733173076923077 0.06610576923076923
1 0.30288461538461536 0.44471153846153844 0.0829326923076923 0.0733173076923077
1 0.45552884615384615 0.6838942307692307 0.09254807692307693 0.07451923076923077
1 0.7295673076923077 0.6682692307692307 0.07211538461538461 0.0625
1 0.8137019230769231 0.7007211538461539 0.07091346153846154 0.051682692307692304