1 0.37578125 0.25390625 0.06875 0.0640625
1 0.15546875 0.3578125 0.1125 0.09375
1 0.253125 0.596875 0.115625 0.1171875
1 0.66796875 0.5703125 0.10625 0.0890625
1 0.6671875 0.459375 0.0890625 0.1015625
1 0.6921875 0.7296875 0.121875 0.1421875
1 0.528125 0.89453125 0.1390625 0.1765625
1 0.2859375 0.40390625 0.096875 0.090625
2 0.2796875 0.50078125 0.1234375 0.1109375
2 0.153125 0.484375 0.1140625 0.096875
2 0.43125 0.42109375 0.0890625 0.075
2 0.42734375 0.34453125 0.0859375 0.0890625
2 0.39765625 0.715625 0.1171875 0.1265625
2 0.49609375 0.63046875 0.10625 0.1140625
2 0.7578125 0.62890625 0.09375 0.090625
2 0.77109375 0.490625 0.1109375 0.1125
0 0.84296875 0.81484375 0.1484375 0.1703125
0 0.60234375 0.678125 0.1078125 0.121875
0 0.24453125 0.7 0.1015625 0.103125
0 0.53125 0.459375 0.0859375 0.0953125
0 0.6171875 0.33828125 0.06875 0.078125
0 0.5078125 0.34765625 0.0890625 0.078125
0 0.50703125 0.29453125 0.0828125 0.071875
0 0.296875 0.28046875 0.08125 0.0796875