2 0.11538461538461539 0.2824519230769231 0.10336538461538461 0.08173076923076923
2 0.22956730769230768 0.40865384615384615 0.0889423076923077 0.07451923076923077
2 0.09134615384615384 0.5012019230769231 0.10096153846153846 0.07692307692307693
2 0.3245192307692308 0.5204326923076923 0.08413461538461539 0.06490384615384616
2 0.29086538461538464 0.6105769230769231 0.08653846153846154 0.0673076923076923
2 0.5060096153846154 0.5576923076923077 0.0625 0.04807692307692308
0 0.47475961538461536 0.5072115384615384 0.0625 0.057692307692307696
2 0.5456730769230769 0.5060096153846154 0.07692307692307693 0.052884615384615384
2 0.4411057692307692 0.4338942307692308 0.08413461538461539 0.06009615384615385
2 0.7572115384615384 0.27403846153846156 0.08653846153846154 0.08413461538461539
2 0.890625 0.5877403846153846 0.06490384615384616 0.06971153846153846
1 0.2956730769230769 0.25961538461538464 0.08173076923076923 0.07211538461538461
1 0.10336538461538461 0.3641826923076923 0.10336538461538461 0.08413461538461539
1 0.3425480769230769 0.3954326923076923 0.0625 0.05048076923076923
1 0.8353365384615384 0.16947115384615385 0.08173076923076923 0.08413461538461539
1 0.8533653846153846 0.28125 0.07451923076923077 0.07451923076923077
1 0.8882211538461539 0.421875 0.07451923076923077 0.08173076923076923
1 0.9579326923076923 0.6298076923076923 0.057692307692307696 0.052884615384615384
1 0.9447115384615384 0.5745192307692307 0.05048076923076923 0.052884615384615384
0 0.9122596153846154 0.7295673076923077 0.07451923076923077 0.07692307692307693
1 0.9723557692307693 0.7247596153846154 0.03125 0.0625
1 0.7776442307692307 0.3918269230769231 0.09134615384615384 0.08173076923076923
0 0.6899038461538461 0.171875 0.1201923076923077 0.11057692307692307
0 0.37259615384615385 0.30408653846153844 0.08413461538461539 0.07932692307692307
0 0.3401442307692308 0.4639423076923077 0.07451923076923077 0.052884615384615384
0 0.21153846153846154 0.5612980769230769 0.09134615384615384 0.06971153846153846
0 0.38100961538461536 0.578125 0.07932692307692307 0.06009615384615385
0 0.4387019230769231 0.6634615384615384 0.07211538461538461 0.0625
0 0.7944711538461539 0.49278846153846156 0.0985576923076923 0.0889423076923077
0 0.9362980769230769 0.4951923076923077 0.07692307692307693 0.0673076923076923