0 0.85625 0.5234375 0.115625 0.1484375
0 0.67734375 0.47265625 0.12109375 0.13359375
0 0.56015625 0.5921875 0.15 0.165625
0 0.4875 0.78203125 0.1546875 0.1765625
1 0.3296875 0.66640625 0.1421875 0.16328125
1 0.4984375 0.42734375 0.11796875 0.1375
1 0.659375 0.25234375 0.09921875 0.13515625
1 0.50703125 0.21171875 0.1046875 0.12265625
2 0.40234375 0.27421875 0.1234375 0.128125
2 0.28359375 0.18515625 0.1125 0.10703125
2 0.240625 0.43046875 0.1546875 0.15859375
2 0.0765625 0.440625 0.13515625 0.1390625