0 0.80703125 0.734375 0.1125 0.128125
0 0.69375 0.6546875 0.121875 0.1453125
0 0.73984375 0.47109375 0.115625 0.1328125
0 0.6296875 0.3265625 0.096875 0.1234375
0 0.52265625 0.2921875 0.109375 0.11875
0 0.5609375 0.15078125 0.109375 0.1125
0 0.446875 0.45078125 0.109375 0.128125
0 0.334375 0.60703125 0.1078125 0.1375
1 0.25390625 0.51484375 0.103125 0.121875
1 0.4203125 0.3078125 0.0984375 0.121875
1 0.340625 0.22109375 0.1109375 0.1296875
1 0.26640625 0.171875 0.10625 0.1046875
1 0.71328125 0.26484375 0.0921875 0.109375
1 0.884375 0.22109375 0.0921875 0.0984375
1 0.28515625 0.75 0.13125 0.1484375
1 0.5203125 0.61171875 0.1234375 0.15
2 0.58125 0.8046875 0.1359375 0.1609375
2 0.63671875 0.53828125 0.1125 0.1453125
2 0.55546875 0.44140625 0.1140625 0.1390625
2 0.9078125 0.315625 0.1203125 0.1234375
2 0.903125 0.4984375 0.1296875 0.1515625
2 0.47578125 0.08359375 0.1015625 0.103125
2 0.196875 0.3734375 0.1125 0.14375
2 0.1 0.3640625 0.1203125 0.1125