1 0.5515625 0.63359375 0.109375 0.1234375
1 0.69453125 0.63984375 0.09453125 0.1296875
1 0.821875 0.64921875 0.0859375 0.15078125
1 0.79921875 0.821875 0.1015625 0.14296875
1 0.70234375 0.78359375 0.10703125 0.13359375
1 0.575 0.77734375 0.11484375 0.1359375
1 0.4640625 0.821875 0.109375 0.15390625
1 0.428125 0.66015625 0.1140625 0.1359375
2 0.42578125 0.4375 0.09921875 0.1375
2 0.5578125 0.43828125 0.09765625 0.16328125
2 0.7140625 0.484375 0.11328125 0.10390625
2 0.84609375 0.4546875 0.0921875 0.14296875
2 0.8546875 0.28125 0.10390625 0.1390625
2 0.7453125 0.24140625 0.10546875 0.1359375
2 0.565625 0.25703125 0.1171875 0.13203125
2 0.4421875 0.26640625 0.11328125 0.13671875
0 0.3 0.259375 0.11015625 0.1171875
0 0.29375 0.4546875 0.1125 0.1390625
0 0.2984375 0.63046875 0.10625 0.15234375
0 0.30234375 0.8296875 0.0953125 0.128125
0 0.13515625 0.834375 0.1046875 0.1546875
0 0.13984375 0.67578125 0.11796875 0.140625
0 0.14296875 0.46015625 0.125 0.14921875
0 0.1671875 0.3109375 0.10546875 0.13984375