0 0.3737980769230769 0.1346153846153846 0.09615384615384616 0.08653846153846154
0 0.4230769230769231 0.22596153846153846 0.10576923076923077 0.08653846153846154
0 0.3798076923076923 0.4230769230769231 0.10336538461538461 0.0889423076923077
0 0.5600961538461539 0.2800480769230769 0.0889423076923077 0.07932692307692307
0 0.7163461538461539 0.33052884615384615 0.08413461538461539 0.06971153846153846
0 0.6153846153846154 0.4699519230769231 0.07692307692307693 0.06971153846153846
0 0.5324519230769231 0.5276442307692307 0.09375 0.07692307692307693
0 0.2644230769230769 0.6045673076923077 0.10576923076923077 0.08413461538461539
0 0.7668269230769231 0.5108173076923077 0.10096153846153846 0.09375
0 0.5192307692307693 0.6923076923076923 0.08173076923076923 0.07932692307692307
1 0.2764423076923077 0.18629807692307693 0.11538461538461539 0.09375
1 0.23317307692307693 0.4735576923076923 0.11057692307692307 0.09375
1 0.6201923076923077 0.328125 0.09134615384615384 0.07211538461538461
1 0.5120192307692307 0.46153846153846156 0.09615384615384616 0.07932692307692307
1 0.7908653846153846 0.42427884615384615 0.07932692307692307 0.06971153846153846
2 0.6033653846153846 0.609375 0.09134615384615384 0.08413461538461539
1 0.6442307692307693 0.5432692307692307 0.09375 0.07451923076923077
1 0.27524038461538464 0.6887019230769231 0.09375 0.07932692307692307
1 0.25600961538461536 0.8509615384615384 0.10336538461538461 0.09615384615384616
1 0.5769230769230769 0.7415865384615384 0.0889423076923077 0.07932692307692307
1 0.7067307692307693 0.5865384615384616 0.0889423076923077 0.06971153846153846
2 0.3076923076923077 0.32211538461538464 0.12259615384615384 0.09615384615384616
2 0.5360576923076923 0.16826923076923078 0.10096153846153846 0.07932692307692307
2 0.47115384615384615 0.35336538461538464 0.10817307692307693 0.08653846153846154
2 0.390625 0.5492788461538461 0.0985576923076923 0.08173076923076923
2 0.4050480769230769 0.6682692307692307 0.10096153846153846 0.08413461538461539
2 0.4651442307692308 0.7608173076923077 0.10096153846153846 0.07932692307692307
2 0.34134615384615385 0.828125 0.10096153846153846 0.08653846153846154
2 0.71875 0.40865384615384615 0.08413461538461539 0.07451923076923077
2 0.8605769230769231 0.39663461538461536 0.08173076923076923 0.07451923076923077