2 0.71875 0.4206730769230769 0.06490384615384616 0.06850961538461539
2 0.6394230769230769 0.41947115384615385 0.056490384615384616 0.08052884615384616
2 0.6141826923076923 0.26802884615384615 0.04807692307692308 0.06850961538461539
2 0.5637019230769231 0.6418269230769231 0.051682692307692304 0.06610576923076923
2 0.5649038461538461 0.765625 0.05889423076923077 0.06971153846153846
2 0.40384615384615385 0.7295673076923077 0.051682692307692304 0.06490384615384616
2 0.3401442307692308 0.5709134615384616 0.051682692307692304 0.06850961538461539
2 0.26322115384615385 0.39302884615384615 0.04567307692307692 0.052884615384615384
2 0.5060096153846154 0.5540865384615384 0.038461538461538464 0.051682692307692304
2 0.5240384615384616 0.49278846153846156 0.046875 0.05048076923076923
1 0.4206730769230769 0.4675480769230769 0.04326923076923077 0.04807692307692308
1 0.4387019230769231 0.41466346153846156 0.038461538461538464 0.04326923076923077
1 0.3485576923076923 0.49158653846153844 0.04326923076923077 0.04567307692307692
1 0.5132211538461539 0.8305288461538461 0.04326923076923077 0.06490384615384616
1 0.35336538461538464 0.6935096153846154 0.05048076923076923 0.054086538461538464
1 0.6514423076923077 0.24278846153846154 0.04326923076923077 0.051682692307692304
1 0.5649038461538461 0.24639423076923078 0.05048076923076923 0.06009615384615385
1 0.5096153846153846 0.12980769230769232 0.042067307692307696 0.055288461538461536
1 0.5721153846153846 0.09975961538461539 0.04807692307692308 0.040865384615384616
1 0.7560096153846154 0.5793269230769231 0.07091346153846154 0.0733173076923077
0 0.5733173076923077 0.171875 0.04567307692307692 0.051682692307692304
0 0.6971153846153846 0.34975961538461536 0.06370192307692307 0.06009615384615385
0 0.6298076923076923 0.33774038461538464 0.04567307692307692 0.06370192307692307
0 0.7992788461538461 0.6995192307692307 0.0829326923076923 0.09134615384615384
0 0.5552884615384616 0.5432692307692307 0.039663461538461536 0.046875
0 0.47475961538461536 0.6502403846153846 0.055288461538461536 0.0625
0 0.4387019230769231 0.5901442307692307 0.04447115384615385 0.054086538461538464
0 0.3786057692307692 0.4026442307692308 0.04326923076923077 0.051682692307692304
0 0.25600961538461536 0.5697115384615384 0.051682692307692304 0.06370192307692307
0 0.2764423076923077 0.5204326923076923 0.05048076923076923 0.05048076923076923