2 0.36953125 0.2625 0.190625 0.1453125
2 0.1828125 0.34609375 0.190625 0.1546875
2 0.6625 0.73359375 0.171875 0.1390625
2 0.771875 0.61015625 0.16875 0.1265625
2 0.35546875 0.559375 0.1484375 0.1328125
1 0.90703125 0.50234375 0.1578125 0.1328125
1 0.765625 0.47265625 0.1515625 0.115625
1 0.49296875 0.56171875 0.1546875 0.1203125
1 0.109375 0.5625 0.153125 0.1375
1 0.1890625 0.675 0.1796875 0.134375
0 0.37890625 0.78046875 0.171875 0.134375
0 0.465625 0.41484375 0.159375 0.1375
0 0.6578125 0.36171875 0.1609375 0.1109375
0 0.58828125 0.25390625 0.1640625 0.1390625
0 0.74765625 0.2109375 0.1671875 0.1296875