2 0.6430288461538461 0.1201923076923077 0.10576923076923077 0.07932692307692307
2 0.31490384615384615 0.2932692307692308 0.10576923076923077 0.07451923076923077
2 0.4519230769230769 0.4423076923076923 0.0889423076923077 0.06490384615384616
2 0.7560096153846154 0.46153846153846156 0.08653846153846154 0.0673076923076923
2 0.3016826923076923 0.45552884615384615 0.08653846153846154 0.07211538461538461
2 0.18509615384615385 0.5228365384615384 0.07451923076923077 0.0673076923076923
2 0.8064903846153846 0.7367788461538461 0.09375 0.07932692307692307
2 0.4891826923076923 0.7055288461538461 0.07451923076923077 0.07211538461538461
2 0.32572115384615385 0.7151442307692307 0.0673076923076923 0.06009615384615385
2 0.16706730769230768 0.7403846153846154 0.07451923076923077 0.07211538461538461
0 0.5096153846153846 0.125 0.0889423076923077 0.07451923076923077
0 0.7115384615384616 0.3161057692307692 0.09375 0.07211538461538461
0 0.49399038461538464 0.39302884615384615 0.07932692307692307 0.06490384615384616
0 0.5805288461538461 0.49759615384615385 0.09375 0.07932692307692307
0 0.4579326923076923 0.5276442307692307 0.08653846153846154 0.07932692307692307
0 0.10336538461538461 0.6201923076923077 0.057692307692307696 0.0625
0 0.26322115384615385 0.6790865384615384 0.07451923076923077 0.06971153846153846
0 0.15504807692307693 0.8401442307692307 0.07932692307692307 0.07211538461538461
0 0.07932692307692307 0.7740384615384616 0.07692307692307693 0.07692307692307693
0 0.4266826923076923 0.7740384615384616 0.08653846153846154 0.06009615384615385
1 0.5372596153846154 0.25600961538461536 0.09134615384615384 0.06971153846153846
1 0.7908653846153846 0.39302884615384615 0.09375 0.08413461538461539
1 0.6790865384615384 0.5637019230769231 0.09375 0.07451923076923077
1 0.7247596153846154 0.6538461538461539 0.10576923076923077 0.07451923076923077
1 0.6225961538461539 0.6502403846153846 0.0985576923076923 0.07451923076923077
1 0.5504807692307693 0.6802884615384616 0.0673076923076923 0.057692307692307696
1 0.33774038461538464 0.8870192307692307 0.0889423076923077 0.08173076923076923
1 0.265625 0.8293269230769231 0.08653846153846154 0.07692307692307693
1 0.30288461538461536 0.5709134615384616 0.09134615384615384 0.07211538461538461
1 0.6875 0.9435096153846154 0.11057692307692307 0.07451923076923077