2 0.82890625 0.7390625 0.128125 0.14375
2 0.7453125 0.82890625 0.1375 0.15
2 0.54375 0.603125 0.0984375 0.1
2 0.428125 0.72109375 0.0984375 0.1375
2 0.21796875 0.39453125 0.109375 0.0953125
2 0.33828125 0.30546875 0.090625 0.084375
2 0.23984375 0.27734375 0.0828125 0.0765625
2 0.31953125 0.2015625 0.0703125 0.075
1 0.6390625 0.64140625 0.115625 0.1265625
1 0.571875 0.509375 0.0875 0.096875
1 0.359375 0.54765625 0.09375 0.1078125
1 0.2359375 0.62109375 0.125 0.1296875
1 0.25546875 0.4796875 0.1078125 0.1078125
1 0.36171875 0.38671875 0.1015625 0.084375
1 0.565625 0.30078125 0.0625 0.0671875
1 0.415625 0.2234375 0.075 0.08125
0 0.6953125 0.40625 0.09375 0.1
0 0.66796875 0.5546875 0.090625 0.1
0 0.58984375 0.4203125 0.0859375 0.0828125
0 0.4359375 0.4859375 0.0859375 0.0890625
0 0.5984375 0.8421875 0.1359375 0.1625
0 0.534375 0.24453125 0.065625 0.0625
0 0.31015625 0.7921875 0.1296875 0.159375
0 0.1234375 0.47421875 0.1140625 0.1234375