1 0.8671875 0.34609375 0.0875 0.065625
1 0.5359375 0.40078125 0.084375 0.0796875
1 0.51171875 0.3390625 0.0765625 0.0671875
1 0.234375 0.2765625 0.075 0.0671875
1 0.10625 0.3640625 0.065625 0.0640625
1 0.28203125 0.22421875 0.0625 0.046875
1 0.36015625 0.471875 0.090625 0.103125
1 0.51328125 0.47421875 0.1 0.0921875
2 0.77578125 0.3640625 0.09375 0.1
2 0.63984375 0.4328125 0.0953125 0.1
2 0.43203125 0.57578125 0.0859375 0.0921875
2 0.3953125 0.6875 0.1390625 0.14375
2 0.22890625 0.63203125 0.134375 0.09375
2 0.3828125 0.3546875 0.084375 0.0890625
2 0.32109375 0.29453125 0.065625 0.0546875
2 0.4 0.1984375 0.0625 0.0671875
0 0.64375 0.35859375 0.090625 0.0734375
0 0.59375 0.3 0.08125 0.06875
0 0.54453125 0.26328125 0.0671875 0.053125
0 0.45234375 0.37265625 0.078125 0.0796875
0 0.59140625 0.63359375 0.1234375 0.115625
0 0.2 0.54140625 0.0921875 0.1046875
0 0.1484375 0.41328125 0.0734375 0.0671875
0 0.259375 0.36328125 0.0859375 0.0875