2 0.2548076923076923 0.19471153846153846 0.11057692307692307 0.08413461538461539
2 0.6754807692307693 0.28966346153846156 0.12980769230769232 0.10817307692307693
2 0.5793269230769231 0.5144230769230769 0.12980769230769232 0.10096153846153846
2 0.37740384615384615 0.5288461538461539 0.10096153846153846 0.09134615384615384
2 0.4795673076923077 0.6213942307692307 0.11298076923076923 0.0889423076923077
2 0.34134615384615385 0.5985576923076923 0.11778846153846154 0.08653846153846154
2 0.25721153846153844 0.7175480769230769 0.09375 0.07932692307692307
2 0.22716346153846154 0.7848557692307693 0.08653846153846154 0.06971153846153846
2 0.03125 0.5168269230769231 0.0625 0.08173076923076923
2 0.30408653846153844 0.34134615384615385 0.08173076923076923 0.07932692307692307
1 0.5012019230769231 0.24519230769230768 0.10336538461538461 0.09615384615384616
1 0.6778846153846154 0.45072115384615385 0.10336538461538461 0.09134615384615384
1 0.34375 0.24639423076923078 0.09134615384615384 0.09134615384615384
1 0.44350961538461536 0.36658653846153844 0.10817307692307693 0.09375
1 0.33774038461538464 0.4074519230769231 0.10096153846153846 0.08173076923076923
1 0.1622596153846154 0.3557692307692308 0.0889423076923077 0.07932692307692307
1 0.15745192307692307 0.49278846153846156 0.0985576923076923 0.08413461538461539
1 0.5036057692307693 0.7043269230769231 0.10576923076923077 0.09134615384615384
1 0.6081730769230769 0.7836538461538461 0.12259615384615384 0.10096153846153846
1 0.42788461538461536 0.7764423076923077 0.11057692307692307 0.08413461538461539
0 0.2439903846153846 0.2608173076923077 0.10096153846153846 0.08413461538461539
0 0.47596153846153844 0.46634615384615385 0.10096153846153846 0.09134615384615384
0 0.6201923076923077 0.6213942307692307 0.1201923076923077 0.09615384615384616
0 0.6947115384615384 0.7103365384615384 0.11538461538461539 0.0985576923076923
0 0.2644230769230769 0.5240384615384616 0.09615384615384616 0.08413461538461539
0 0.12139423076923077 0.5661057692307693 0.09134615384615384 0.08173076923076923
0 0.1346153846153846 0.7247596153846154 0.08413461538461539 0.07211538461538461
0 0.06490384615384616 0.6526442307692307 0.08413461538461539 0.0673076923076923
0 0.15144230769230768 0.421875 0.08173076923076923 0.07692307692307693
0 0.31971153846153844 0.6730769230769231 0.08173076923076923 0.07932692307692307