0 0.8390625 0.54921875 0.07890625 0.08046875
0 0.78125 0.3890625 0.078125 0.0796875
0 0.65078125 0.35234375 0.05078125 0.05078125
0 0.68828125 0.45546875 0.07578125 0.06171875
0 0.60234375 0.559375 0.09296875 0.0796875
0 0.39375 0.559375 0.08125 0.07578125
0 0.39921875 0.3453125 0.0484375 0.04375
0 0.43515625 0.30859375 0.05078125 0.03828125
1 0.1765625 0.51015625 0.0640625 0.0625
1 0.26953125 0.42578125 0.059375 0.06953125
1 0.25859375 0.35078125 0.046875 0.04609375
1 0.52109375 0.29140625 0.04765625 0.03671875
1 0.6046875 0.46171875 0.0640625 0.06640625
1 0.54375 0.39140625 0.06171875 0.04921875
1 0.42578125 0.39296875 0.0640625 0.04609375
1 0.7046875 0.3296875 0.05234375 0.04296875
2 0.73671875 0.64609375 0.09765625 0.09140625
2 0.5796875 0.6484375 0.08125 0.0859375
2 0.540625 0.46796875 0.06953125 0.0546875
2 0.45078125 0.4890625 0.07421875 0.05546875
2 0.2734375 0.51640625 0.065625 0.059375
2 0.31171875 0.35078125 0.06015625 0.04765625
2 0.20234375 0.3578125 0.05546875 0.053125
2 0.60703125 0.3046875 0.04921875 0.03984375