2 0.5120192307692307 0.16826923076923078 0.08533653846153846 0.06370192307692307
2 0.6814903846153846 0.20072115384615385 0.07932692307692307 0.051682692307692304
2 0.35096153846153844 0.24158653846153846 0.08052884615384616 0.055288461538461536
2 0.2283653846153846 0.4723557692307692 0.09254807692307693 0.0733173076923077
2 0.5528846153846154 0.40024038461538464 0.0829326923076923 0.06129807692307692
2 0.46274038461538464 0.4699519230769231 0.07692307692307693 0.052884615384615384
2 0.6237980769230769 0.5084134615384616 0.0733173076923077 0.04567307692307692
2 0.8197115384615384 0.39663461538461536 0.08413461538461539 0.051682692307692304
2 0.43509615384615385 0.6081730769230769 0.07932692307692307 0.06009615384615385
2 0.7235576923076923 0.6466346153846154 0.06490384615384616 0.05048076923076923
0 0.5324519230769231 0.25841346153846156 0.07451923076923077 0.05889423076923077
0 0.6394230769230769 0.31971153846153844 0.0829326923076923 0.056490384615384616
0 0.25600961538461536 0.33052884615384615 0.08774038461538461 0.06490384615384616
0 0.375 0.36538461538461536 0.06850961538461539 0.05889423076923077
0 0.34975961538461536 0.5324519230769231 0.09134615384615384 0.0625
0 0.2620192307692308 0.6237980769230769 0.09495192307692307 0.07451923076923077
0 0.5745192307692307 0.6225961538461539 0.08413461538461539 0.06370192307692307
0 0.6694711538461539 0.5985576923076923 0.06850961538461539 0.054086538461538464
0 0.7716346153846154 0.453125 0.08173076923076923 0.056490384615384616
0 0.5444711538461539 0.828125 0.07572115384615384 0.06370192307692307
1 0.5637019230769231 0.32572115384615385 0.07091346153846154 0.052884615384615384
1 0.6382211538461539 0.4579326923076923 0.078125 0.0625
1 0.6935096153846154 0.5288461538461539 0.07091346153846154 0.055288461538461536
1 0.5360576923076923 0.5384615384615384 0.06490384615384616 0.05889423076923077
1 0.6286057692307693 0.7295673076923077 0.0733173076923077 0.06009615384615385
1 0.3485576923076923 0.7824519230769231 0.10096153846153846 0.07211538461538461
1 0.640625 0.8701923076923077 0.07211538461538461 0.056490384615384616
1 0.4735576923076923 0.671875 0.0889423076923077 0.046875
1 0.7355769230769231 0.3016826923076923 0.078125 0.0673076923076923
1 0.8100961538461539 0.5757211538461539 0.06610576923076923 0.06129807692307692