2 0.5216346153846154 0.03245192307692308 0.11057692307692307 0.06490384615384616
2 0.3112980769230769 0.03365384615384615 0.10336538461538461 0.0673076923076923
2 0.703125 0.13701923076923078 0.10576923076923077 0.07932692307692307
2 0.8100961538461539 0.4338942307692308 0.125 0.10336538461538461
2 0.4326923076923077 0.2932692307692308 0.11057692307692307 0.08653846153846154
2 0.5300480769230769 0.3918269230769231 0.10096153846153846 0.07692307692307693
2 0.33052884615384615 0.4110576923076923 0.09615384615384616 0.0673076923076923
2 0.11298076923076923 0.24278846153846154 0.11057692307692307 0.07692307692307693
2 0.5384615384615384 0.5612980769230769 0.10576923076923077 0.08413461538461539
2 0.18629807692307693 0.5588942307692307 0.08653846153846154 0.06971153846153846
0 0.48197115384615385 0.12620192307692307 0.0985576923076923 0.08173076923076923
0 0.34375 0.18028846153846154 0.10817307692307693 0.08173076923076923
0 0.8016826923076923 0.25841346153846156 0.11778846153846154 0.09134615384615384
0 0.6538461538461539 0.28125 0.09134615384615384 0.08173076923076923
0 0.6550480769230769 0.4855769230769231 0.1201923076923077 0.09134615384615384
0 0.7439903846153846 0.6105769230769231 0.12740384615384615 0.10576923076923077
0 0.36899038461538464 0.5552884615384616 0.11298076923076923 0.09134615384615384
0 0.25961538461538464 0.5096153846153846 0.09134615384615384 0.07692307692307693
0 0.16105769230769232 0.31850961538461536 0.10817307692307693 0.08173076923076923
0 0.3701923076923077 0.8076923076923077 0.10096153846153846 0.0889423076923077
1 0.4326923076923077 0.20192307692307693 0.09375 0.07451923076923077
1 0.32091346153846156 0.3473557692307692 0.10336538461538461 0.0889423076923077
1 0.24158653846153846 0.421875 0.09615384615384616 0.07932692307692307
1 0.43028846153846156 0.46274038461538464 0.08653846153846154 0.08173076923076923
1 0.2860576923076923 0.6754807692307693 0.0985576923076923 0.08413461538461539
1 0.6141826923076923 0.7872596153846154 0.1346153846153846 0.10336538461538461
1 0.24759615384615385 0.8425480769230769 0.09615384615384616 0.07932692307692307
1 0.4831730769230769 0.6310096153846154 0.11538461538461539 0.07211538461538461
1 0.23076923076923078 0.14302884615384615 0.10576923076923077 0.09375
1 0.09375 0.46033653846153844 0.0889423076923077 0.08413461538461539