0 0.8578125 0.7296875 0.1046875 0.15
0 0.44765625 0.8140625 0.10625 0.1328125
0 0.1953125 0.70859375 0.1 0.1296875
0 0.20390625 0.40390625 0.0796875 0.065625
0 0.2734375 0.29453125 0.0875 0.0859375
0 0.66875 0.4296875 0.0890625 0.1109375
0 0.80703125 0.40703125 0.0828125 0.09375
0 0.4890625 0.5984375 0.1 0.10625
2 0.3296875 0.74296875 0.115625 0.1421875
2 0.415625 0.48984375 0.0859375 0.1015625
2 0.46640625 0.31953125 0.078125 0.0875
2 0.8171875 0.28203125 0.1125 0.065625
2 0.1046875 0.471875 0.1015625 0.09375
2 0.19140625 0.31328125 0.08125 0.0859375
2 0.68359375 0.575 0.11875 0.128125
2 0.64609375 0.21484375 0.075 0.078125
1 0.49609375 0.18359375 0.0734375 0.0765625
1 0.53984375 0.275 0.08125 0.071875
1 0.69140625 0.30546875 0.0921875 0.090625
1 0.58828125 0.4046875 0.0796875 0.09375
1 0.49609375 0.44375 0.096875 0.0890625
1 0.2859375 0.43203125 0.0796875 0.0890625
1 0.2109375 0.47734375 0.0921875 0.0890625
1 0.19296875 0.59921875 0.103125 0.11875