0 0.77734375 0.328125 0.0984375 0.1015625
0 0.8875 0.62578125 0.103125 0.128125
0 0.66640625 0.846875 0.115625 0.1296875
0 0.721875 0.671875 0.096875 0.1265625
0 0.6578125 0.60546875 0.1 0.115625
0 0.67265625 0.39453125 0.1078125 0.134375
0 0.39375 0.1765625 0.0984375 0.1140625
0 0.25078125 0.39453125 0.1015625 0.11875
1 0.1703125 0.37578125 0.1015625 0.1140625
1 0.28984375 0.740625 0.103125 0.11875
1 0.48515625 0.3671875 0.0921875 0.1171875
1 0.41640625 0.3828125 0.103125 0.128125
1 0.57265625 0.19296875 0.109375 0.11875
1 0.81015625 0.4265625 0.103125 0.1171875
1 0.4421875 0.61484375 0.1234375 0.1265625
1 0.50859375 0.52265625 0.0984375 0.121875
2 0.30390625 0.51953125 0.109375 0.1078125
2 0.1640625 0.684375 0.1 0.109375
2 0.08515625 0.59453125 0.0953125 0.1265625
2 0.17578125 0.54765625 0.0984375 0.115625
2 0.375 0.77578125 0.096875 0.1234375
2 0.54453125 0.7109375 0.1 0.115625
2 0.725 0.48203125 0.1015625 0.140625
2 0.3046875 0.17265625 0.1078125 0.140625