2 0.30528846153846156 0.29086538461538464 0.08653846153846154 0.09134615384615384
2 0.2704326923076923 0.21634615384615385 0.07932692307692307 0.09134615384615384
2 0.453125 0.20673076923076922 0.07451923076923077 0.07451923076923077
2 0.5637019230769231 0.47836538461538464 0.0673076923076923 0.08173076923076923
2 0.5228365384615384 0.5324519230769231 0.06009615384615385 0.0673076923076923
2 0.42788461538461536 0.5240384615384616 0.0625 0.06490384615384616
2 0.3425480769230769 0.5865384615384616 0.06009615384615385 0.07211538461538461
2 0.43509615384615385 0.75 0.07211538461538461 0.09134615384615384
2 0.5973557692307693 0.7560096153846154 0.06971153846153846 0.08653846153846154
2 0.8449519230769231 0.7800480769230769 0.07932692307692307 0.0889423076923077
1 0.6754807692307693 0.109375 0.0889423076923077 0.09134615384615384
1 0.6850961538461539 0.20673076923076922 0.10336538461538461 0.09615384615384616
1 0.4567307692307692 0.15384615384615385 0.06490384615384616 0.0625
1 0.15144230769230768 0.2848557692307692 0.07692307692307693 0.0985576923076923
1 0.6935096153846154 0.5360576923076923 0.06490384615384616 0.07451923076923077
1 0.6514423076923077 0.5901442307692307 0.055288461538461536 0.0673076923076923
1 0.6754807692307693 0.7055288461538461 0.06971153846153846 0.0889423076923077
1 0.4855769230769231 0.7944711538461539 0.06009615384615385 0.07932692307692307
1 0.31971153846153844 0.6670673076923077 0.0625 0.07211538461538461
1 0.4987980769230769 0.24759615384615385 0.08173076923076923 0.07932692307692307
0 0.5817307692307693 0.17427884615384615 0.07692307692307693 0.08173076923076923
0 0.38100961538461536 0.24519230769230768 0.07932692307692307 0.07932692307692307
0 0.3425480769230769 0.18269230769230768 0.07932692307692307 0.07451923076923077
0 0.06850961538461539 0.31850961538461536 0.07451923076923077 0.08653846153846154
0 0.5072115384615384 0.47475961538461536 0.06490384615384616 0.07451923076923077
0 0.46033653846153844 0.625 0.057692307692307696 0.07211538461538461
0 0.5276442307692307 0.6346153846153846 0.06971153846153846 0.08413461538461539
0 0.7487980769230769 0.6105769230769231 0.06490384615384616 0.07692307692307693
0 0.65625 0.875 0.06971153846153846 0.09375
0 0.6935096153846154 0.8341346153846154 0.0673076923076923 0.08653846153846154