1 0.84765625 0.63046875 0.1296875 0.1265625
1 0.871875 0.53125 0.10625 0.109375
1 0.46875 0.4890625 0.0921875 0.0828125
1 0.29140625 0.4140625 0.1015625 0.090625
1 0.33515625 0.26015625 0.0859375 0.0765625
1 0.38046875 0.20390625 0.0765625 0.075
1 0.4828125 0.2546875 0.08125 0.0765625
1 0.890625 0.31640625 0.0984375 0.1015625
2 0.95 0.52265625 0.0921875 0.1015625
2 0.8875 0.43203125 0.1015625 0.1015625
2 0.61640625 0.7 0.1296875 0.1359375
2 0.321875 0.5734375 0.0953125 0.109375
2 0.134375 0.6859375 0.1296875 0.13125
2 0.49140625 0.36171875 0.0859375 0.0890625
2 0.3484375 0.321875 0.103125 0.0859375
2 0.525 0.1796875 0.06875 0.0671875
0 0.70546875 0.29765625 0.090625 0.075
0 0.62265625 0.25546875 0.084375 0.075
0 0.67109375 0.34140625 0.0875 0.0875
0 0.6265625 0.38203125 0.096875 0.0921875
0 0.73515625 0.51015625 0.121875 0.1046875
0 0.5640625 0.45390625 0.090625 0.0859375
0 0.5546875 0.55546875 0.1078125 0.1046875
0 0.4359375 0.66953125 0.1265625 0.1515625