2 0.49278846153846156 0.30408653846153844 0.08653846153846154 0.0673076923076923
2 0.390625 0.38822115384615385 0.09014423076923077 0.057692307692307696
2 0.2932692307692308 0.5276442307692307 0.08413461538461539 0.06610576923076923
2 0.5144230769230769 0.4987980769230769 0.08653846153846154 0.054086538461538464
2 0.6262019230769231 0.5889423076923077 0.0889423076923077 0.05889423076923077
0 0.6334134615384616 0.7019230769230769 0.0673076923076923 0.057692307692307696
2 0.6947115384615384 0.6598557692307693 0.06610576923076923 0.055288461538461536
2 0.5757211538461539 0.7908653846153846 0.06971153846153846 0.07091346153846154
2 0.49158653846153844 0.7163461538461539 0.08052884615384616 0.05889423076923077
1 0.34134615384615385 0.6730769230769231 0.09134615384615384 0.057692307692307696
2 0.35096153846153844 0.6129807692307693 0.06971153846153846 0.04927884615384615
2 0.27163461538461536 0.8257211538461539 0.09014423076923077 0.06971153846153846
1 0.33052884615384615 0.7367788461538461 0.078125 0.06009615384615385
1 0.47596153846153844 0.6598557692307693 0.06490384615384616 0.056490384615384616
1 0.5408653846153846 0.6334134615384616 0.05889423076923077 0.056490384615384616
1 0.45072115384615385 0.5697115384615384 0.06129807692307692 0.054086538461538464
1 0.3713942307692308 0.5216346153846154 0.06129807692307692 0.05889423076923077
1 0.7007211538461539 0.3954326923076923 0.06490384615384616 0.052884615384615384
1 0.7752403846153846 0.39302884615384615 0.07451923076923077 0.055288461538461536
1 0.45913461538461536 0.8665865384615384 0.0889423076923077 0.06129807692307692
1 0.6790865384615384 0.53125 0.06850961538461539 0.054086538461538464
0 0.453125 0.19591346153846154 0.07692307692307693 0.06490384615384616
0 0.6129807692307693 0.28966346153846156 0.0673076923076923 0.0625
0 0.3317307692307692 0.3389423076923077 0.08533653846153846 0.056490384615384616
0 0.5685096153846154 0.4026442307692308 0.07692307692307693 0.06610576923076923
0 0.4375 0.4651442307692308 0.07932692307692307 0.057692307692307696
0 0.7295673076923077 0.484375 0.06370192307692307 0.05889423076923077
0 0.6237980769230769 0.4891826923076923 0.07211538461538461 0.06009615384615385
0 0.5048076923076923 0.5685096153846154 0.06610576923076923 0.06129807692307692
0 0.5036057692307693 0.7776442307692307 0.07451923076923077 0.06129807692307692