0 0.81875 0.671875 0.1 0.11875
0 0.5765625 0.678125 0.096875 0.1078125
0 0.409375 0.58359375 0.0765625 0.0875
0 0.74453125 0.3796875 0.0609375 0.059375
0 0.62265625 0.36640625 0.0625 0.0515625
0 0.46484375 0.3625 0.0484375 0.0515625
0 0.18671875 0.60859375 0.0828125 0.0859375
0 0.06640625 0.60703125 0.08125 0.0984375
2 0.25625 0.6453125 0.0890625 0.1171875
2 0.49765625 0.66875 0.0828125 0.09375
2 0.71796875 0.45234375 0.06875 0.06875
2 0.14375 0.52109375 0.0640625 0.0671875
2 0.56953125 0.3171875 0.0578125 0.0453125
2 0.43359375 0.45625 0.071875 0.0640625
2 0.284375 0.46328125 0.0734375 0.0671875
2 0.1625 0.43203125 0.065625 0.059375
1 0.6578125 0.59296875 0.0875 0.0828125
1 0.61875 0.4890625 0.0703125 0.0671875
1 0.56953125 0.4265625 0.0609375 0.0640625
1 0.46953125 0.515625 0.0640625 0.0671875
1 0.40078125 0.3828125 0.0625 0.053125
1 0.253125 0.403125 0.0578125 0.05
1 0.48125 0.31328125 0.059375 0.0484375
1 0.66484375 0.3296875 0.053125 0.040625