2 0.8076923076923077 0.13221153846153846 0.10096153846153846 0.08653846153846154
2 0.6706730769230769 0.14903846153846154 0.09375 0.08653846153846154
2 0.23677884615384615 0.33052884615384615 0.0985576923076923 0.07932692307692307
2 0.7439903846153846 0.33774038461538464 0.0889423076923077 0.07211538461538461
2 0.9050480769230769 0.3245192307692308 0.07932692307692307 0.07211538461538461
2 0.6237980769230769 0.5072115384615384 0.0985576923076923 0.06490384615384616
2 0.49399038461538464 0.65625 0.07692307692307693 0.07211538461538461
2 0.75 0.6382211538461539 0.09134615384615384 0.0625
1 0.8713942307692307 0.6237980769230769 0.0985576923076923 0.06971153846153846
2 0.9242788461538461 0.5673076923076923 0.07211538461538461 0.057692307692307696
2 0.9819711538461539 0.5360576923076923 0.036057692307692304 0.0625
0 0.5528846153846154 0.17668269230769232 0.09615384615384616 0.07692307692307693
0 0.43149038461538464 0.2704326923076923 0.10576923076923077 0.07451923076923077
0 0.6370192307692307 0.35216346153846156 0.0985576923076923 0.057692307692307696
0 0.8088942307692307 0.27524038461538464 0.07211538461538461 0.0625
0 0.5336538461538461 0.38221153846153844 0.10096153846153846 0.0673076923076923
0 0.3401442307692308 0.4519230769230769 0.1201923076923077 0.09375
0 0.3954326923076923 0.5504807692307693 0.11538461538461539 0.08173076923076923
0 0.3137019230769231 0.6454326923076923 0.10576923076923077 0.08173076923076923
0 0.8112980769230769 0.41466346153846156 0.09134615384615384 0.07211538461538461
0 0.9867788461538461 0.4254807692307692 0.02403846153846154 0.0625
1 0.5252403846153846 0.2956730769230769 0.09615384615384616 0.07211538461538461
1 0.6598557692307693 0.29927884615384615 0.0985576923076923 0.052884615384615384
1 0.5769230769230769 0.7548076923076923 0.09375 0.07451923076923077
1 0.4170673076923077 0.8016826923076923 0.10817307692307693 0.07692307692307693
1 0.6370192307692307 0.6334134615384616 0.09375 0.08413461538461539
1 0.7331730769230769 0.7103365384615384 0.09134615384615384 0.0673076923076923
1 0.90625 0.5108173076923077 0.06971153846153846 0.05048076923076923
1 0.7283653846153846 0.49759615384615385 0.0985576923076923 0.08173076923076923
1 0.5372596153846154 0.5961538461538461 0.08173076923076923 0.0673076923076923