1 0.81953125 0.6890625 0.1125 0.109375
1 0.8609375 0.5953125 0.0921875 0.0953125
1 0.47109375 0.484375 0.08125 0.0703125
1 0.309375 0.37890625 0.090625 0.0765625
1 0.3796875 0.23515625 0.0765625 0.065625
1 0.43359375 0.1875 0.0671875 0.065625
1 0.52578125 0.25546875 0.071875 0.065625
1 0.9171875 0.3875 0.084375 0.0890625
2 0.9390625 0.6 0.078125 0.0890625
2 0.89375 0.5 0.0875 0.0890625
2 0.5796875 0.7171875 0.1109375 0.1203125
2 0.31171875 0.54140625 0.08125 0.096875
2 0.1078125 0.61953125 0.1125 0.1140625
2 0.515625 0.3625 0.075 0.0765625
2 0.38125 0.2984375 0.0921875 0.071875
2 0.58046875 0.1890625 0.0609375 0.0578125
0 0.7375 0.33671875 0.08125 0.0625
0 0.66328125 0.28046875 0.075 0.0625
0 0.69609375 0.37421875 0.075 0.075
0 0.6453125 0.40625 0.084375 0.078125
0 0.7296875 0.55078125 0.109375 0.0875
0 0.57109375 0.465625 0.0796875 0.0734375
0 0.54375 0.5640625 0.09375 0.090625
0 0.40703125 0.65546875 0.1046875 0.1359375