2 0.6274038461538461 0.39302884615384615 0.09615384615384616 0.08173076923076923
2 0.47716346153846156 0.5540865384615384 0.09134615384615384 0.08653846153846154
2 0.3701923076923077 0.6935096153846154 0.0985576923076923 0.07692307692307693
2 0.21634615384615385 0.27403846153846156 0.10336538461538461 0.08653846153846154
2 0.5793269230769231 0.15144230769230768 0.10096153846153846 0.07692307692307693
2 0.5697115384615384 0.07451923076923077 0.10576923076923077 0.07692307692307693
2 0.75 0.3245192307692308 0.10096153846153846 0.07932692307692307
2 0.6201923076923077 0.30649038461538464 0.10096153846153846 0.06971153846153846
2 0.8040865384615384 0.453125 0.0889423076923077 0.07451923076923077
2 0.8149038461538461 0.6802884615384616 0.10336538461538461 0.08653846153846154
1 0.6442307692307693 0.6935096153846154 0.09615384615384616 0.0889423076923077
1 0.4855769230769231 0.6574519230769231 0.10817307692307693 0.09375
1 0.6274038461538461 0.5600961538461539 0.11298076923076923 0.07932692307692307
1 0.5456730769230769 0.4987980769230769 0.08653846153846154 0.0625
1 0.3269230769230769 0.5024038461538461 0.10336538461538461 0.07932692307692307
1 0.3786057692307692 0.35096153846153844 0.10096153846153846 0.08653846153846154
1 0.8028846153846154 0.2536057692307692 0.09375 0.07451923076923077
1 0.7668269230769231 0.16826923076923078 0.0985576923076923 0.07451923076923077
1 0.9146634615384616 0.23076923076923078 0.07932692307692307 0.07692307692307693
1 0.8545673076923077 0.5384615384615384 0.0889423076923077 0.08653846153846154
0 0.6911057692307693 0.47596153846153844 0.0985576923076923 0.07692307692307693
0 0.8774038461538461 0.36899038461538464 0.09375 0.07932692307692307
0 0.9519230769230769 0.32091346153846156 0.07211538461538461 0.057692307692307696
0 0.5036057692307693 0.34615384615384615 0.09134615384615384 0.07211538461538461
0 0.33413461538461536 0.1346153846153846 0.10576923076923077 0.07451923076923077
0 0.44711538461538464 0.09134615384615384 0.09375 0.07932692307692307
0 0.359375 0.2548076923076923 0.09375 0.07932692307692307
0 0.33653846153846156 0.43028846153846156 0.09134615384615384 0.07451923076923077
0 0.6153846153846154 0.22596153846153846 0.10336538461538461 0.08173076923076923
0 0.38221153846153844 0.6225961538461539 0.0985576923076923 0.07211538461538461