0 0.4109375 0.2984375 0.075 0.06875
0 0.31171875 0.26484375 0.075 0.0734375
0 0.1890625 0.38515625 0.071875 0.0703125
0 0.440625 0.38515625 0.084375 0.0859375
0 0.62265625 0.54609375 0.09375 0.0953125
0 0.415625 0.5109375 0.0890625 0.0921875
0 0.346875 0.603125 0.0984375 0.0984375
0 0.4953125 0.309375 0.0734375 0.0796875
1 0.12421875 0.63125 0.1 0.1
1 0.07265625 0.54375 0.0984375 0.090625
1 0.14453125 0.3234375 0.08125 0.075
1 0.46875 0.7984375 0.121875 0.1515625
1 0.5796875 0.6453125 0.10625 0.11875
1 0.534375 0.54453125 0.0828125 0.08125
1 0.575 0.42890625 0.08125 0.0890625
1 0.81015625 0.7125 0.103125 0.1
2 0.78671875 0.8515625 0.1328125 0.1328125
2 0.65703125 0.8515625 0.1203125 0.15
2 0.5671875 0.30390625 0.08125 0.096875
2 0.33203125 0.71953125 0.11875 0.1359375
2 0.146875 0.75390625 0.1140625 0.1453125
2 0.18203125 0.4796875 0.0953125 0.09375
2 0.28671875 0.33203125 0.0875 0.071875
2 0.3265625 0.44296875 0.0921875 0.0984375