0 0.38828125 0.28125 0.08125 0.075
0 0.48515625 0.4140625 0.0828125 0.0859375
0 0.346875 0.65625 0.1125 0.1015625
0 0.1890625 0.7046875 0.109375 0.121875
0 0.79453125 0.82109375 0.1296875 0.1421875
0 0.87578125 0.63046875 0.1140625 0.134375
0 0.6328125 0.63984375 0.10625 0.1296875
0 0.46640625 0.83125 0.134375 0.14375
1 0.68046875 0.79375 0.1203125 0.1484375
1 0.36484375 0.75 0.10625 0.1078125
1 0.5234375 0.6234375 0.1 0.1234375
1 0.46875 0.53046875 0.09375 0.1
1 0.57421875 0.44765625 0.090625 0.09375
1 0.653125 0.51171875 0.090625 0.096875
1 0.346875 0.35078125 0.06875 0.078125
1 0.5609375 0.29921875 0.078125 0.0671875
2 0.7203125 0.44921875 0.1015625 0.109375
2 0.5609375 0.3640625 0.08125 0.075
2 0.41015625 0.40703125 0.0875 0.096875
2 0.353125 0.4578125 0.09375 0.08125
2 0.30625 0.5484375 0.0953125 0.103125
2 0.278125 0.3953125 0.0890625 0.0890625
2 0.146875 0.52109375 0.1109375 0.09375
2 0.2640625 0.77578125 0.125 0.1328125