1 0.81640625 0.69453125 0.1109375 0.10703125
1 0.859375 0.6015625 0.090625 0.09375
1 0.47109375 0.48359375 0.08046875 0.06875
1 0.31171875 0.37578125 0.0890625 0.07578125
1 0.384375 0.2328125 0.075 0.0640625
1 0.4390625 0.18671875 0.065625 0.0640625
1 0.5296875 0.25625 0.0703125 0.0640625
1 0.91875 0.39453125 0.08359375 0.0875
2 0.9375 0.6078125 0.07734375 0.08828125
2 0.89375 0.50703125 0.0859375 0.0875
2 0.57578125 0.71875 0.109375 0.11796875
2 0.3109375 0.53828125 0.07890625 0.09609375
2 0.10546875 0.6125 0.11015625 0.11171875
2 0.51796875 0.3625 0.0734375 0.07578125
2 0.38515625 0.29609375 0.09140625 0.0703125
2 0.5859375 0.190625 0.059375 0.05625
0 0.740625 0.340625 0.0796875 0.0609375
0 0.6671875 0.28359375 0.0734375 0.06171875
0 0.6984375 0.37734375 0.07421875 0.07421875
0 0.646875 0.40859375 0.08359375 0.07734375
0 0.72890625 0.5546875 0.1078125 0.08515625
0 0.571875 0.4671875 0.07890625 0.071875
0 0.54296875 0.56484375 0.09296875 0.08828125
0 0.4046875 0.65390625 0.10234375 0.134375