1 0.85859375 0.32734375 0.0890625 0.06875
1 0.53046875 0.39921875 0.0875 0.0828125
1 0.503125 0.33828125 0.078125 0.0703125
1 0.22265625 0.29140625 0.078125 0.0703125
1 0.1 0.38515625 0.06875 0.0671875
1 0.26796875 0.2359375 0.0640625 0.05
1 0.359375 0.47890625 0.0953125 0.1078125
1 0.51171875 0.4734375 0.1046875 0.0953125
2 0.76875 0.34921875 0.0984375 0.103125
2 0.6359375 0.425 0.0984375 0.103125
2 0.4359375 0.5796875 0.090625 0.0953125
2 0.40546875 0.69296875 0.1453125 0.1484375
2 0.2359375 0.6453125 0.1375 0.1
2 0.37578125 0.3609375 0.0890625 0.0921875
2 0.3109375 0.30390625 0.0671875 0.0578125
2 0.384375 0.20390625 0.065625 0.0703125
0 0.63671875 0.3515625 0.0921875 0.0765625
0 0.5828125 0.2953125 0.084375 0.0734375
0 0.5328125 0.2609375 0.06875 0.05625
0 0.4453125 0.37578125 0.08125 0.0828125
0 0.5984375 0.62890625 0.128125 0.1203125
0 0.20234375 0.55703125 0.096875 0.109375
0 0.14453125 0.43203125 0.0765625 0.0703125
0 0.253125 0.3765625 0.0890625 0.090625