0 0.26322115384615385 0.2704326923076923 0.09134615384615384 0.08173076923076923
0 0.38221153846153844 0.3016826923076923 0.09134615384615384 0.06490384615384616
0 0.49399038461538464 0.2920673076923077 0.08173076923076923 0.07451923076923077
0 0.3088942307692308 0.4362980769230769 0.0889423076923077 0.07211538461538461
0 0.390625 0.39663461538461536 0.07692307692307693 0.0673076923076923
0 0.44591346153846156 0.4795673076923077 0.07692307692307693 0.06490384615384616
0 0.49038461538461536 0.421875 0.08173076923076923 0.0673076923076923
0 0.3088942307692308 0.5324519230769231 0.07211538461538461 0.057692307692307696
0 0.49759615384615385 0.5709134615384616 0.07692307692307693 0.0625
0 0.48197115384615385 0.6466346153846154 0.07211538461538461 0.055288461538461536
2 0.2704326923076923 0.6141826923076923 0.09375 0.0625
2 0.36177884615384615 0.5733173076923077 0.09375 0.06971153846153846
2 0.5697115384615384 0.42788461538461536 0.0673076923076923 0.05048076923076923
2 0.625 0.39663461538461536 0.06490384615384616 0.057692307692307696
2 0.6069711538461539 0.5144230769230769 0.07451923076923077 0.052884615384615384
2 0.6237980769230769 0.4567307692307692 0.06490384615384616 0.05048076923076923
2 0.6778846153846154 0.40024038461538464 0.04807692307692308 0.055288461538461536
2 0.7199519230769231 0.39663461538461536 0.04807692307692308 0.052884615384615384
2 0.5408653846153846 0.4987980769230769 0.0673076923076923 0.05048076923076923
2 0.6766826923076923 0.5072115384615384 0.06009615384615385 0.05048076923076923
1 0.5288461538461539 0.7247596153846154 0.07211538461538461 0.05048076923076923
1 0.7596153846153846 0.46875 0.0625 0.052884615384615384
1 0.8605769230769231 0.5901442307692307 0.06490384615384616 0.057692307692307696
1 0.8918269230769231 0.5336538461538461 0.0625 0.04567307692307692
1 0.5300480769230769 0.6790865384615384 0.06009615384615385 0.04567307692307692
1 0.7800480769230769 0.5360576923076923 0.06971153846153846 0.052884615384615384
1 0.6694711538461539 0.5769230769230769 0.06490384615384616 0.052884615384615384
1 0.5913461538461539 0.6526442307692307 0.0673076923076923 0.057692307692307696
1 0.6923076923076923 0.671875 0.06971153846153846 0.057692307692307696
1 0.7836538461538461 0.6442307692307693 0.07211538461538461 0.052884615384615384