0 0.83515625 0.8625 0.1125 0.140625
0 0.8328125 0.59375 0.084375 0.096875
0 0.61640625 0.5796875 0.096875 0.1296875
0 0.54765625 0.5359375 0.075 0.0859375
0 0.5953125 0.4609375 0.0671875 0.0671875
0 0.42734375 0.60625 0.0859375 0.0765625
0 0.19921875 0.5984375 0.0953125 0.103125
0 0.29140625 0.43203125 0.0671875 0.0734375
1 0.7078125 0.53671875 0.06875 0.1078125
1 0.615625 0.753125 0.1125 0.1265625
1 0.45703125 0.80703125 0.10625 0.1203125
1 0.490625 0.6984375 0.09375 0.0953125
1 0.609375 0.38125 0.0703125 0.0765625
1 0.36328125 0.38046875 0.06875 0.071875
1 0.3578125 0.47734375 0.0734375 0.1046875
1 0.35703125 0.24609375 0.0546875 0.0625
2 0.4921875 0.36875 0.0796875 0.0734375
2 0.46015625 0.4328125 0.08125 0.075
2 0.25859375 0.71328125 0.1140625 0.13125
2 0.096875 0.59765625 0.084375 0.109375
2 0.1171875 0.48203125 0.1125 0.0796875
2 0.20703125 0.49609375 0.0875 0.0703125
2 0.4140625 0.26953125 0.05625 0.05
2 0.690625 0.41484375 0.0859375 0.0796875