0 0.4 0.27578125 0.078125 0.071875
0 0.48984375 0.41328125 0.0796875 0.0828125
0 0.3390625 0.6484375 0.109375 0.096875
0 0.17890625 0.68828125 0.103125 0.11875
0 0.77734375 0.8359375 0.125 0.1375
0 0.86875 0.65 0.109375 0.1296875
0 0.625 0.64609375 0.1015625 0.125
0 0.44921875 0.82890625 0.1296875 0.1375
1 0.66484375 0.80234375 0.1140625 0.14375
1 0.3515625 0.74296875 0.1015625 0.103125
1 0.5171875 0.625 0.09375 0.1203125
1 0.4671875 0.52890625 0.0890625 0.096875
1 0.5765625 0.4515625 0.0875 0.0890625
1 0.65234375 0.51953125 0.0859375 0.0921875
1 0.3546875 0.34296875 0.065625 0.0765625
1 0.57109375 0.30234375 0.0765625 0.0640625
2 0.72265625 0.4609375 0.096875 0.1046875
2 0.56796875 0.3671875 0.0796875 0.071875
2 0.41484375 0.40234375 0.0828125 0.09375
2 0.35546875 0.45 0.090625 0.078125
2 0.30390625 0.53828125 0.090625 0.1
2 0.284375 0.38359375 0.084375 0.0859375
2 0.14609375 0.50234375 0.10625 0.0890625
2 0.25 0.7625 0.1203125 0.128125