2 0.87734375 0.65234375 0.115625 0.134375
2 0.8171875 0.759375 0.125 0.1390625
2 0.5671875 0.5890625 0.090625 0.0921875
2 0.484375 0.73203125 0.0859375 0.13125
2 0.20078125 0.46640625 0.1015625 0.0859375
2 0.29609375 0.35078125 0.084375 0.0765625
2 0.19375 0.346875 0.078125 0.06875
2 0.25234375 0.25390625 0.0640625 0.0703125
1 0.66953125 0.603125 0.10625 0.1171875
1 0.571875 0.4921875 0.0796875 0.090625
1 0.375 0.5796875 0.084375 0.1015625
1 0.27265625 0.68125 0.1140625 0.1203125
1 0.2578125 0.53984375 0.0984375 0.1
1 0.3390625 0.4234375 0.0953125 0.075
1 0.51484375 0.290625 0.0578125 0.0625
1 0.35078125 0.25234375 0.06875 0.0765625
0 0.66640625 0.36171875 0.0859375 0.0921875
0 0.6765625 0.5125 0.0828125 0.09375
0 0.56796875 0.4015625 0.0796875 0.0765625
0 0.434375 0.50234375 0.078125 0.0828125
0 0.678125 0.8078125 0.121875 0.153125
0 0.47109375 0.24375 0.0609375 0.05625
0 0.38671875 0.82890625 0.115625 0.15
0 0.12890625 0.565625 0.103125 0.115625