0 0.83515625 0.43671875 0.103125 0.1
0 0.703125 0.49765625 0.10625 0.1125
0 0.53828125 0.4453125 0.1078125 0.096875
0 0.47421875 0.53359375 0.1125 0.1140625
0 0.31953125 0.73828125 0.1171875 0.15625
0 0.14765625 0.65 0.140625 0.1453125
0 0.32421875 0.27734375 0.0875 0.0921875
0 0.29375 0.21796875 0.0671875 0.078125
2 0.20234375 0.40078125 0.10625 0.1203125
2 0.28125 0.4640625 0.1125 0.115625
2 0.7953125 0.34609375 0.09375 0.0734375
2 0.73125 0.3109375 0.0796875 0.08125
2 0.84296875 0.584375 0.1203125 0.1296875
2 0.6265625 0.59453125 0.1328125 0.121875
2 0.484375 0.17734375 0.075 0.0578125
2 0.48359375 0.35390625 0.08125 0.0875
1 0.365625 0.5796875 0.11875 0.1265625
1 0.45390625 0.740625 0.140625 0.1484375
1 0.60703125 0.815625 0.1234375 0.1546875
1 0.72265625 0.7328125 0.1390625 0.1484375
1 0.64609375 0.3015625 0.0875 0.090625
1 0.55703125 0.31015625 0.0859375 0.084375
1 0.44375 0.24375 0.0828125 0.0859375
1 0.40546875 0.35625 0.090625 0.0953125