2 0.3375 0.2828125 0.1859375 0.1390625
2 0.1640625 0.39140625 0.1875 0.1484375
2 0.69296875 0.70859375 0.16875 0.134375
2 0.784375 0.57109375 0.165625 0.121875
2 0.36484375 0.57890625 0.1453125 0.1296875
1 0.903125 0.44609375 0.153125 0.128125
1 0.759375 0.4359375 0.1484375 0.1109375
1 0.5015625 0.56171875 0.15 0.115625
1 0.121875 0.61640625 0.1484375 0.1328125
1 0.21640625 0.71640625 0.175 0.1296875
0 0.41953125 0.79453125 0.1671875 0.128125
0 0.4546875 0.4203125 0.15625 0.1328125
0 0.6375 0.34140625 0.1578125 0.10625
0 0.553125 0.24375 0.1609375 0.134375
0 0.70546875 0.1796875 0.1640625 0.1234375