0 0.84921875 0.665625 0.090625 0.1125
0 0.721875 0.6109375 0.096875 0.128125
0 0.72890625 0.421875 0.09296875 0.115625
0 0.590625 0.303125 0.0765625 0.109375
0 0.47890625 0.2921875 0.08984375 0.10234375
0 0.48671875 0.14609375 0.0921875 0.0953125
0 0.4375 0.46328125 0.0875 0.1125
0 0.36015625 0.6390625 0.084375 0.121875
1 0.2625 0.565625 0.08203125 0.10703125
1 0.38203125 0.32890625 0.07734375 0.1078125
1 0.2859375 0.26015625 0.0890625 0.11328125
1 0.203125 0.22734375 0.08984375 0.08828125
1 0.66015625 0.22578125 0.07421875 0.0953125
1 0.81796875 0.14765625 0.0765625 0.08515625
1 0.34140625 0.7890625 0.10625 0.1296875
1 0.54296875 0.60546875 0.09765625 0.13203125
2 0.64296875 0.78125 0.10859375 0.14140625
2 0.64140625 0.509375 0.0875 0.13046875
2 0.5421875 0.43125 0.08984375 0.1234375
2 0.8609375 0.23515625 0.1 0.10546875
2 0.89375 0.41484375 0.10390625 0.13359375
2 0.38984375 0.09765625 0.08515625 0.08671875
2 0.17734375 0.4390625 0.0875 0.12890625
2 0.08046875 0.45 0.10234375 0.09375