2 0.8521634615384616 0.39903846153846156 0.08533653846153846 0.0673076923076923
2 0.3954326923076923 0.33653846153846156 0.09014423076923077 0.06490384615384616
2 0.2548076923076923 0.3125 0.09014423076923077 0.07572115384615384
2 0.21634615384615385 0.38221153846153844 0.09375 0.06850961538461539
2 0.2620192307692308 0.5024038461538461 0.09975961538461539 0.07211538461538461
2 0.5444711538461539 0.5180288461538461 0.08533653846153846 0.052884615384615384
2 0.5204326923076923 0.6129807692307693 0.078125 0.06490384615384616
2 0.4254807692307692 0.7163461538461539 0.08173076923076923 0.06129807692307692
2 0.6911057692307693 0.6213942307692307 0.09014423076923077 0.06370192307692307
2 0.9026442307692307 0.47115384615384615 0.09735576923076923 0.07091346153846154
1 0.7716346153846154 0.2920673076923077 0.09014423076923077 0.06490384615384616
1 0.6021634615384616 0.24158653846153846 0.09254807692307693 0.06971153846153846
1 0.5288461538461539 0.2848557692307692 0.08774038461538461 0.06971153846153846
1 0.6081730769230769 0.37740384615384615 0.08173076923076923 0.06009615384615385
1 0.5108173076923077 0.38341346153846156 0.078125 0.07091346153846154
1 0.3425480769230769 0.43149038461538464 0.08653846153846154 0.06971153846153846
1 0.6899038461538461 0.5072115384615384 0.08052884615384616 0.0733173076923077
1 0.2920673076923077 0.6069711538461539 0.078125 0.06009615384615385
1 0.5997596153846154 0.7403846153846154 0.10216346153846154 0.07091346153846154
1 0.6009615384615384 0.6670673076923077 0.09735576923076923 0.0733173076923077
0 0.3894230769230769 0.2536057692307692 0.09254807692307693 0.07692307692307693
0 0.48677884615384615 0.47115384615384615 0.09615384615384616 0.07211538461538461
0 0.7896634615384616 0.53125 0.09495192307692307 0.06850961538461539
0 0.8305288461538461 0.5769230769230769 0.0889423076923077 0.0673076923076923
0 0.4230769230769231 0.5625 0.10096153846153846 0.06490384615384616
0 0.4206730769230769 0.6442307692307693 0.08774038461538461 0.06490384615384616
0 0.28125 0.7043269230769231 0.08413461538461539 0.06850961538461539
0 0.23317307692307693 0.7896634615384616 0.08413461538461539 0.0673076923076923
0 0.22956730769230768 0.5769230769230769 0.0673076923076923 0.0673076923076923
0 0.7391826923076923 0.6826923076923077 0.08052884615384616 0.06490384615384616