0 0.7572115384615384 0.10336538461538461 0.052884615384615384 0.06009615384615385
1 0.53125 0.15144230769230768 0.052884615384615384 0.08173076923076923
0 0.5576923076923077 0.0625 0.057692307692307696 0.057692307692307696
0 0.453125 0.0733173076923077 0.057692307692307696 0.0673076923076923
0 0.25841346153846156 0.13942307692307693 0.06490384615384616 0.06490384615384616
0 0.45552884615384615 0.4387019230769231 0.057692307692307696 0.07211538461538461
2 0.5913461538461539 0.4951923076923077 0.057692307692307696 0.0625
0 0.5961538461538461 0.4266826923076923 0.04807692307692308 0.06009615384615385
2 0.4362980769230769 0.5793269230769231 0.052884615384615384 0.057692307692307696
0 0.4735576923076923 0.5432692307692307 0.04807692307692308 0.052884615384615384
0 0.5673076923076923 0.5600961538461539 0.04807692307692308 0.055288461538461536
0 0.35096153846153844 0.6875 0.052884615384615384 0.07211538461538461
0 0.22956730769230768 0.7163461538461539 0.06009615384615385 0.07692307692307693
2 0.21634615384615385 0.9338942307692307 0.07211538461538461 0.09134615384615384
2 0.4879807692307692 0.6490384615384616 0.057692307692307696 0.07932692307692307
2 0.3894230769230769 0.6274038461538461 0.052884615384615384 0.0625
2 0.3233173076923077 0.5396634615384616 0.052884615384615384 0.0673076923076923
2 0.6129807692307693 0.5685096153846154 0.055288461538461536 0.07211538461538461
2 0.4014423076923077 0.18629807692307693 0.07692307692307693 0.0625
2 0.3293269230769231 0.11899038461538461 0.0625 0.07211538461538461
1 0.4795673076923077 0.875 0.0673076923076923 0.08653846153846154
1 0.4735576923076923 0.7680288461538461 0.057692307692307696 0.08413461538461539
1 0.40024038461538464 0.7367788461538461 0.05048076923076923 0.07932692307692307
1 0.5985576923076923 0.6983173076923077 0.06009615384615385 0.08173076923076923
1 0.24639423076923078 0.23557692307692307 0.07692307692307693 0.08173076923076923
1 0.14182692307692307 0.16346153846153846 0.0625 0.08173076923076923
1 0.6502403846153846 0.12379807692307693 0.06009615384615385 0.0673076923076923
1 0.6899038461538461 0.07572115384615384 0.052884615384615384 0.0625
1 0.3389423076923077 0.6033653846153846 0.04807692307692308 0.057692307692307696
2 0.5853365384615384 0.13701923076923078 0.057692307692307696 0.057692307692307696