2 0.38984375 0.51875 0.078125 0.065625
2 0.46328125 0.52890625 0.0734375 0.08125
2 0.2921875 0.69296875 0.0875 0.09375
2 0.371875 0.70078125 0.0890625 0.084375
2 0.42421875 0.58984375 0.078125 0.0546875
2 0.32890625 0.575 0.065625 0.0640625
2 0.70859375 0.525 0.090625 0.0609375
2 0.790625 0.49140625 0.059375 0.0609375
1 0.1640625 0.71640625 0.084375 0.084375
1 0.23203125 0.615625 0.0671875 0.06875
1 0.27734375 0.56953125 0.05 0.0515625
1 0.6171875 0.4984375 0.05625 0.0578125
1 0.7796875 0.5875 0.075 0.0734375
1 0.6375 0.5859375 0.0625 0.0609375
1 0.8890625 0.53359375 0.065625 0.065625
1 0.90703125 0.4796875 0.05625 0.059375
0 0.8484375 0.5 0.0671875 0.05625
0 0.6984375 0.6171875 0.0890625 0.08125
0 0.7203125 0.47734375 0.0703125 0.0625
0 0.59296875 0.559375 0.05625 0.0578125
0 0.57109375 0.5078125 0.0359375 0.0546875
0 0.4078125 0.63671875 0.0703125 0.05625
0 0.275 0.63828125 0.0609375 0.053125
0 0.1578125 0.62890625 0.090625 0.0828125