1 0.2548076923076923 0.17668269230769232 0.1201923076923077 0.09134615384615384
1 0.6454326923076923 0.21995192307692307 0.10576923076923077 0.07451923076923077
1 0.53125 0.31971153846153844 0.10096153846153846 0.08173076923076923
1 0.421875 0.4735576923076923 0.10096153846153846 0.0889423076923077
1 0.3605769230769231 0.6310096153846154 0.11057692307692307 0.08653846153846154
1 0.6105769230769231 0.9254807692307693 0.11538461538461539 0.10336538461538461
1 0.7451923076923077 0.5228365384615384 0.125 0.09134615384615384
1 0.8762019230769231 0.5420673076923077 0.10817307692307693 0.08413461538461539
1 0.8762019230769231 0.7163461538461539 0.10576923076923077 0.09375
2 0.7884615384615384 0.7391826923076923 0.09134615384615384 0.0889423076923077
1 0.7668269230769231 0.6225961538461539 0.09615384615384616 0.08653846153846154
2 0.6634615384615384 0.6610576923076923 0.11538461538461539 0.09375
2 0.7463942307692307 0.859375 0.11298076923076923 0.08653846153846154
2 0.6526442307692307 0.796875 0.08653846153846154 0.07692307692307693
2 0.3233173076923077 0.7896634615384616 0.11538461538461539 0.0889423076923077
2 0.23076923076923078 0.3713942307692308 0.09375 0.07932692307692307
2 0.27884615384615385 0.5216346153846154 0.13221153846153846 0.09615384615384616
2 0.5576923076923077 0.49278846153846156 0.11298076923076923 0.09615384615384616
2 0.6141826923076923 0.40024038461538464 0.11057692307692307 0.09134615384615384
2 0.7884615384615384 0.24278846153846154 0.11057692307692307 0.09615384615384616
0 0.9050480769230769 0.3557692307692308 0.09134615384615384 0.09134615384615384
0 0.8569711538461539 0.4387019230769231 0.11057692307692307 0.0985576923076923
0 0.6971153846153846 0.32572115384615385 0.0985576923076923 0.08413461538461539
0 0.4639423076923077 0.3858173076923077 0.09615384615384616 0.07451923076923077
0 0.41586538461538464 0.23317307692307693 0.09134615384615384 0.07932692307692307
0 0.49759615384615385 0.6766826923076923 0.0985576923076923 0.09134615384615384
0 0.5637019230769231 0.7956730769230769 0.10336538461538461 0.09615384615384616
0 0.40865384615384615 0.8641826923076923 0.10336538461538461 0.09375
0 0.265625 0.8882211538461539 0.11057692307692307 0.09134615384615384
0 0.23197115384615385 0.7451923076923077 0.09375 0.0889423076923077