2 0.18389423076923078 0.42427884615384615 0.0985576923076923 0.0889423076923077
2 0.07091346153846154 0.484375 0.1201923076923077 0.09375
2 0.6550480769230769 0.43990384615384615 0.08413461538461539 0.08413461538461539
2 0.4639423076923077 0.5420673076923077 0.0889423076923077 0.0625
2 0.5865384615384616 0.5396634615384616 0.09134615384615384 0.07692307692307693
0 0.6826923076923077 0.5709134615384616 0.07211538461538461 0.06971153846153846
2 0.7475961538461539 0.5060096153846154 0.08653846153846154 0.07211538461538461
2 0.484375 0.625 0.0985576923076923 0.07451923076923077
2 0.40865384615384615 0.6814903846153846 0.08653846153846154 0.06971153846153846
2 0.5252403846153846 0.8569711538461539 0.09615384615384616 0.07692307692307693
2 0.6526442307692307 0.8569711538461539 0.0985576923076923 0.07692307692307693
0 0.14903846153846154 0.22956730769230768 0.11057692307692307 0.08413461538461539
0 0.32572115384615385 0.4230769230769231 0.10096153846153846 0.07692307692307693
0 0.4375 0.37740384615384615 0.09134615384615384 0.07932692307692307
0 0.5709134615384616 0.3870192307692308 0.08413461538461539 0.07692307692307693
0 0.25 0.6983173076923077 0.09134615384615384 0.08173076923076923
0 0.375 0.6358173076923077 0.08653846153846154 0.057692307692307696
0 0.5456730769230769 0.7403846153846154 0.08653846153846154 0.0673076923076923
0 0.6971153846153846 0.6983173076923077 0.09134615384615384 0.06971153846153846
0 0.8004807692307693 0.6189903846153846 0.09615384615384616 0.07211538461538461
1 0.28725961538461536 0.23798076923076922 0.09375 0.08653846153846154
1 0.0985576923076923 0.35697115384615385 0.11778846153846154 0.09615384615384616
1 0.49278846153846156 0.2848557692307692 0.09615384615384616 0.08173076923076923
1 0.2920673076923077 0.5456730769230769 0.09615384615384616 0.0889423076923077
1 0.1502403846153846 0.6598557692307693 0.09615384615384616 0.06490384615384616
1 0.6141826923076923 0.640625 0.11057692307692307 0.07211538461538461
1 0.38221153846153844 0.8137019230769231 0.09375 0.08173076923076923
1 0.44711538461538464 0.8930288461538461 0.08413461538461539 0.07692307692307693
1 0.7848557692307693 0.7379807692307693 0.08413461538461539 0.06971153846153846
1 0.7620192307692307 0.8485576923076923 0.08653846153846154 0.08173076923076923