1 0.69453125 0.271875 0.0765625 0.090625
1 0.5515625 0.48984375 0.06875 0.1015625
1 0.665625 0.640625 0.0640625 0.1
1 0.5515625 0.60703125 0.0546875 0.0703125
1 0.4859375 0.596875 0.05625 0.075
1 0.38515625 0.67421875 0.0546875 0.0828125
1 0.16484375 0.58828125 0.053125 0.0765625
1 0.23046875 0.4640625 0.0625 0.08125
0 0.64296875 0.39609375 0.0671875 0.0828125
0 0.5140625 0.32109375 0.05625 0.0734375
0 0.45390625 0.46015625 0.0609375 0.071875
0 0.29296875 0.52421875 0.0609375 0.0828125
0 0.29453125 0.66640625 0.0828125 0.09375
0 0.33828125 0.81484375 0.0671875 0.103125
0 0.5890625 0.75546875 0.053125 0.0921875
0 0.60078125 0.6578125 0.0578125 0.090625
2 0.45078125 0.78671875 0.065625 0.08125
2 0.65546875 0.7796875 0.071875 0.1
2 0.75390625 0.6578125 0.071875 0.1
2 0.66328125 0.4984375 0.078125 0.0875
2 0.57265625 0.36484375 0.0671875 0.08125
2 0.459375 0.3828125 0.059375 0.0828125
2 0.41484375 0.31171875 0.0578125 0.075
2 0.375 0.475 0.065625 0.0875