2 0.85859375 0.61171875 0.1625 0.196875
2 0.80625 0.859375 0.1875 0.2234375
2 0.715625 0.70859375 0.1609375 0.203125
2 0.2171875 0.69921875 0.1734375 0.209375
2 0.4203125 0.11953125 0.15 0.1640625
0 0.60859375 0.55234375 0.146875 0.1703125
0 0.4515625 0.41328125 0.1625 0.1609375
0 0.3578125 0.278125 0.1640625 0.196875
0 0.2640625 0.44765625 0.1625 0.2015625
0 0.1015625 0.81015625 0.1796875 0.2046875
1 0.5734375 0.81171875 0.1578125 0.190625
1 0.46953125 0.64765625 0.1640625 0.203125
1 0.359375 0.73828125 0.16875 0.2109375
1 0.13046875 0.4515625 0.1640625 0.18125
1 0.1953125 0.21796875 0.1546875 0.1734375