2 0.909375 0.5109375 0.04375 0.0484375
2 0.71171875 0.4484375 0.053125 0.0578125
2 0.55546875 0.465625 0.053125 0.0484375
2 0.5203125 0.4921875 0.06875 0.0609375
2 0.4625 0.42578125 0.059375 0.053125
2 0.41484375 0.48984375 0.0734375 0.0609375
2 0.25 0.4578125 0.065625 0.053125
2 0.62890625 0.45859375 0.0484375 0.0453125
0 0.75859375 0.46484375 0.05 0.053125
0 0.72734375 0.4984375 0.0546875 0.0484375
0 0.671875 0.4984375 0.0578125 0.0484375
0 0.6703125 0.45546875 0.040625 0.04375
0 0.64453125 0.42421875 0.0421875 0.0375
0 0.4046875 0.43359375 0.0625 0.053125
0 0.13359375 0.46171875 0.0703125 0.0578125
0 0.853125 0.48828125 0.040625 0.0359375
1 0.878125 0.5203125 0.040625 0.0421875
1 0.87421875 0.4625 0.040625 0.034375
1 0.81640625 0.4515625 0.0453125 0.0390625
1 0.81171875 0.49140625 0.0484375 0.0515625
1 0.7671875 0.425 0.0515625 0.040625
1 0.5359375 0.41640625 0.0484375 0.04375
1 0.33203125 0.471875 0.0640625 0.0640625
1 0.25625 0.40859375 0.06875 0.059375