1 0.4723557692307692 0.0889423076923077 0.09134615384615384 0.07211538461538461
1 0.6742788461538461 0.33653846153846156 0.0673076923076923 0.055288461538461536
1 0.6983173076923077 0.29086538461538464 0.06490384615384616 0.057692307692307696
1 0.7596153846153846 0.33413461538461536 0.057692307692307696 0.06009615384615385
1 0.8978365384615384 0.49158653846153844 0.04567307692307692 0.052884615384615384
1 0.23317307692307693 0.6694711538461539 0.06971153846153846 0.0673076923076923
1 0.5528846153846154 0.5288461538461539 0.057692307692307696 0.04326923076923077
1 0.46875 0.4675480769230769 0.05048076923076923 0.040865384615384616
1 0.30649038461538464 0.4206730769230769 0.0625 0.040865384615384616
1 0.2439903846153846 0.4987980769230769 0.06971153846153846 0.052884615384615384
2 0.609375 0.2091346153846154 0.06971153846153846 0.0673076923076923
2 0.7776442307692307 0.42427884615384615 0.06490384615384616 0.057692307692307696
2 0.8689903846153846 0.4675480769230769 0.028846153846153848 0.04326923076923077
2 0.41346153846153844 0.38100961538461536 0.06009615384615385 0.04807692307692308
2 0.34975961538461536 0.5264423076923077 0.057692307692307696 0.04326923076923077
2 0.21394230769230768 0.4266826923076923 0.052884615384615384 0.04567307692307692
2 0.16466346153846154 0.5625 0.07451923076923077 0.0625
2 0.375 0.47596153846153844 0.055288461538461536 0.038461538461538464
2 0.4579326923076923 0.5324519230769231 0.040865384615384616 0.04567307692307692
2 0.31971153846153844 0.6189903846153846 0.05048076923076923 0.05048076923076923
0 0.5144230769230769 0.24639423076923078 0.09375 0.07692307692307693
0 0.8317307692307693 0.4266826923076923 0.04807692307692308 0.05048076923076923
0 0.8485576923076923 0.3701923076923077 0.0625 0.055288461538461536
0 0.9266826923076923 0.4495192307692308 0.055288461538461536 0.055288461538461536
0 0.10216346153846154 0.3786057692307692 0.07692307692307693 0.06009615384615385
0 0.12379807692307693 0.47475961538461536 0.0889423076923077 0.06009615384615385
0 0.26802884615384615 0.5673076923076923 0.07692307692307693 0.052884615384615384
0 0.4110576923076923 0.625 0.055288461538461536 0.052884615384615384
0 0.5516826923076923 0.46274038461538464 0.0625 0.05048076923076923
0 0.3233173076923077 0.35697115384615385 0.055288461538461536 0.040865384615384616