2 0.88671875 0.72109375 0.08984375 0.10703125
2 0.5953125 0.5453125 0.0953125 0.1015625
2 0.5671875 0.43046875 0.07421875 0.0703125
2 0.3921875 0.3171875 0.08671875 0.06171875
2 0.36953125 0.43984375 0.0578125 0.07421875
2 0.19375 0.54140625 0.1015625 0.0828125
2 0.26015625 0.68203125 0.09765625 0.11171875
2 0.49453125 0.56953125 0.08515625 0.08203125
0 0.7828125 0.58828125 0.0640625 0.08125
0 0.8453125 0.49296875 0.08046875 0.08359375
0 0.7421875 0.3984375 0.06953125 0.0640625
0 0.640625 0.39296875 0.0765625 0.08125
0 0.51640625 0.38046875 0.06484375 0.0703125
0 0.434375 0.46328125 0.06640625 0.07421875
0 0.32734375 0.57109375 0.08359375 0.08515625
0 0.1296875 0.44609375 0.07578125 0.0609375
1 0.4484375 0.7375 0.103125 0.09765625
1 0.10703125 0.7765625 0.12109375 0.11171875
1 0.30625 0.39453125 0.0703125 0.071875
1 0.20859375 0.41484375 0.0828125 0.078125
1 0.52109375 0.2875 0.071875 0.07421875
1 0.88984375 0.58046875 0.08671875 0.08359375
1 0.70390625 0.55234375 0.0765625 0.090625
1 0.6546875 0.83203125 0.09296875 0.12890625