0 0.7421875 0.19140625 0.0328125 0.028125
0 0.696875 0.190625 0.0375 0.0328125
0 0.62890625 0.28671875 0.046875 0.0359375
0 0.5703125 0.2625 0.04375 0.0421875
0 0.51875 0.35859375 0.05625 0.0421875
0 0.39921875 0.45859375 0.0671875 0.0625
0 0.23125 0.453125 0.0625 0.0703125
0 0.18046875 0.61796875 0.078125 0.0734375
1 0.128125 0.546875 0.078125 0.0703125
1 0.23828125 0.55390625 0.0640625 0.0640625
1 0.2984375 0.40625 0.0609375 0.0640625
1 0.3734375 0.3859375 0.0609375 0.059375
1 0.49921875 0.31875 0.0421875 0.0390625
1 0.6765625 0.2375 0.040625 0.040625
1 0.71796875 0.1625 0.0296875 0.03125
1 0.6828125 0.15625 0.0359375 0.03125
2 0.64609375 0.20546875 0.040625 0.0328125
2 0.61640625 0.24453125 0.0390625 0.046875
2 0.59765625 0.2 0.0359375 0.0328125
2 0.54921875 0.31875 0.05625 0.046875
2 0.48125 0.27421875 0.05 0.040625
2 0.4265625 0.32890625 0.0546875 0.053125
2 0.45546875 0.403125 0.0640625 0.05
2 0.3171875 0.4875 0.0640625 0.0671875