0 0.38671875 0.3109375 0.06796875 0.0609375
0 0.284375 0.28984375 0.0671875 0.065625
0 0.17734375 0.42421875 0.06484375 0.0625
0 0.42734375 0.39296875 0.07578125 0.07734375
0 0.62734375 0.53046875 0.08359375 0.08515625
0 0.41796875 0.52109375 0.0796875 0.08359375
0 0.3609375 0.62109375 0.08828125 0.08828125
0 0.471875 0.31171875 0.065625 0.07265625
1 0.14296875 0.67578125 0.08984375 0.0890625
1 0.08125 0.5953125 0.0890625 0.08046875
1 0.12578125 0.36796875 0.0734375 0.06640625
1 0.50546875 0.8 0.10625 0.13984375
1 0.596875 0.634375 0.09375 0.1078125
1 0.53984375 0.53984375 0.07421875 0.07265625
1 0.565625 0.4203125 0.07265625 0.08046875
1 0.83359375 0.6734375 0.0921875 0.0890625
2 0.82734375 0.8140625 0.11953125 0.11875
2 0.6984375 0.8296875 0.1046875 0.1375
2 0.54296875 0.296875 0.0703125 0.0890625
2 0.36015625 0.73828125 0.10390625 0.12421875
2 0.18046875 0.7953125 0.09921875 0.13359375
2 0.18203125 0.51875 0.08515625 0.084375
2 0.26796875 0.359375 0.08046875 0.0625
2 0.32109375 0.46484375 0.08203125 0.0890625