1 0.0921875 0.55078125 0.1 0.121875
1 0.3515625 0.39765625 0.1046875 0.1078125
1 0.184375 0.365625 0.0984375 0.0953125
1 0.71640625 0.1875 0.0796875 0.075
1 0.74296875 0.54453125 0.1140625 0.1265625
1 0.77109375 0.63671875 0.11875 0.1296875
1 0.47734375 0.684375 0.1203125 0.13125
1 0.54375 0.33984375 0.0890625 0.1
2 0.465625 0.3484375 0.0875 0.0828125
2 0.40390625 0.24375 0.0875 0.0875
2 0.21171875 0.5265625 0.1015625 0.1046875
2 0.25234375 0.71015625 0.121875 0.1453125
2 0.6890625 0.42578125 0.1203125 0.11875
2 0.7140625 0.35703125 0.1015625 0.09375
2 0.93125 0.6171875 0.1375 0.165625
2 0.93125 0.39140625 0.1328125 0.15
0 0.565625 0.59140625 0.1265625 0.1421875
0 0.36953125 0.634375 0.1140625 0.109375
0 0.33203125 0.50625 0.10625 0.1125
0 0.47578125 0.45 0.0984375 0.1171875
0 0.6609375 0.51171875 0.1015625 0.1
0 0.56640625 0.4625 0.109375 0.1140625
0 0.6703125 0.28046875 0.1046875 0.0921875
0 0.41796875 0.30625 0.0859375 0.078125