1 0.21015625 0.4421875 0.11875 0.13828125
1 0.7546875 0.34375 0.11953125 0.1375
1 0.60625 0.56484375 0.13515625 0.1609375
1 0.4515625 0.06796875 0.09765625 0.09609375
2 0.43984375 0.63671875 0.1265625 0.18984375
2 0.36875 0.34765625 0.11953125 0.1359375
2 0.578125 0.325 0.11015625 0.1125
2 0.5859375 0.08984375 0.096875 0.09609375
0 0.36015625 0.190625 0.0984375 0.12890625
0 0.46640625 0.1734375 0.11640625 0.11171875
0 0.70546875 0.11484375 0.11953125 0.10234375
0 0.9109375 0.33671875 0.1109375 0.128125