2 0.45078125 0.3875 0.096875 0.1078125
2 0.1203125 0.48359375 0.128125 0.115625
2 0.19921875 0.35078125 0.1 0.1015625
2 0.54375 0.16484375 0.08125 0.084375
2 0.63359375 0.67578125 0.121875 0.1609375
2 0.64765625 0.26328125 0.090625 0.0765625
2 0.1453125 0.67421875 0.1421875 0.121875
2 0.93515625 0.68046875 0.1296875 0.1546875
0 0.63828125 0.44140625 0.1265625 0.134375
0 0.41796875 0.6015625 0.1296875 0.128125
0 0.5625 0.334375 0.1015625 0.11875
0 0.5078125 0.2640625 0.103125 0.10625
0 0.878125 0.39140625 0.1078125 0.1328125
0 0.75703125 0.34765625 0.10625 0.0984375
0 0.71015625 0.29921875 0.0921875 0.075
0 0.21171875 0.76953125 0.14375 0.1484375
1 0.303125 0.2359375 0.0859375 0.09375
1 0.37578125 0.175 0.075 0.071875
1 0.3328125 0.35 0.1046875 0.1046875
1 0.51015625 0.49609375 0.128125 0.1234375
1 0.75234375 0.70390625 0.1390625 0.1625
1 0.9 0.565625 0.1296875 0.125
1 0.9625 0.42890625 0.075 0.1046875
1 0.6453125 0.19921875 0.084375 0.08125