2 0.4495192307692308 0.34975961538461536 0.09615384615384616 0.08413461538461539
2 0.5180288461538461 0.25600961538461536 0.10096153846153846 0.07211538461538461
2 0.8521634615384616 0.4423076923076923 0.10576923076923077 0.08413461538461539
0 0.5336538461538461 0.5492788461538461 0.07932692307692307 0.0673076923076923
2 0.4951923076923077 0.4831730769230769 0.0889423076923077 0.07211538461538461
2 0.6334134615384616 0.5625 0.08653846153846154 0.06490384615384616
2 0.5673076923076923 0.6610576923076923 0.07932692307692307 0.06971153846153846
2 0.328125 0.5504807692307693 0.0889423076923077 0.06490384615384616
2 0.15865384615384615 0.5252403846153846 0.08173076923076923 0.06490384615384616
2 0.2668269230769231 0.6730769230769231 0.09134615384615384 0.0673076923076923
2 0.1814903846153846 0.7163461538461539 0.07451923076923077 0.06490384615384616
0 0.33774038461538464 0.265625 0.10817307692307693 0.08413461538461539
0 0.24759615384615385 0.46274038461538464 0.09134615384615384 0.07932692307692307
0 0.07692307692307693 0.44350961538461536 0.08653846153846154 0.07451923076923077
0 0.08413461538461539 0.5697115384615384 0.07692307692307693 0.07451923076923077
0 0.1502403846153846 0.6237980769230769 0.09375 0.07451923076923077
0 0.3329326923076923 0.625 0.0985576923076923 0.07211538461538461
0 0.6959134615384616 0.5168269230769231 0.09134615384615384 0.0673076923076923
0 0.6334134615384616 0.7944711538461539 0.0889423076923077 0.07932692307692307
0 0.6610576923076923 0.6538461538461539 0.0889423076923077 0.07692307692307693
1 0.7319711538461539 0.4230769230769231 0.08653846153846154 0.07932692307692307
1 0.6310096153846154 0.390625 0.08173076923076923 0.07451923076923077
1 0.3269230769230769 0.3737980769230769 0.0985576923076923 0.08413461538461539
1 0.13942307692307693 0.3641826923076923 0.0889423076923077 0.06490384615384616
1 0.37259615384615385 0.4699519230769231 0.08653846153846154 0.07451923076923077
1 0.4338942307692308 0.5528846153846154 0.08653846153846154 0.0625
1 0.7572115384615384 0.6021634615384616 0.10576923076923077 0.07932692307692307
1 0.4723557692307692 0.7295673076923077 0.0985576923076923 0.06971153846153846
1 0.36778846153846156 0.7692307692307693 0.0889423076923077 0.0625
1 0.5240384615384616 0.8209134615384616 0.09615384615384616 0.07692307692307693