1 0.6625 0.6453125 0.14609375 0.1546875
1 0.61171875 0.48515625 0.11953125 0.115625
1 0.3234375 0.24296875 0.11015625 0.10390625
1 0.27265625 0.3640625 0.11796875 0.10703125
2 0.3453125 0.58671875 0.13125 0.15078125
2 0.68515625 0.3234375 0.11015625 0.1171875
2 0.5796875 0.28203125 0.09921875 0.0890625
2 0.82578125 0.4375 0.1203125 0.12734375
0 0.54765625 0.3703125 0.11328125 0.090625
0 0.44921875 0.44296875 0.12109375 0.1
0 0.19453125 0.45625 0.11015625 0.1
0 0.18671875 0.61015625 0.14609375 0.17265625