2 0.54140625 0.6515625 0.146875 0.1421875
2 0.76015625 0.43828125 0.096875 0.0890625
2 0.5046875 0.45546875 0.1234375 0.1015625
2 0.53671875 0.40390625 0.1109375 0.0828125
1 0.3703125 0.57109375 0.13125 0.153125
1 0.18046875 0.59765625 0.128125 0.1359375
1 0.80390625 0.61171875 0.1171875 0.1390625
0 0.590625 0.34453125 0.096875 0.0765625
1 0.61953125 0.28828125 0.1015625 0.078125
0 0.71328125 0.565625 0.121875 0.1328125
0 0.4796875 0.32734375 0.096875 0.06875
0 0.2921875 0.3859375 0.115625 0.1125