2 0.875 0.33515625 0.1625 0.11875
2 0.76328125 0.41640625 0.1828125 0.1265625
2 0.6625 0.2453125 0.1546875 0.146875
2 0.3671875 0.58125 0.175 0.1171875
2 0.85546875 0.74765625 0.175 0.140625
0 0.8328125 0.2109375 0.1546875 0.1359375
0 0.65 0.084375 0.165625 0.140625
0 0.5640625 0.509375 0.1359375 0.1046875
0 0.45625 0.74375 0.1859375 0.1421875
0 0.125 0.50703125 0.1921875 0.1421875
1 0.37890625 0.37890625 0.178125 0.121875
1 0.41875 0.48515625 0.1453125 0.0875
1 0.4625 0.8890625 0.13125 0.1234375
1 0.696875 0.521875 0.1515625 0.125
1 0.5609375 0.6046875 0.159375 0.1078125