1 0.58203125 0.6171875 0.1359375 0.146875
1 0.72265625 0.58828125 0.1234375 0.1484375
1 0.8484375 0.5671875 0.1203125 0.1671875
1 0.86796875 0.73984375 0.1328125 0.1640625
1 0.76484375 0.7265625 0.1359375 0.15625
1 0.63984375 0.75078125 0.14375 0.159375
1 0.54296875 0.82109375 0.14375 0.1765625
1 0.46875 0.67265625 0.14375 0.159375
2 0.4125 0.45703125 0.1296875 0.1578125
2 0.54140625 0.42578125 0.134375 0.1828125
2 0.70390625 0.4328125 0.134375 0.128125
2 0.825 0.37265625 0.1234375 0.1609375
2 0.79140625 0.2015625 0.134375 0.159375
2 0.67578125 0.18984375 0.1359375 0.1578125
2 0.5046875 0.2484375 0.1453125 0.15625
2 0.3875 0.2875 0.14375 0.159375
0 0.24765625 0.31484375 0.1359375 0.140625
0 0.2890625 0.50625 0.1421875 0.1625
0 0.3359375 0.675 0.140625 0.1734375
0 0.38828125 0.86796875 0.1234375 0.146875
0 0.2265625 0.9125 0.1390625 0.175
0 0.19296875 0.7578125 0.1484375 0.165625
0 0.14375 0.54765625 0.1578125 0.175
0 0.13125 0.396875 0.1359375 0.1609375