1 0.8421875 0.36640625 0.065625 0.0640625
1 0.77421875 0.38359375 0.0546875 0.0515625
1 0.64765625 0.32421875 0.0421875 0.0421875
1 0.33515625 0.3484375 0.046875 0.0421875
1 0.321875 0.40703125 0.0453125 0.0546875
1 0.28203125 0.33984375 0.05 0.0453125
1 0.096875 0.39765625 0.0546875 0.053125
1 0.43671875 0.38828125 0.0484375 0.0453125
2 0.1375 0.34609375 0.0453125 0.040625
2 0.20390625 0.40078125 0.053125 0.0484375
2 0.390625 0.35625 0.05 0.0453125
2 0.44140625 0.34375 0.0359375 0.034375
2 0.584375 0.38671875 0.0515625 0.0484375
2 0.5125 0.3640625 0.0484375 0.0328125
2 0.68359375 0.353125 0.05 0.034375
2 0.66953125 0.39609375 0.0390625 0.0421875
0 0.15859375 0.39921875 0.0484375 0.0453125
0 0.19296875 0.3546875 0.05 0.040625
0 0.25390625 0.4015625 0.0546875 0.053125
0 0.38984375 0.403125 0.04375 0.046875
0 0.54140625 0.3359375 0.0453125 0.0328125
0 0.51953125 0.40546875 0.0515625 0.0484375
0 0.60625 0.3359375 0.05 0.0453125
0 0.74609375 0.33984375 0.046875 0.0390625