2 0.87578125 0.515625 0.14375 0.184375
2 0.8890625 0.76796875 0.165625 0.2078125
2 0.7625 0.6453125 0.140625 0.190625
2 0.278125 0.765625 0.153125 0.1953125
2 0.32421875 0.153125 0.1359375 0.15
0 0.61796875 0.52265625 0.1296875 0.159375
0 0.43046875 0.42890625 0.146875 0.146875
0 0.30546875 0.32265625 0.1453125 0.184375
0 0.25859375 0.5109375 0.1421875 0.1890625
0 0.1953125 0.90234375 0.1609375 0.1890625
1 0.6515625 0.78203125 0.1390625 0.178125
1 0.50859375 0.65078125 0.1453125 0.1890625
1 0.4265625 0.76640625 0.1484375 0.1984375
1 0.13046875 0.5484375 0.146875 0.1671875
1 0.1328125 0.30625 0.1390625 0.1609375