0 0.87109375 0.72265625 0.128125 0.11875
0 0.69921875 0.55390625 0.084375 0.0890625
0 0.5 0.55234375 0.1015625 0.09375
0 0.14296875 0.70625 0.1265625 0.1328125
0 0.4375 0.41484375 0.1078125 0.096875
0 0.28125 0.3609375 0.0796875 0.0671875
0 0.3875 0.3125 0.0875 0.0734375
0 0.10859375 0.36953125 0.0890625 0.0734375
2 0.22421875 0.5109375 0.109375 0.1109375
2 0.14375 0.46328125 0.1140625 0.1078125
2 0.3703125 0.496875 0.0890625 0.0875
2 0.28984375 0.434375 0.090625 0.090625
2 0.19296875 0.303125 0.065625 0.0640625
2 0.1375 0.3125 0.0890625 0.0671875
2 0.5546875 0.36171875 0.0875 0.0765625
2 0.30703125 0.22265625 0.0765625 0.0578125
1 0.38984375 0.6390625 0.1328125 0.13125
1 0.63359375 0.6734375 0.1125 0.1171875
1 0.746875 0.63671875 0.096875 0.1109375
1 0.68828125 0.41953125 0.078125 0.0875
1 0.5953125 0.43671875 0.0921875 0.0890625
1 0.3421875 0.346875 0.0765625 0.0625
1 0.325 0.2734375 0.0703125 0.0625
1 0.1953125 0.24453125 0.0921875 0.0734375