1 0.7 0.34609375 0.08125 0.065625
1 0.4890625 0.46015625 0.0796875 0.075
1 0.34296875 0.33125 0.0875 0.0734375
1 0.26640625 0.26328125 0.0734375 0.05625
1 0.16953125 0.42578125 0.0921875 0.0828125
1 0.08515625 0.3859375 0.090625 0.0796875
1 0.7640625 0.746875 0.1078125 0.1390625
1 0.48125 0.76171875 0.1390625 0.1515625
2 0.40546875 0.534375 0.090625 0.1046875
2 0.309375 0.57109375 0.0984375 0.10625
2 0.23125 0.328125 0.0953125 0.0875
2 0.734375 0.57109375 0.1171875 0.121875
2 0.5515625 0.56796875 0.0984375 0.1078125
2 0.60546875 0.42734375 0.1015625 0.1046875
2 0.7875 0.38515625 0.0875 0.0890625
2 0.940625 0.7046875 0.115625 0.125
0 0.88671875 0.553125 0.1078125 0.115625
0 0.490625 0.2984375 0.096875 0.0890625
0 0.44453125 0.37734375 0.084375 0.0921875
0 0.3046875 0.46875 0.1046875 0.0796875
0 0.209375 0.6203125 0.1078125 0.1203125
0 0.28828125 0.815625 0.115625 0.1359375
0 0.64375 0.71328125 0.121875 0.1171875
0 0.07265625 0.52734375 0.1171875 0.1125