0 0.6298076923076923 0.21995192307692307 0.07211538461538461 0.057692307692307696
0 0.43990384615384615 0.4050480769230769 0.056490384615384616 0.06009615384615385
0 0.5264423076923077 0.5228365384615384 0.06490384615384616 0.06009615384615385
0 0.4230769230769231 0.546875 0.06971153846153846 0.052884615384615384
0 0.609375 0.5288461538461539 0.07451923076923077 0.054086538461538464
0 0.53125 0.6081730769230769 0.06971153846153846 0.05889423076923077
0 0.53125 0.7175480769230769 0.07211538461538461 0.05889423076923077
0 0.6346153846153846 0.6358173076923077 0.06370192307692307 0.055288461538461536
0 0.7067307692307693 0.5769230769230769 0.07091346153846154 0.04807692307692308
0 0.8317307692307693 0.453125 0.056490384615384616 0.04326923076923077
2 0.5204326923076923 0.25600961538461536 0.08653846153846154 0.06009615384615385
2 0.5612980769230769 0.35216346153846156 0.078125 0.051682692307692304
2 0.5108173076923077 0.4182692307692308 0.07211538461538461 0.05889423076923077
2 0.7608173076923077 0.3485576923076923 0.06850961538461539 0.054086538461538464
2 0.6862980769230769 0.47836538461538464 0.08413461538461539 0.06490384615384616
2 0.4362980769230769 0.640625 0.07692307692307693 0.057692307692307696
1 0.7740384615384616 0.5949519230769231 0.06370192307692307 0.06129807692307692
2 0.7584134615384616 0.5324519230769231 0.0625 0.042067307692307696
2 0.8533653846153846 0.5072115384615384 0.06370192307692307 0.046875
2 0.7920673076923077 0.6658653846153846 0.06850961538461539 0.04927884615384615
2 0.6850961538461539 0.7007211538461539 0.07211538461538461 0.06009615384615385
1 0.7319711538461539 0.23918269230769232 0.06971153846153846 0.051682692307692304
1 0.4026442307692308 0.33052884615384615 0.08413461538461539 0.06610576923076923
1 0.2764423076923077 0.49278846153846156 0.07932692307692307 0.057692307692307696
1 0.3557692307692308 0.5288461538461539 0.07692307692307693 0.057692307692307696
1 0.5949519230769231 0.44591346153846156 0.0673076923076923 0.056490384615384616
1 0.6658653846153846 0.3762019230769231 0.06850961538461539 0.06129807692307692
1 0.78125 0.40625 0.0625 0.04567307692307692
1 0.3088942307692308 0.6141826923076923 0.08052884615384616 0.0625
1 0.6995192307692307 0.7740384615384616 0.0625 0.05048076923076923