1 0.89296875 0.38046875 0.06015625 0.04765625
1 0.728125 0.37109375 0.05078125 0.03828125
1 0.58671875 0.3921875 0.0453125 0.04765625
1 0.58359375 0.33671875 0.04921875 0.04296875
1 0.3640625 0.3453125 0.0453125 0.040625
1 0.25078125 0.40625 0.05234375 0.05078125
1 0.190625 0.34296875 0.04765625 0.0421875
1 0.14921875 0.3515625 0.03828125 0.03828125
2 0.10234375 0.3875 0.04765625 0.03984375
2 0.32109375 0.37890625 0.0515625 0.04296875
2 0.290625 0.3390625 0.05390625 0.0484375
2 0.459375 0.396875 0.0484375 0.04921875
2 0.51640625 0.3875 0.0515625 0.05390625
2 0.41796875 0.3734375 0.03671875 0.0390625
2 0.45703125 0.33828125 0.04375 0.0453125
2 0.71953125 0.33671875 0.0453125 0.034375
0 0.17421875 0.39921875 0.04140625 0.0375
0 0.2359375 0.3265625 0.04765625 0.0375
0 0.375 0.40546875 0.0484375 0.04921875
0 0.5171875 0.34296875 0.0484375 0.040625
0 0.6328125 0.40546875 0.04609375 0.04296875
0 0.67578125 0.37421875 0.04140625 0.0375
0 0.665625 0.334375 0.0421875 0.0375
0 0.84296875 0.4078125 0.05625 0.04296875