2 0.38984375 0.52109375 0.078125 0.0671875
2 0.4640625 0.52890625 0.075 0.08125
2 0.2953125 0.696875 0.0890625 0.0953125
2 0.375 0.70234375 0.0890625 0.0859375
2 0.42578125 0.590625 0.078125 0.0546875
2 0.33046875 0.578125 0.065625 0.0640625
2 0.70859375 0.52109375 0.0921875 0.0625
2 0.790625 0.48671875 0.059375 0.0609375
1 0.16796875 0.721875 0.084375 0.0859375
1 0.234375 0.6203125 0.06875 0.0703125
1 0.278125 0.5734375 0.05 0.0515625
1 0.6171875 0.49609375 0.0578125 0.059375
1 0.78125 0.5828125 0.0765625 0.0734375
1 0.6390625 0.58359375 0.0640625 0.0609375
1 0.88984375 0.5265625 0.0671875 0.065625
1 0.90625 0.47265625 0.0578125 0.059375
0 0.8484375 0.49375 0.06875 0.05625
0 0.70078125 0.61328125 0.090625 0.0828125
0 0.71953125 0.4734375 0.071875 0.0640625
0 0.59375 0.5578125 0.0578125 0.059375
0 0.57109375 0.50625 0.0359375 0.0546875
0 0.41015625 0.63828125 0.071875 0.0578125
0 0.27734375 0.6421875 0.0609375 0.0546875
0 0.16015625 0.634375 0.090625 0.0828125