2 0.7079326923076923 0.19471153846153846 0.08052884615384616 0.052884615384615384
2 0.6478365384615384 0.3798076923076923 0.07692307692307693 0.04927884615384615
2 0.5612980769230769 0.22716346153846154 0.07211538461538461 0.05048076923076923
2 0.35697115384615385 0.35216346153846156 0.08173076923076923 0.056490384615384616
2 0.23677884615384615 0.33533653846153844 0.09134615384615384 0.06009615384615385
2 0.546875 0.5456730769230769 0.0829326923076923 0.055288461538461536
2 0.20673076923076922 0.6274038461538461 0.08533653846153846 0.0673076923076923
2 0.49759615384615385 0.7163461538461539 0.08653846153846154 0.06971153846153846
2 0.39903846153846156 0.7668269230769231 0.08173076923076923 0.0733173076923077
2 0.6526442307692307 0.7596153846153846 0.078125 0.0625
0 0.31850961538461536 0.22716346153846154 0.08774038461538461 0.06490384615384616
1 0.4362980769230769 0.328125 0.07692307692307693 0.06370192307692307
1 0.4338942307692308 0.26322115384615385 0.08533653846153846 0.054086538461538464
0 0.4639423076923077 0.21995192307692307 0.07451923076923077 0.051682692307692304
0 0.3161057692307692 0.4206730769230769 0.08533653846153846 0.06129807692307692
0 0.5637019230769231 0.4639423076923077 0.08533653846153846 0.06490384615384616
0 0.7175480769230769 0.49278846153846156 0.07932692307692307 0.052884615384615384
0 0.37740384615384615 0.5264423076923077 0.07091346153846154 0.057692307692307696
0 0.2800480769230769 0.5805288461538461 0.0733173076923077 0.06971153846153846
0 0.5324519230769231 0.6237980769230769 0.07932692307692307 0.05889423076923077
0 0.7536057692307693 0.7692307692307693 0.08533653846153846 0.06370192307692307
0 0.5180288461538461 0.8317307692307693 0.08173076923076923 0.06490384615384616
1 0.6514423076923077 0.33052884615384615 0.09134615384615384 0.054086538461538464
1 0.43990384615384615 0.43028846153846156 0.07572115384615384 0.06370192307692307
1 0.24639423076923078 0.49759615384615385 0.09615384615384616 0.06610576923076923
1 0.6899038461538461 0.5661057692307693 0.06610576923076923 0.054086538461538464
1 0.39663461538461536 0.6141826923076923 0.07091346153846154 0.051682692307692304
1 0.2824519230769231 0.7764423076923077 0.09134615384615384 0.06610576923076923
1 0.6370192307692307 0.6802884615384616 0.07572115384615384 0.06129807692307692
1 0.75 0.6802884615384616 0.07572115384615384 0.06490384615384616