1 0.21754807692307693 0.2127403846153846 0.12259615384615384 0.0985576923076923
1 0.14423076923076922 0.31971153846153844 0.125 0.0889423076923077
1 0.036057692307692304 0.5216346153846154 0.07211538461538461 0.08173076923076923
1 0.47115384615384615 0.22235576923076922 0.12740384615384615 0.10336538461538461
1 0.5540865384615384 0.3918269230769231 0.11778846153846154 0.09615384615384616
1 0.24158653846153846 0.609375 0.10576923076923077 0.08413461538461539
1 0.35336538461538464 0.5432692307692307 0.10336538461538461 0.0889423076923077
1 0.171875 0.7163461538461539 0.11298076923076923 0.09134615384615384
1 0.32572115384615385 0.3233173076923077 0.12740384615384615 0.09615384615384616
2 0.3713942307692308 0.4375 0.10817307692307693 0.09615384615384616
2 0.4723557692307692 0.515625 0.10576923076923077 0.08413461538461539
2 0.5709134615384616 0.7199519230769231 0.10096153846153846 0.08653846153846154
2 0.36778846153846156 0.6826923076923077 0.10096153846153846 0.07692307692307693
2 0.3161057692307692 0.7788461538461539 0.11057692307692307 0.09615384615384616
2 0.037259615384615384 0.6911057692307693 0.038461538461538464 0.06490384615384616
2 0.3942307692307692 0.9038461538461539 0.0985576923076923 0.08413461538461539
2 0.29447115384615385 0.9302884615384616 0.09134615384615384 0.06490384615384616
0 0.6105769230769231 0.4831730769230769 0.12259615384615384 0.0985576923076923
0 0.19110576923076922 0.5024038461538461 0.10096153846153846 0.07932692307692307
0 0.6694711538461539 0.5697115384615384 0.12740384615384615 0.09615384615384616
0 0.5192307692307693 0.640625 0.11298076923076923 0.09134615384615384
0 0.08052884615384616 0.6057692307692307 0.09615384615384616 0.08413461538461539
0 0.15625 0.8245192307692307 0.10096153846153846 0.09134615384615384
0 0.31009615384615385 0.8713942307692307 0.0889423076923077 0.07451923076923077
0 0.18269230769230768 0.9098557692307693 0.07932692307692307 0.0673076923076923
0 0.14543269230769232 0.9591346153846154 0.08413461538461539 0.08173076923076923
0 0.44711538461538464 0.9711538461538461 0.10576923076923077 0.057692307692307696