1 0.7421875 0.71640625 0.0890625 0.103125
1 0.61015625 0.5140625 0.06875 0.08125
1 0.51953125 0.53359375 0.0890625 0.090625
1 0.49453125 0.45078125 0.075 0.0796875
1 0.35859375 0.36484375 0.0765625 0.0671875
1 0.44921875 0.2859375 0.071875 0.06875
1 0.15234375 0.38046875 0.0765625 0.0609375
1 0.27734375 0.19453125 0.0546875 0.0546875
2 0.22421875 0.22890625 0.0640625 0.0625
2 0.278125 0.31875 0.0625 0.06875
2 0.23046875 0.6390625 0.1 0.0859375
2 0.34375 0.46328125 0.08125 0.0796875
2 0.58515625 0.365625 0.08125 0.0734375
2 0.55 0.803125 0.1015625 0.15
2 0.7 0.815625 0.1109375 0.1015625
2 0.66640625 0.675 0.0796875 0.090625
0 0.64609375 0.74765625 0.09375 0.084375
0 0.725 0.61875 0.09375 0.10625
0 0.44765625 0.64765625 0.109375 0.1171875
0 0.40390625 0.79375 0.1046875 0.13125
0 0.359375 0.5390625 0.0890625 0.090625
0 0.23984375 0.565625 0.09375 0.0921875
0 0.215625 0.459375 0.0953125 0.10625
0 0.5890625 0.44375 0.0890625 0.0734375