1 0.74921875 0.61171875 0.17265625 0.215625
1 0.88046875 0.45 0.12421875 0.14140625
1 0.7421875 0.43203125 0.11875 0.15234375
1 0.68125 0.17421875 0.04609375 0.05
1 0.29296875 0.3375 0.09453125 0.10703125
1 0.178125 0.36953125 0.10859375 0.14140625
1 0.13203125 0.1671875 0.0484375 0.0671875
0 0.7703125 0.1953125 0.0578125 0.07890625
0 0.671875 0.246875 0.06796875 0.08984375
0 0.4296875 0.59140625 0.1515625 0.20234375
0 0.32890625 0.48125 0.1296875 0.17734375
0 0.18125 0.65859375 0.18515625 0.23671875