0 0.2484375 0.50078125 0.15234375 0.20234375
0 0.4109375 0.58046875 0.15234375 0.20234375
0 0.49140625 0.8109375 0.18671875 0.2640625
0 0.75 0.15 0.07421875 0.08984375
0 0.8234375 0.10078125 0.06171875 0.08671875
1 0.7875 0.2984375 0.09765625 0.13046875
1 0.8828125 0.378125 0.103125 0.14140625
1 0.97109375 0.40078125 0.0578125 0.1484375
1 0.446875 0.24609375 0.08828125 0.12734375
1 0.35078125 0.2625 0.090625 0.140625
1 0.1796875 0.0171875 0.06328125 0.03359375
1 0.73125 0.06484375 0.0546875 0.07890625