0 0.88203125 0.44296875 0.1 0.171875
1 0.76640625 0.5359375 0.103125 0.1640625
1 0.6390625 0.659375 0.1515625 0.2171875
1 0.5125 0.803125 0.2125 0.2875
1 0.40625 0.6265625 0.1484375 0.203125
1 0.30859375 0.4875 0.1328125 0.2046875
1 0.23359375 0.3546875 0.1265625 0.2140625
1 0.5546875 0.16640625 0.1125 0.1171875
1 0.46015625 0.2171875 0.1078125 0.115625
1 0.65703125 0.23515625 0.1109375 0.1453125
1 0.75625 0.34453125 0.1171875 0.1796875
0 0.353125 0.275 0.1140625 0.146875
0 0.4375 0.3765625 0.115625 0.1734375
0 0.53359375 0.48515625 0.1421875 0.165625
0 0.63671875 0.42109375 0.125 0.165625
0 0.54921875 0.325 0.121875 0.1671875