0 0.8828125 0.44921875 0.096875 0.1703125
1 0.765625 0.540625 0.1 0.1625
1 0.63671875 0.66171875 0.1484375 0.215625
1 0.50703125 0.803125 0.2078125 0.284375
1 0.40390625 0.625 0.1453125 0.2015625
1 0.309375 0.48359375 0.1296875 0.2015625
1 0.23671875 0.35 0.1234375 0.2109375
1 0.5609375 0.16796875 0.109375 0.115625
1 0.465625 0.21640625 0.10625 0.1140625
1 0.66171875 0.2375 0.1078125 0.14375
1 0.759375 0.34921875 0.1140625 0.178125
0 0.35703125 0.27265625 0.1109375 0.1453125
0 0.43984375 0.375 0.1125 0.171875
0 0.534375 0.4859375 0.1390625 0.1640625
0 0.6375 0.4234375 0.121875 0.1625
0 0.55234375 0.32578125 0.11875 0.1640625