0 0.86796875 0.38359375 0.125 0.184375
1 0.76875 0.49375 0.125 0.175
1 0.6625 0.6359375 0.1828125 0.2359375
1 0.559375 0.796875 0.2515625 0.3140625
1 0.4265625 0.63984375 0.178125 0.221875
1 0.309375 0.5171875 0.1625 0.2203125
1 0.2140625 0.39765625 0.1578125 0.228125
1 0.50234375 0.1625 0.128125 0.1328125
1 0.41640625 0.2265625 0.1234375 0.1296875
1 0.6140625 0.21328125 0.13125 0.159375
1 0.72890625 0.30703125 0.1421875 0.19375
0 0.31953125 0.30078125 0.134375 0.1625
0 0.41953125 0.3875 0.1390625 0.1875
0 0.53125 0.48046875 0.165625 0.184375
0 0.62265625 0.40078125 0.1484375 0.18125
0 0.52109375 0.31953125 0.14375 0.18125