0 0.8859375 0.48984375 0.109375 0.1765625
1 0.76015625 0.56796875 0.1109375 0.16875
1 0.61875 0.675 0.1625 0.225
1 0.475 0.80234375 0.2265625 0.2984375
1 0.39140625 0.6140625 0.159375 0.209375
1 0.31171875 0.4640625 0.14375 0.2109375
1 0.25390625 0.3234375 0.1375 0.21875
1 0.5953125 0.17578125 0.1171875 0.1234375
1 0.4953125 0.2140625 0.1140625 0.121875
1 0.68828125 0.25625 0.1171875 0.1515625
1 0.7734375 0.37734375 0.1265625 0.1859375
0 0.38125 0.259375 0.1203125 0.153125
0 0.453125 0.36953125 0.1234375 0.178125
0 0.53515625 0.48984375 0.15 0.171875
0 0.6453125 0.43828125 0.1328125 0.1703125
0 0.5703125 0.33203125 0.1296875 0.171875