0 0.88359375 0.45625 0.09453125 0.16875
1 0.76484375 0.5453125 0.096875 0.16015625
1 0.63359375 0.6640625 0.14453125 0.2125
1 0.5015625 0.803125 0.20234375 0.28125
1 0.4015625 0.6234375 0.1421875 0.1984375
1 0.309375 0.48046875 0.1265625 0.2
1 0.2390625 0.3453125 0.11953125 0.209375
1 0.56640625 0.16875 0.1078125 0.1140625
1 0.4703125 0.215625 0.10390625 0.1125
1 0.66640625 0.240625 0.10546875 0.1421875
1 0.76171875 0.35390625 0.1109375 0.1765625
0 0.3609375 0.2703125 0.10859375 0.14375
0 0.4421875 0.37421875 0.109375 0.16953125
0 0.534375 0.48671875 0.13671875 0.1609375
0 0.6390625 0.42578125 0.11953125 0.1609375
0 0.55546875 0.3265625 0.115625 0.1625