0 0.86640625 0.37734375 0.128125 0.184375
1 0.76875 0.4890625 0.128125 0.1765625
1 0.66484375 0.6328125 0.1859375 0.2375
1 0.56484375 0.79609375 0.25625 0.3171875
1 0.4296875 0.64140625 0.1796875 0.2234375
1 0.309375 0.5203125 0.165625 0.221875
1 0.2125 0.403125 0.1609375 0.2296875
1 0.49609375 0.1625 0.1296875 0.134375
1 0.41171875 0.228125 0.125 0.13125
1 0.60859375 0.21171875 0.1328125 0.1609375
1 0.72578125 0.30234375 0.1453125 0.1953125
0 0.31640625 0.30390625 0.1359375 0.1625
0 0.4171875 0.3890625 0.1421875 0.1890625
0 0.53125 0.4796875 0.1671875 0.1859375
0 0.6203125 0.3984375 0.15 0.1828125
0 0.51796875 0.31875 0.146875 0.1828125