1 0.296875 0.41875 0.146875 0.1765625
1 0.365625 0.53125 0.15 0.1890625
1 0.44609375 0.68671875 0.1734375 0.2328125
1 0.5421875 0.86640625 0.21875 0.2671875
1 0.6703125 0.73359375 0.175 0.2171875
1 0.79609375 0.6171875 0.1703125 0.2125
1 0.7796875 0.42734375 0.1359375 0.1671875
1 0.6875 0.3296875 0.1265625 0.1453125
1 0.596875 0.2484375 0.1078125 0.140625
1 0.51171875 0.3 0.1203125 0.134375
0 0.40390625 0.34609375 0.1296875 0.1703125
0 0.484375 0.446875 0.1359375 0.1671875
0 0.5640625 0.56953125 0.1578125 0.2046875
0 0.68125 0.4953125 0.1421875 0.190625
0 0.596875 0.3875 0.1296875 0.165625
0 0.89921875 0.5515625 0.1546875 0.221875