1 0.29140625 0.43359375 0.153125 0.18125
1 0.36796875 0.540625 0.15625 0.19375
1 0.459375 0.68984375 0.18125 0.2375
1 0.5671875 0.86328125 0.228125 0.2734375
1 0.6859375 0.72109375 0.1828125 0.2234375
1 0.80390625 0.59609375 0.1765625 0.2171875
1 0.7734375 0.40859375 0.1421875 0.171875
1 0.675 0.3171875 0.13125 0.15
1 0.57890625 0.2421875 0.1125 0.14375
1 0.4984375 0.3 0.125 0.1375
0 0.39375 0.353125 0.1359375 0.175
0 0.48046875 0.44765625 0.1421875 0.171875
0 0.56875 0.56484375 0.1640625 0.209375
0 0.68046875 0.4828125 0.1484375 0.19375
0 0.58828125 0.38125 0.1359375 0.1703125
0 0.9015625 0.5234375 0.1625 0.2265625