1 0.2953125 0.42265625 0.14375 0.1734375
1 0.36640625 0.53359375 0.146875 0.1859375
1 0.44921875 0.6875 0.16953125 0.2296875
1 0.5484375 0.8671875 0.21484375 0.26484375
1 0.67421875 0.73046875 0.171875 0.2140625
1 0.7984375 0.61171875 0.16640625 0.209375
1 0.778125 0.42265625 0.13359375 0.16484375
1 0.684375 0.3265625 0.1234375 0.14375
1 0.5921875 0.246875 0.1046875 0.1390625
1 0.50859375 0.3 0.11796875 0.13203125
0 0.4015625 0.34765625 0.1265625 0.16875
0 0.48359375 0.446875 0.13359375 0.16484375
0 0.565625 0.56875 0.15390625 0.20234375
0 0.68125 0.4921875 0.13828125 0.1875
0 0.59453125 0.3859375 0.12734375 0.16328125
0 0.9 0.54453125 0.1515625 0.21953125