1 0.2828125 0.47421875 0.18125 0.203125
1 0.378125 0.56484375 0.1875 0.215625
1 0.49609375 0.69453125 0.2203125 0.2640625
1 0.6359375 0.84453125 0.271875 0.309375
1 0.725 0.68125 0.21875 0.25
1 0.81640625 0.5359375 0.2125 0.24375
1 0.75078125 0.3578125 0.16875 0.1921875
1 0.63671875 0.2875 0.1546875 0.16875
1 0.528125 0.23203125 0.1359375 0.1609375
1 0.46015625 0.30390625 0.146875 0.15625
0 0.36796875 0.37578125 0.1640625 0.19375
0 0.47109375 0.45234375 0.16875 0.1921875
0 0.58046875 0.55078125 0.1984375 0.2328125
0 0.67421875 0.4484375 0.1796875 0.215625
0 0.5640625 0.36640625 0.1625 0.1890625
0 0.89921875 0.44609375 0.2 0.25