1 0.3140625 0.38515625 0.1734375 0.1984375
1 0.3625 0.5078125 0.1796875 0.2109375
1 0.4140625 0.67421875 0.2109375 0.2578125
1 0.47734375 0.859375 0.2609375 0.28125
1 0.62734375 0.759375 0.209375 0.2421875
1 0.771875 0.66640625 0.203125 0.2375
1 0.7875 0.47734375 0.1625 0.1875
1 0.7140625 0.36484375 0.1484375 0.1640625
1 0.6390625 0.26875 0.1296875 0.15625
1 0.546875 0.30546875 0.140625 0.1515625
0 0.4328125 0.33203125 0.15625 0.1890625
0 0.49375 0.44453125 0.1625 0.1875
0 0.5515625 0.5796875 0.1890625 0.228125
0 0.6796875 0.5265625 0.171875 0.2109375
0 0.61484375 0.40625 0.15625 0.184375
0 0.884375 0.6203125 0.190625 0.24375