0 0.35703125 0.36796875 0.1578125 0.190625
0 0.5890625 0.36953125 0.1671875 0.2
0 0.59140625 0.18515625 0.1359375 0.1640625
0 0.48359375 0.26875 0.1421875 0.178125
0 0.46484375 0.47578125 0.1796875 0.21875
0 0.44296875 0.790625 0.2375 0.3125
1 0.59140625 0.6125 0.2078125 0.265625
1 0.721875 0.47265625 0.19375 0.240625
1 0.815625 0.34609375 0.1890625 0.225
1 0.6828125 0.26484375 0.1515625 0.190625
1 0.4875 0.1390625 0.1296875 0.153125
1 0.38203125 0.21171875 0.1359375 0.1484375
1 0.259375 0.30078125 0.1453125 0.175
1 0.11875 0.39921875 0.16875 0.2140625
1 0.209375 0.48515625 0.1796875 0.2234375
1 0.31953125 0.62421875 0.203125 0.253125