0 0.35078125 0.37578125 0.1484375 0.1828125
0 0.58203125 0.36484375 0.1578125 0.1921875
0 0.575 0.18125 0.128125 0.1578125
0 0.47109375 0.26953125 0.1328125 0.1703125
0 0.46328125 0.47734375 0.1703125 0.209375
0 0.4578125 0.79296875 0.221875 0.3015625
1 0.59765625 0.60703125 0.1953125 0.25625
1 0.7203125 0.4609375 0.1828125 0.23125
1 0.80703125 0.3296875 0.178125 0.215625
1 0.6703125 0.25546875 0.14375 0.184375
1 0.46875 0.13984375 0.1234375 0.146875
1 0.3671875 0.21796875 0.128125 0.1421875
1 0.24921875 0.31328125 0.1375 0.1671875
1 0.1140625 0.41875 0.1578125 0.20625
1 0.209375 0.50078125 0.16875 0.215625
1 0.3265625 0.63359375 0.190625 0.2453125