0 0.33828125 0.3921875 0.1609375 0.1921875
0 0.5671875 0.35703125 0.1703125 0.203125
0 0.54140625 0.175 0.1390625 0.165625
0 0.44765625 0.27421875 0.1453125 0.1796875
0 0.46171875 0.48125 0.184375 0.2203125
0 0.4890625 0.79609375 0.2421875 0.315625
1 0.6078125 0.59609375 0.2125 0.26875
1 0.71484375 0.43828125 0.1984375 0.24375
1 0.7875 0.2984375 0.1921875 0.228125
1 0.64375 0.2390625 0.1546875 0.19375
1 0.43125 0.1453125 0.1328125 0.1546875
1 0.33828125 0.23359375 0.1375 0.1515625
1 0.23125 0.340625 0.1484375 0.1765625
1 0.1078125 0.46015625 0.171875 0.2171875
1 0.2109375 0.53046875 0.1828125 0.2265625
1 0.34140625 0.65078125 0.2078125 0.25625