0 0.34609375 0.38046875 0.1484375 0.1828125
0 0.57734375 0.36171875 0.1578125 0.1921875
0 0.5640625 0.17890625 0.128125 0.1578125
0 0.46328125 0.27109375 0.1328125 0.1703125
0 0.46328125 0.47890625 0.1703125 0.209375
0 0.46875 0.79453125 0.221875 0.3015625
1 0.60078125 0.60390625 0.1953125 0.25625
1 0.71875 0.453125 0.1828125 0.23125
1 0.80078125 0.31875 0.178125 0.215625
1 0.6609375 0.24921875 0.14375 0.184375
1 0.45625 0.14140625 0.1234375 0.146875
1 0.3578125 0.22265625 0.128125 0.1421875
1 0.24296875 0.32265625 0.1375 0.1671875
1 0.1109375 0.4328125 0.1578125 0.20625
1 0.209375 0.51015625 0.16875 0.215625
1 0.33125 0.63984375 0.190625 0.2453125