0 0.3484375 0.378125 0.1453125 0.18046875
0 0.5796875 0.36328125 0.1546875 0.18984375
0 0.56953125 0.1796875 0.12578125 0.15546875
0 0.4671875 0.2703125 0.13046875 0.16875
0 0.46328125 0.478125 0.16640625 0.20703125
0 0.46328125 0.79375 0.2171875 0.2984375
1 0.59921875 0.60546875 0.19140625 0.25234375
1 0.71953125 0.45703125 0.17890625 0.22890625
1 0.80390625 0.32421875 0.17421875 0.21328125
1 0.665625 0.25234375 0.13984375 0.18203125
1 0.4625 0.140625 0.1203125 0.1453125
1 0.3625 0.2203125 0.12578125 0.140625
1 0.24609375 0.31796875 0.134375 0.165625
1 0.1125 0.42578125 0.1546875 0.20390625
1 0.209375 0.50546875 0.16484375 0.2125
1 0.32890625 0.63671875 0.18671875 0.24140625