0 0.33125 0.403125 0.171875 0.2015625
0 0.55703125 0.35234375 0.1828125 0.2109375
0 0.51875 0.17265625 0.1484375 0.1734375
0 0.43203125 0.278125 0.1546875 0.1875
0 0.46015625 0.484375 0.196875 0.23125
0 0.509375 0.79609375 0.2609375 0.328125
1 0.61484375 0.58828125 0.228125 0.2796875
1 0.71015625 0.4234375 0.2125 0.2546875
1 0.77265625 0.27890625 0.2046875 0.2375
1 0.625 0.2296875 0.1671875 0.2015625
1 0.40703125 0.15078125 0.1421875 0.1625
1 0.3203125 0.2453125 0.146875 0.1578125
1 0.22109375 0.36015625 0.159375 0.184375
1 0.10546875 0.4875 0.184375 0.225
1 0.2140625 0.55078125 0.1953125 0.2359375
1 0.35234375 0.66171875 0.221875 0.2671875