0 0.36953125 0.35625 0.171875 0.2015625
0 0.6 0.37734375 0.1828125 0.2109375
0 0.61875 0.19453125 0.1484375 0.1734375
0 0.50390625 0.26796875 0.1546875 0.1875
0 0.4671875 0.47265625 0.196875 0.23125
0 0.41796875 0.784375 0.2609375 0.328125
1 0.58125 0.61953125 0.228125 0.2796875
1 0.7234375 0.4921875 0.2125 0.2546875
1 0.82734375 0.37421875 0.2046875 0.2375
1 0.70234375 0.28125 0.1671875 0.2015625
1 0.51953125 0.1390625 0.1421875 0.1625
1 0.4078125 0.20234375 0.146875 0.1578125
1 0.27734375 0.28046875 0.159375 0.184375
1 0.12890625 0.36640625 0.184375 0.225
1 0.21171875 0.46015625 0.1953125 0.2359375
1 0.309375 0.60859375 0.221875 0.2671875