1 0.26484375 0.628125 0.16796875 0.22109375
1 0.83515625 0.51875 0.1796875 0.21328125
1 0.63515625 0.68125 0.18203125 0.23359375
1 0.834375 0.225 0.14609375 0.15859375
1 0.4453125 0.20234375 0.1171875 0.14375
1 0.43515625 0.64453125 0.17265625 0.22890625
1 0.8421875 0.34765625 0.15546875 0.16640625
1 0.40078125 0.315625 0.1328125 0.153125
1 0.34453125 0.45078125 0.14375 0.17421875
1 0.69296875 0.2171875 0.1296875 0.1546875
0 0.56796875 0.19921875 0.11640625 0.14921875
0 0.53671875 0.31328125 0.13046875 0.1578125
0 0.83828125 0.72890625 0.2015625 0.2625
0 0.65234375 0.48046875 0.15 0.18828125
0 0.490625 0.4515625 0.1421875 0.17578125
0 0.6828125 0.3375 0.140625 0.159375