1 0.253125 0.603125 0.190625 0.2375
1 0.83125 0.55390625 0.2015625 0.23125
1 0.615625 0.69453125 0.2046875 0.2515625
1 0.8609375 0.26171875 0.1625 0.1734375
1 0.4765625 0.1984375 0.13125 0.1546875
1 0.4203125 0.63671875 0.1953125 0.2453125
1 0.85625 0.384375 0.171875 0.18125
1 0.4203125 0.30625 0.1484375 0.165625
1 0.35078125 0.43515625 0.1609375 0.1890625
1 0.72109375 0.2390625 0.1453125 0.1671875
0 0.59921875 0.2078125 0.13125 0.1609375
0 0.55625 0.31796875 0.146875 0.1703125
0 0.8125 0.76328125 0.228125 0.2828125
0 0.65390625 0.496875 0.16875 0.203125
0 0.49609375 0.45078125 0.159375 0.1890625
0 0.6984375 0.3578125 0.15625 0.1734375