1 0.25625 0.61171875 0.1828125 0.2328125
1 0.8328125 0.5421875 0.19375 0.225
1 0.621875 0.690625 0.1984375 0.2453125
1 0.853125 0.24921875 0.15625 0.16875
1 0.46640625 0.19921875 0.1265625 0.1515625
1 0.425 0.63984375 0.1875 0.240625
1 0.85234375 0.371875 0.1671875 0.1765625
1 0.4140625 0.309375 0.14375 0.1625
1 0.3484375 0.43984375 0.15625 0.184375
1 0.7125 0.23125 0.140625 0.1640625
0 0.5890625 0.2046875 0.1265625 0.15625
0 0.55 0.31640625 0.140625 0.1671875
0 0.821875 0.7515625 0.21875 0.2765625
0 0.653125 0.49140625 0.1625 0.1984375
0 0.49375 0.45078125 0.1546875 0.1859375
0 0.69375 0.35078125 0.1515625 0.16875