1 0.2796875 0.65234375 0.190625 0.2375
1 0.83515625 0.48359375 0.2015625 0.23125
1 0.653125 0.66640625 0.2046875 0.2515625
1 0.80390625 0.19140625 0.1625 0.1734375
1 0.41484375 0.209375 0.13125 0.1546875
1 0.45078125 0.65078125 0.1953125 0.2453125
1 0.82421875 0.3125 0.171875 0.18125
1 0.38203125 0.32734375 0.1484375 0.165625
1 0.340625 0.4671875 0.1609375 0.1890625
1 0.6625 0.1984375 0.1453125 0.1671875
0 0.5359375 0.19375 0.13125 0.1609375
0 0.5171875 0.31015625 0.146875 0.1703125
0 0.86015625 0.6921875 0.228125 0.2828125
0 0.64921875 0.46484375 0.16875 0.203125
0 0.4859375 0.453125 0.159375 0.1890625
0 0.66484375 0.31953125 0.15625 0.1734375