1 0.271875 0.640625 0.1796875 0.2296875
1 0.8359375 0.5015625 0.190625 0.221875
1 0.64453125 0.67421875 0.19375 0.2421875
1 0.81953125 0.2078125 0.1546875 0.165625
1 0.4296875 0.20546875 0.125 0.15
1 0.44296875 0.64765625 0.184375 0.2375
1 0.83359375 0.3296875 0.1640625 0.175
1 0.39140625 0.32109375 0.140625 0.159375
1 0.3421875 0.459375 0.153125 0.18125
1 0.678125 0.2078125 0.1375 0.1609375
0 0.55234375 0.19609375 0.1234375 0.1546875
0 0.5265625 0.31171875 0.1390625 0.1640625
0 0.85 0.7109375 0.215625 0.2734375
0 0.65078125 0.47265625 0.159375 0.1953125
0 0.48828125 0.45234375 0.1515625 0.1828125
0 0.67421875 0.328125 0.1484375 0.1671875