1 0.18046875 0.53671875 0.16484375 0.22421875
1 0.3515625 0.521875 0.1703125 0.23203125
1 0.5390625 0.5171875 0.16953125 0.22578125
1 0.2796875 0.2203125 0.128125 0.14453125
1 0.5546875 0.08203125 0.11796875 0.146875
1 0.23828125 0.35625 0.140625 0.159375
1 0.3125 0.11171875 0.12109375 0.13828125
1 0.68671875 0.0765625 0.1296875 0.15234375
1 0.7 0.1875 0.14765625 0.165625
1 0.70703125 0.32890625 0.15703125 0.18359375
0 0.71953125 0.5171875 0.17890625 0.23671875
0 0.540625 0.33046875 0.15078125 0.16640625
0 0.4328125 0.0875 0.115625 0.14375
0 0.55234375 0.190625 0.1265625 0.13203125
0 0.3890625 0.33671875 0.1421875 0.16953125
0 0.4171875 0.19609375 0.12890625 0.159375