1 0.17890625 0.5140625 0.1796875 0.2359375
1 0.35078125 0.51171875 0.1859375 0.24375
1 0.5375 0.51953125 0.184375 0.2375
1 0.3 0.20546875 0.1375 0.153125
1 0.58359375 0.08671875 0.128125 0.1546875
1 0.24921875 0.33828125 0.1515625 0.16875
1 0.33984375 0.09921875 0.1296875 0.146875
1 0.715625 0.090625 0.140625 0.1609375
1 0.72109375 0.20234375 0.159375 0.175
1 0.71875 0.34375 0.16875 0.19375
0 0.71796875 0.5328125 0.1953125 0.2484375
0 0.55234375 0.33359375 0.1625 0.1765625
0 0.46171875 0.08359375 0.125 0.1515625
0 0.5734375 0.1953125 0.1359375 0.140625
0 0.40078125 0.3296875 0.153125 0.1796875
0 0.43828125 0.19140625 0.1390625 0.16875