1 0.18046875 0.4640625 0.2109375 0.25625
1 0.35078125 0.48828125 0.21875 0.2640625
1 0.534375 0.52578125 0.215625 0.2578125
1 0.3484375 0.178125 0.1578125 0.1703125
1 0.64765625 0.1046875 0.1484375 0.1703125
1 0.27734375 0.30078125 0.1734375 0.1875
1 0.40390625 0.08046875 0.1484375 0.1609375
1 0.77734375 0.1296875 0.1609375 0.178125
1 0.76484375 0.240625 0.18125 0.1953125
1 0.73984375 0.3796875 0.19375 0.2140625
0 0.71015625 0.56640625 0.228125 0.2703125
0 0.57734375 0.34375 0.184375 0.1953125
0 0.52734375 0.0828125 0.1453125 0.165625
0 0.6203125 0.21015625 0.153125 0.1578125
0 0.42890625 0.315625 0.1765625 0.196875
0 0.4875 0.18515625 0.1609375 0.184375