1 0.18984375 0.5859375 0.1984375 0.246875
1 0.35703125 0.54453125 0.2046875 0.25625
1 0.54140625 0.5109375 0.203125 0.25
1 0.23828125 0.25859375 0.1484375 0.1625
1 0.48828125 0.08046875 0.1390625 0.1609375
1 0.21875 0.39921875 0.1640625 0.1796875
1 0.25390625 0.14609375 0.140625 0.15625
1 0.61796875 0.06875 0.1515625 0.1375
1 0.6484375 0.16015625 0.171875 0.1859375
1 0.67734375 0.2984375 0.184375 0.20625
0 0.71953125 0.4828125 0.2140625 0.2625
0 0.51328125 0.3265625 0.175 0.1875
0 0.36875 0.103125 0.1359375 0.159375
0 0.503125 0.1859375 0.1453125 0.15
0 0.36484375 0.35625 0.1671875 0.1890625
0 0.3703125 0.2125 0.1515625 0.178125