1 0.178125 0.49765625 0.190625 0.2421875
1 0.35 0.50390625 0.196875 0.2515625
1 0.53671875 0.521875 0.1953125 0.2453125
1 0.315625 0.1953125 0.1453125 0.159375
1 0.60546875 0.0921875 0.134375 0.1609375
1 0.2578125 0.32578125 0.159375 0.175
1 0.3609375 0.09140625 0.1375 0.1515625
1 0.73671875 0.10234375 0.146875 0.1671875
1 0.73671875 0.2140625 0.1671875 0.1828125
1 0.7265625 0.35546875 0.178125 0.2015625
0 0.715625 0.54375 0.20625 0.25625
0 0.5609375 0.33671875 0.1703125 0.1828125
0 0.48359375 0.08203125 0.1328125 0.15625
0 0.58984375 0.19921875 0.1421875 0.146875
0 0.41015625 0.32421875 0.1625 0.1859375
0 0.4546875 0.18828125 0.146875 0.1734375