1 0.1859375 0.56953125 0.1875 0.240625
1 0.3546875 0.5375 0.19375 0.2484375
1 0.540625 0.51328125 0.1921875 0.2421875
1 0.2515625 0.24453125 0.1421875 0.1578125
1 0.5109375 0.07890625 0.1328125 0.1578125
1 0.225 0.384375 0.15625 0.1734375
1 0.27265625 0.13359375 0.134375 0.15
1 0.64140625 0.07109375 0.1453125 0.1421875
1 0.66640625 0.16796875 0.1640625 0.1796875
1 0.68828125 0.3078125 0.175 0.1984375
0 0.7203125 0.49453125 0.203125 0.2546875
0 0.52265625 0.32734375 0.1671875 0.18125
0 0.38984375 0.096875 0.1296875 0.1546875
0 0.51953125 0.18671875 0.1390625 0.1453125
0 0.37265625 0.34921875 0.159375 0.1828125
0 0.3859375 0.20625 0.1453125 0.171875