1 0.803125 0.3 0.1171875 0.15
1 0.8546875 0.10703125 0.0546875 0.0703125
1 0.9421875 0.11640625 0.0578125 0.075
1 0.73046875 0.0671875 0.0328125 0.046875
1 0.5890625 0.09375 0.0390625 0.053125
1 0.46328125 0.16875 0.0609375 0.0734375
1 0.3640625 0.08984375 0.0390625 0.0546875
2 0.3578125 0.11796875 0.0421875 0.05625
2 0.4859375 0.21015625 0.0765625 0.1
0 0.22421875 0.1109375 0.0453125 0.0578125
0 0.0609375 0.0953125 0.0390625 0.05
0 0.78671875 0.06796875 0.0390625 0.053125
0 0.82734375 0.065625 0.0390625 0.0546875