1 0.771875 0.26015625 0.1359375 0.1640625
1 0.796875 0.06171875 0.0625 0.0765625
1 0.884375 0.05859375 0.0671875 0.08125
1 0.66796875 0.0390625 0.0390625 0.05
1 0.53125 0.08515625 0.0453125 0.0578125
1 0.4171875 0.1765625 0.0703125 0.08125
1 0.3078125 0.1125 0.0453125 0.059375
2 0.30625 0.14140625 0.0484375 0.0609375
2 0.4453125 0.21484375 0.0890625 0.109375
0 0.17265625 0.153125 0.0515625 0.0625
0 0.015625 0.16015625 0.03125 0.0546875
0 0.72421875 0.03203125 0.0453125 0.0578125
0 0.7640625 0.0265625 0.046875 0.053125