1 0.7921875 0.284375 0.125 0.1546875
1 0.83359375 0.0890625 0.0578125 0.071875
1 0.92109375 0.09375 0.0609375 0.0765625
1 0.7078125 0.05546875 0.0359375 0.0484375
1 0.56796875 0.08984375 0.0421875 0.0546875
1 0.4453125 0.17109375 0.0640625 0.0765625
1 0.34296875 0.09765625 0.040625 0.05625
2 0.33828125 0.12578125 0.04375 0.0578125
2 0.4703125 0.21171875 0.08125 0.103125
0 0.2046875 0.12578125 0.046875 0.059375
0 0.040625 0.11875 0.040625 0.053125
0 0.7640625 0.053125 0.040625 0.05625
0 0.8046875 0.0484375 0.0421875 0.05625