1 0.821875 0.3328125 0.1265625 0.1578125
1 0.89375 0.14609375 0.059375 0.0734375
1 0.97421875 0.1640625 0.0515625 0.078125
1 0.775 0.09375 0.0359375 0.0484375
1 0.63125 0.10546875 0.0421875 0.05625
1 0.49765625 0.16640625 0.065625 0.078125
1 0.4078125 0.078125 0.0421875 0.05625
2 0.39921875 0.10546875 0.0453125 0.059375
2 0.515625 0.21015625 0.0828125 0.1046875
0 0.26640625 0.084375 0.0484375 0.0609375
0 0.10546875 0.0515625 0.0421875 0.053125
0 0.83046875 0.1 0.0421875 0.05625
0 0.87109375 0.1015625 0.0421875 0.0578125