1 0.80625 0.30546875 0.11484375 0.14765625
1 0.86171875 0.11328125 0.053125 0.06875
1 0.9484375 0.12421875 0.05625 0.0734375
1 0.73828125 0.07109375 0.03203125 0.04609375
1 0.59609375 0.0953125 0.03828125 0.05234375
1 0.46875 0.16796875 0.059375 0.07265625
1 0.37109375 0.0875 0.0375 0.05390625
2 0.36484375 0.115625 0.040625 0.05546875
2 0.490625 0.21015625 0.07421875 0.0984375
0 0.23125 0.10625 0.04375 0.05703125
0 0.06796875 0.0875 0.0375 0.05
0 0.79453125 0.07265625 0.0375 0.053125
0 0.83515625 0.07109375 0.03828125 0.05390625