1 0.825 0.33828125 0.1296875 0.159375
1 0.9 0.153125 0.059375 0.0734375
1 0.9765625 0.17265625 0.046875 0.0796875
1 0.78203125 0.0984375 0.0359375 0.0484375
1 0.6375 0.1078125 0.04375 0.05625
1 0.50390625 0.16640625 0.0671875 0.078125
1 0.41484375 0.0765625 0.0421875 0.0578125
2 0.40546875 0.10390625 0.046875 0.059375
2 0.52109375 0.2109375 0.084375 0.10625
0 0.27421875 0.08046875 0.05 0.0609375
0 0.11328125 0.04453125 0.0421875 0.053125
0 0.8375 0.10546875 0.0421875 0.05625
0 0.878125 0.10859375 0.04375 0.0578125