1 0.7953125 0.28984375 0.121875 0.153125
1 0.840625 0.09453125 0.05625 0.071875
1 0.928125 0.1015625 0.059375 0.0765625
1 0.715625 0.059375 0.034375 0.0484375
1 0.575 0.090625 0.040625 0.0546875
1 0.4515625 0.1703125 0.0625 0.075
1 0.35 0.09453125 0.040625 0.05625
2 0.34453125 0.1234375 0.04375 0.0578125
2 0.47578125 0.2109375 0.0796875 0.1015625
0 0.2109375 0.12109375 0.046875 0.059375
0 0.046875 0.1109375 0.040625 0.0515625
0 0.771875 0.0578125 0.040625 0.0546875
0 0.8125 0.05390625 0.040625 0.05625