2 0.16328125 0.321875 0.125 0.159375
2 0.1296875 0.1703125 0.0765625 0.1109375
1 0.29921875 0.1953125 0.084375 0.115625
1 0.30234375 0.0734375 0.0390625 0.059375
1 0.5234375 0.09921875 0.04375 0.0765625
1 0.6703125 0.0796875 0.046875 0.0703125
1 0.77265625 0.12265625 0.0609375 0.090625
1 0.85 0.13984375 0.065625 0.0890625
1 0.8640625 0.109375 0.05625 0.071875
0 0.7328125 0.07109375 0.04375 0.0625
0 0.77890625 0.071875 0.0484375 0.0609375
0 0.01484375 0.0796875 0.0171875 0.053125
0 0.14921875 0.09609375 0.05625 0.065625