2 0.1796875 0.29375 0.1375 0.1703125
2 0.16015625 0.1390625 0.0859375 0.1171875
1 0.3265625 0.1796875 0.09375 0.1234375
1 0.340625 0.0578125 0.04375 0.0625
1 0.55859375 0.103125 0.05 0.08125
1 0.70703125 0.09609375 0.053125 0.0734375
1 0.8046875 0.14765625 0.06875 0.0953125
1 0.88046875 0.171875 0.0734375 0.09375
1 0.896875 0.14296875 0.0625 0.075
0 0.76875 0.09296875 0.0484375 0.0671875
0 0.81484375 0.09765625 0.053125 0.0640625
0 0.05390625 0.0390625 0.0203125 0.053125
0 0.1859375 0.0671875 0.0609375 0.06875