2 0.1953125 0.271875 0.146875 0.1765625
2 0.1859375 0.11640625 0.0921875 0.1203125
1 0.34921875 0.16796875 0.1015625 0.128125
1 0.371875 0.04765625 0.046875 0.065625
1 0.5859375 0.1078125 0.0546875 0.0828125
1 0.734375 0.11171875 0.0578125 0.0765625
1 0.82890625 0.1703125 0.0734375 0.0984375
1 0.90234375 0.19921875 0.0796875 0.096875
1 0.9203125 0.17109375 0.0671875 0.078125
0 0.796875 0.1125 0.053125 0.06875
0 0.8421875 0.12109375 0.05625 0.0671875
0 0.0859375 0.01796875 0.025 0.0359375
0 0.21640625 0.04609375 0.065625 0.071875