2 0.16015625 0.328125 0.121875 0.1578125
2 0.12421875 0.1765625 0.07421875 0.109375
1 0.29375 0.19921875 0.0828125 0.11484375
1 0.2953125 0.0765625 0.0375 0.059375
1 0.51640625 0.09921875 0.0421875 0.0765625
1 0.66328125 0.0765625 0.04609375 0.06953125
1 0.76640625 0.11796875 0.059375 0.0890625
1 0.84375 0.13359375 0.06484375 0.0875
1 0.85703125 0.103125 0.05546875 0.0703125
0 0.725 0.0671875 0.0421875 0.0625
0 0.77109375 0.0671875 0.046875 0.059375
0 0.0078125 0.08828125 0.015625 0.05234375
0 0.1421875 0.10234375 0.0546875 0.0640625