2 0.39921875 0.20859375 0.08671875 0.1140625
2 0.97109375 0.1734375 0.0578125 0.09375
1 0.95234375 0.3109375 0.0953125 0.1671875
1 0.64765625 0.15078125 0.07890625 0.11640625
1 0.23203125 0.1 0.06875 0.07421875
1 0.27421875 0.06640625 0.0390625 0.05859375
0 0.3296875 0.04765625 0.03046875 0.0625
0 0.303125 0.053125 0.0265625 0.06953125
1 0.58671875 0.0578125 0.040625 0.065625
1 0.540625 0.05390625 0.03359375 0.05390625
1 0.50390625 0.06171875 0.0453125 0.0734375
1 0.73671875 0.046875 0.04921875 0.05390625