1 0.47734375 0.1859375 0.06484375 0.08359375
1 0.69453125 0.32890625 0.115625 0.14609375
1 0.1203125 0.13828125 0.0515625 0.06328125
1 0.171875 0.10546875 0.034375 0.04765625
1 0.3875 0.10390625 0.03828125 0.0578125
1 0.46171875 0.09921875 0.0390625 0.05703125
1 0.42109375 0.0921875 0.0390625 0.0515625
1 0.60546875 0.0796875 0.040625 0.05
2 0.22265625 0.2390625 0.08359375 0.103125
2 0.771875 0.20234375 0.08125 0.10078125
0 0.20078125 0.09296875 0.03359375 0.04375
0 0.2328125 0.08671875 0.0296875 0.0390625