1 0.1046875 0.24375 0.08984375 0.115625
1 0.68671875 0.07265625 0.03671875 0.053125
1 0.89375 0.10546875 0.05 0.06796875
1 0.33359375 0.0828125 0.03203125 0.04765625
0 0.19921875 0.1109375 0.04375 0.0578125
0 0.0203125 0.096875 0.03203125 0.05546875
0 0.7421875 0.071875 0.04140625 0.05546875
0 0.7859375 0.0671875 0.03828125 0.05078125
2 0.22421875 0.34140625 0.11640625 0.14375
2 0.46796875 0.25390625 0.084375 0.10625
2 0.31328125 0.196875 0.07109375 0.0921875
2 0.0515625 0.19375 0.07109375 0.0859375