1 0.2609375 0.40625 0.03515625 0.07109375
1 0.38828125 0.4203125 0.034375 0.08046875
1 0.4578125 0.41796875 0.0328125 0.07265625
1 0.4296875 0.3828125 0.0296875 0.06953125
1 0.5078125 0.37578125 0.03046875 0.06484375
2 0.5578125 0.36328125 0.03203125 0.0671875
2 0.6671875 0.334375 0.034375 0.0359375
1 0.6578125 0.3875 0.02890625 0.06484375
1 0.7265625 0.34765625 0.0265625 0.06484375
1 0.7484375 0.3375 0.02265625 0.0640625
1 0.79453125 0.38671875 0.03828125 0.0765625
1 0.79375 0.50625 0.05 0.10859375