2 0.50234375 0.37265625 0.02890625 0.07109375
2 0.61484375 0.3734375 0.02421875 0.06015625
1 0.69765625 0.546875 0.04765625 0.1109375
1 0.72734375 0.4265625 0.03515625 0.0796875
1 0.69375 0.3703125 0.0234375 0.06640625
1 0.67109375 0.3796875 0.03125 0.06640625
1 0.59296875 0.4078125 0.03046875 0.06484375
1 0.45078125 0.3734375 0.028125 0.065625
1 0.38671875 0.415625 0.0328125 0.07734375
1 0.32265625 0.40390625 0.03515625 0.07421875
1 0.371875 0.36953125 0.0265625 0.06171875
1 0.20078125 0.37265625 0.0390625 0.0671875