1 0.6859375 0.41328125 0.03515625 0.08515625
1 0.63203125 0.5296875 0.046875 0.103125
1 0.6375 0.3609375 0.0296875 0.0703125
1 0.66015625 0.35546875 0.02578125 0.06171875
1 0.5515625 0.38984375 0.0296875 0.06953125
2 0.57734375 0.35703125 0.02734375 0.0609375
2 0.4640625 0.35625 0.02890625 0.0671875
1 0.41015625 0.36171875 0.02890625 0.06796875
1 0.3390625 0.40703125 0.03515625 0.075
1 0.3328125 0.34921875 0.02890625 0.04609375
1 0.27421875 0.3921875 0.0359375 0.07421875
1 0.16015625 0.36640625 0.03671875 0.07109375