2 0.56640625 0.36484375 0.0359375 0.07734375
2 0.4546875 0.32890625 0.0265625 0.06640625
1 0.534375 0.56328125 0.04609375 0.115625
1 0.52421875 0.39140625 0.0328125 0.08046875
1 0.65546875 0.453125 0.0375 0.08125
1 0.65703125 0.3875 0.03046875 0.065625
1 0.62578125 0.38984375 0.0328125 0.07421875
1 0.40078125 0.31796875 0.0265625 0.06015625
1 0.33359375 0.29921875 0.03125 0.06953125
1 0.315625 0.340625 0.03359375 0.075
1 0.2671875 0.31484375 0.03359375 0.07578125
1 0.18828125 0.26328125 0.0296875 0.06796875