1 0.6078125 0.44375 0.03671875 0.08671875
1 0.61953125 0.371875 0.03046875 0.06328125
1 0.5875 0.375 0.0296875 0.07265625
1 0.48125 0.37578125 0.03359375 0.07421875
1 0.46640625 0.54140625 0.04921875 0.1125
1 0.36484375 0.30859375 0.03203125 0.075
1 0.2984375 0.28203125 0.0328125 0.071875
1 0.275 0.3296875 0.040625 0.07421875
1 0.23046875 0.30234375 0.03828125 0.07265625
1 0.15625 0.24921875 0.03203125 0.0640625
2 0.528125 0.35078125 0.03359375 0.06796875
2 0.41875 0.31796875 0.03203125 0.06953125