1 0.57734375 0.42421875 0.0375 0.08828125
1 0.4296875 0.521875 0.046875 0.10625
1 0.34453125 0.29296875 0.03046875 0.06875
1 0.2796875 0.26484375 0.03125 0.06484375
1 0.253125 0.30625 0.03359375 0.0796875
1 0.21015625 0.28203125 0.0359375 0.07578125
1 0.140625 0.2296875 0.03359375 0.065625
2 0.39765625 0.29765625 0.03046875 0.06875
2 0.50703125 0.33671875 0.03046875 0.0734375
1 0.45703125 0.3578125 0.0328125 0.078125
1 0.5953125 0.35234375 0.03125 0.06484375
1 0.56171875 0.35390625 0.0328125 0.06796875