2 0.7609375 0.3625 0.02890625 0.0328125
2 0.65390625 0.375 0.0296875 0.0671875
1 0.375 0.38125 0.03125 0.06328125
1 0.503125 0.40859375 0.03515625 0.06796875
1 0.5671875 0.42265625 0.034375 0.07578125
1 0.53359375 0.3796875 0.02734375 0.06484375
1 0.60703125 0.3796875 0.02890625 0.06484375
1 0.76015625 0.4109375 0.03125 0.06015625
1 0.8203125 0.38125 0.03125 0.06328125
1 0.840625 0.37109375 0.0203125 0.06328125
1 0.89609375 0.42109375 0.0390625 0.07421875
1 0.92734375 0.53671875 0.0578125 0.10703125