1 0.90234375 0.07109375 0.05 0.0796875
1 0.88125 0.05703125 0.0421875 0.0671875
1 0.675 0.05234375 0.0390625 0.05
2 0.6625 0.1578125 0.0828125 0.115625
2 0.4078125 0.15390625 0.0734375 0.0953125
2 0.36015625 0.13828125 0.0546875 0.0796875
2 0.2734375 0.221875 0.084375 0.115625
0 0.003125 0.1296875 0.00625 0.059375
0 0.228125 0.12109375 0.053125 0.0640625
0 0.2796875 0.2453125 0.0953125 0.1203125
0 0.71328125 0.04765625 0.0375 0.0625
0 0.74453125 0.0453125 0.0296875 0.059375
1 0.33046875 0.0921875 0.040625 0.0625