1 0.98671875 0.19921875 0.0265625 0.0859375
1 0.98125 0.178125 0.0375 0.071875
1 0.79140625 0.11796875 0.046875 0.0546875
2 0.75078125 0.21640625 0.1 0.1265625
2 0.50625 0.14140625 0.0875 0.1046875
2 0.46484375 0.11328125 0.065625 0.0859375
2 0.35859375 0.1703125 0.1015625 0.1265625
0 0.1140625 0.01796875 0.0375 0.0359375
0 0.34296875 0.06015625 0.0625 0.0703125
0 0.3578125 0.19453125 0.1140625 0.1328125
0 0.8296875 0.12421875 0.0484375 0.0671875
0 0.86015625 0.13046875 0.0390625 0.0625
1 0.45 0.0609375 0.05 0.0671875