1 0.92421875 0.09296875 0.04609375 0.078125
1 0.90390625 0.07734375 0.03828125 0.065625
1 0.6984375 0.0625 0.03671875 0.04765625
2 0.68046875 0.1671875 0.07734375 0.11171875
2 0.42578125 0.14921875 0.06875 0.0921875
2 0.37890625 0.13125 0.05 0.0765625
2 0.28828125 0.21015625 0.078125 0.11171875
0 0.0125 0.1046875 0.025 0.05859375
0 0.2484375 0.10703125 0.05078125 0.0609375
0 0.29296875 0.234375 0.08984375 0.115625
0 0.73671875 0.059375 0.03515625 0.06015625
0 0.76796875 0.05859375 0.02734375 0.05859375
1 0.35234375 0.08359375 0.03671875 0.0609375