1 0.97890625 0.171875 0.0421875 0.084375
1 0.97109375 0.15390625 0.0484375 0.071875
1 0.77109375 0.10390625 0.04375 0.053125
2 0.73515625 0.20390625 0.0953125 0.1234375
2 0.4875 0.14140625 0.084375 0.103125
2 0.44453125 0.115625 0.0625 0.084375
2 0.3421875 0.178125 0.096875 0.1234375
0 0.0875 0.028125 0.034375 0.05625
0 0.3203125 0.06953125 0.0609375 0.06875
0 0.3421875 0.20234375 0.1078125 0.1296875
0 0.809375 0.10703125 0.0453125 0.065625
0 0.840625 0.11171875 0.0375 0.0625
1 0.4265625 0.0640625 0.046875 0.065625