2 0.36953125 0.50625 0.1859375 0.2421875
2 0.546875 0.4765625 0.1703125 0.2296875
2 0.39375 0.346875 0.1296875 0.171875
2 0.1859375 0.2953125 0.109375 0.1453125
0 0.14296875 0.34921875 0.1203125 0.16875
0 0.89453125 0.028125 0.0453125 0.05625
0 0.86171875 0.01640625 0.0296875 0.0328125
0 0.83671875 0.0265625 0.034375 0.053125
1 0.72890625 0.02421875 0.0359375 0.0484375
1 0.74765625 0.01484375 0.0390625 0.0296875
1 0.771875 0.0265625 0.0328125 0.053125
1 0.8109375 0.0359375 0.0421875 0.0546875
1 0.865625 0.03984375 0.0375 0.053125