2 0.36953125 0.49921875 0.1734375 0.23359375
2 0.54765625 0.47890625 0.15859375 0.22109375
2 0.4015625 0.34140625 0.121875 0.165625
2 0.196875 0.27890625 0.10234375 0.13984375
0 0.1515625 0.33046875 0.11171875 0.1625
0 0.91875 0.04765625 0.04296875 0.05859375
0 0.88671875 0.03046875 0.028125 0.0421875
0 0.8609375 0.04453125 0.03125 0.05078125
1 0.7546875 0.034375 0.03359375 0.0515625
1 0.7734375 0.02421875 0.03671875 0.0375
1 0.79609375 0.04140625 0.0296875 0.0515625
1 0.83515625 0.053125 0.03984375 0.053125
1 0.8890625 0.059375 0.034375 0.0515625