2 0.37109375 0.48125 0.2046875 0.2546875
2 0.55 0.4859375 0.1875 0.240625
2 0.42421875 0.32890625 0.14375 0.18125
2 0.23046875 0.2390625 0.1203125 0.153125
0 0.17890625 0.28359375 0.1328125 0.1765625
0 0.97578125 0.11015625 0.0484375 0.0640625
0 0.9484375 0.0890625 0.034375 0.0453125
0 0.92109375 0.09921875 0.0375 0.0546875
1 0.8171875 0.07421875 0.040625 0.05625
1 0.83671875 0.0671875 0.0421875 0.0421875
1 0.85703125 0.08671875 0.0359375 0.0546875
1 0.89375 0.10390625 0.046875 0.0578125
1 0.946875 0.11796875 0.040625 0.05625