2 0.3703125 0.51484375 0.2 0.253125
2 0.54453125 0.4734375 0.184375 0.2390625
2 0.3828125 0.3546875 0.140625 0.1796875
2 0.171875 0.3171875 0.11875 0.1515625
0 0.13359375 0.37421875 0.13125 0.175
0 0.859375 0.015625 0.05 0.03125
0 0.82578125 0.0046875 0.0328125 0.009375
0 0.803125 0.015625 0.0375 0.03125
1 0.69609375 0.0171875 0.0390625 0.034375
1 0.7125 0.0078125 0.040625 0.015625
1 0.73828125 0.01796875 0.0359375 0.0359375
1 0.77734375 0.021875 0.0453125 0.04375
1 0.8328125 0.02109375 0.040625 0.0421875