1 0.33359375 0.78671875 0.0453125 0.0953125
1 0.7015625 0.20234375 0.0375 0.0828125
1 0.6671875 0.2015625 0.0359375 0.0796875
1 0.509375 0.1578125 0.0171875 0.078125
0 0.4875 0.18203125 0.0296875 0.0703125
0 0.45625 0.1671875 0.0296875 0.075
0 0.41171875 0.13828125 0.025 0.0328125
1 0.428125 0.1828125 0.034375 0.0578125
1 0.39296875 0.18046875 0.034375 0.0625
1 0.38125 0.15625 0.028125 0.0671875
1 0.13671875 0.2390625 0.028125 0.05
0 0.17109375 0.246875 0.0328125 0.0609375
0 0.1109375 0.17109375 0.0359375 0.071875
1 0.084375 0.1703125 0.0234375 0.078125
1 0.0515625 0.175 0.028125 0.078125