1 0.3234375 0.78046875 0.040625 0.09375
1 0.71171875 0.209375 0.034375 0.08125
1 0.67734375 0.2078125 0.034375 0.078125
1 0.52109375 0.15859375 0.015625 0.078125
0 0.4984375 0.18203125 0.0265625 0.06875
0 0.46796875 0.165625 0.028125 0.0734375
0 0.42421875 0.13515625 0.0234375 0.03125
1 0.4390625 0.18046875 0.03125 0.05625
1 0.40390625 0.1765625 0.0328125 0.0625
1 0.39296875 0.15234375 0.025 0.065625
1 0.14609375 0.2265625 0.025 0.0484375
0 0.18046875 0.2359375 0.03125 0.059375
0 0.12265625 0.1578125 0.034375 0.0703125
1 0.09609375 0.15625 0.021875 0.078125
1 0.06328125 0.159375 0.025 0.078125