0 0.190625 0.0609375 0.046875 0.0796875
0 0.2359375 0.0578125 0.04375 0.0703125
0 0.33203125 0.14140625 0.0484375 0.0671875
0 0.56640625 0.1046875 0.0265625 0.0703125
0 0.6171875 0.1203125 0.040625 0.0828125
0 0.6421875 0.1359375 0.0453125 0.0796875
1 0.43828125 0.14765625 0.05 0.0828125
1 0.35078125 0.05546875 0.046875 0.075
1 0.26015625 0.01484375 0.0359375 0.0296875
1 0.21875 0.0359375 0.028125 0.071875
1 0.53125 0.12734375 0.046875 0.078125
1 0.5484375 0.07734375 0.0375 0.04375
1 0.584375 0.128125 0.0453125 0.075
1 0.6671875 0.12265625 0.0234375 0.06875