0 0.0875 0.15625 0.0359375 0.0765625
0 0.13046875 0.14140625 0.034375 0.0671875
0 0.24453125 0.19765625 0.0390625 0.0640625
0 0.46171875 0.10078125 0.015625 0.0703125
0 0.51484375 0.10234375 0.028125 0.08125
0 0.54296875 0.1109375 0.0328125 0.0765625
1 0.34921875 0.17578125 0.0390625 0.0796875
1 0.240625 0.109375 0.0359375 0.071875
1 0.1421875 0.090625 0.03125 0.03125
1 0.1078125 0.12265625 0.0171875 0.0765625
1 0.43359375 0.13203125 0.0359375 0.075
1 0.4375 0.07890625 0.03125 0.0390625
1 0.48515625 0.11875 0.034375 0.071875
1 0.5640625 0.0921875 0.0140625 0.06875