0 0.10625 0.13515625 0.03203125 0.07421875
0 0.15 0.12265625 0.03125 0.065625
0 0.2609375 0.184375 0.0359375 0.06171875
0 0.4828125 0.09921875 0.0125 0.06953125
0 0.5359375 0.10390625 0.02421875 0.0796875
0 0.56328125 0.1140625 0.0296875 0.075
1 0.36640625 0.16796875 0.03515625 0.07734375
1 0.26171875 0.09609375 0.0328125 0.0703125
1 0.1640625 0.07265625 0.03046875 0.0296875
1 0.128125 0.10234375 0.01328125 0.07578125
1 0.453125 0.12890625 0.03203125 0.0734375
1 0.459375 0.0765625 0.0296875 0.03828125
1 0.50546875 0.11875 0.03125 0.0703125
1 0.58515625 0.09609375 0.01015625 0.06796875