0 0.17265625 0.5265625 0.03125 0.06875
1 0.19375 0.4921875 0.01875 0.075
0 0.2171875 0.51484375 0.03125 0.0625
1 0.23125 0.46171875 0.0296875 0.03125
1 0.34296875 0.4890625 0.0359375 0.0671875
1 0.4140625 0.54140625 0.0328125 0.059375
1 0.51875 0.52109375 0.0359375 0.078125
1 0.52578125 0.4875 0.0328125 0.0625
1 0.57265625 0.5140625 0.03125 0.0671875
1 0.65078125 0.496875 0.0140625 0.0734375
1 0.809375 0.5484375 0.0375 0.08125
1 0.84375 0.55 0.0359375 0.0765625
0 0.62890625 0.5140625 0.0296875 0.0734375
0 0.6 0.5 0.0265625 0.0734375
0 0.55 0.496875 0.015625 0.075
0 0.31875 0.5859375 0.0375 0.0828125