0 0.1734375 0.53203125 0.03046875 0.06875
1 0.19375 0.49765625 0.0171875 0.075
0 0.2171875 0.51953125 0.0296875 0.0625
1 0.23046875 0.46640625 0.02890625 0.03125
1 0.34296875 0.4921875 0.034375 0.0671875
1 0.41484375 0.54296875 0.03203125 0.05859375
1 0.51875 0.52109375 0.03515625 0.07734375
1 0.52578125 0.48671875 0.03125 0.0625
1 0.57265625 0.5125 0.0296875 0.06640625
1 0.65078125 0.49453125 0.0125 0.07265625
1 0.81015625 0.54296875 0.03671875 0.08125
1 0.84453125 0.54375 0.034375 0.0765625
0 0.62890625 0.51171875 0.02890625 0.07265625
0 0.6 0.4984375 0.025 0.07265625
0 0.55 0.49609375 0.01484375 0.07421875
0 0.3203125 0.5890625 0.03671875 0.08203125