0 0.1765625 0.44609375 0.046875 0.075
1 0.2046875 0.41875 0.0359375 0.0765625
0 0.221875 0.4453125 0.0453125 0.06875
1 0.2484375 0.39765625 0.0359375 0.0375
1 0.35 0.4515625 0.05 0.0734375
1 0.40625 0.51953125 0.046875 0.065625
1 0.5125 0.525 0.0546875 0.084375
1 0.528125 0.49375 0.046875 0.06875
1 0.5671875 0.53125 0.0453125 0.071875
1 0.646875 0.53359375 0.03125 0.0734375
1 0.78828125 0.621875 0.05625 0.0875
1 0.82109375 0.63125 0.053125 0.0828125
0 0.62109375 0.54453125 0.046875 0.078125
0 0.596875 0.52421875 0.0421875 0.0765625
0 0.54921875 0.509375 0.0328125 0.075
0 0.303125 0.53984375 0.05625 0.0890625