0 0.16953125 0.46171875 0.04375 0.0828125
1 0.1984375 0.43359375 0.028125 0.06875
0 0.215625 0.4578125 0.0390625 0.0703125
1 0.23671875 0.40859375 0.040625 0.04375
0 0.30625 0.54609375 0.046875 0.0828125
1 0.34296875 0.45390625 0.04375 0.08125
1 0.40859375 0.52421875 0.04375 0.0796875
1 0.51328125 0.5109375 0.0453125 0.08125
1 0.528125 0.46328125 0.034375 0.0453125
1 0.56796875 0.50859375 0.040625 0.0796875
0 0.5484375 0.490625 0.028125 0.078125
0 0.59765625 0.50078125 0.0375 0.0796875
0 0.62265625 0.51953125 0.04375 0.0796875
1 0.64921875 0.4921875 0.025 0.0578125
1 0.796875 0.57578125 0.05 0.0984375
1 0.8328125 0.584375 0.0453125 0.0796875