0 0.16796875 0.5140625 0.03203125 0.078125
1 0.19140625 0.48125 0.01796875 0.0671875
0 0.2125 0.503125 0.0296875 0.06640625
1 0.22578125 0.45078125 0.034375 0.03828125
0 0.315625 0.57578125 0.03515625 0.078125
1 0.3375 0.47890625 0.0328125 0.0765625
1 0.41328125 0.53828125 0.0328125 0.07578125
1 0.51484375 0.50859375 0.034375 0.07734375
1 0.521875 0.459375 0.02890625 0.04140625
1 0.56875 0.49765625 0.02890625 0.0765625
0 0.54609375 0.4828125 0.0171875 0.07578125
0 0.596875 0.48515625 0.0265625 0.0765625
0 0.62421875 0.5 0.03203125 0.075
1 0.64609375 0.46875 0.0171875 0.05625
1 0.8046875 0.528125 0.0359375 0.09375
1 0.8421875 0.53125 0.03359375 0.075