0 0.63828125 0.43359375 0.034375 0.0734375
0 0.61015625 0.41875 0.034375 0.0765625
0 0.56015625 0.4109375 0.015625 0.0671875
0 0.32265625 0.48828125 0.0390625 0.0828125
0 0.225 0.40859375 0.0375 0.0671875
0 0.18046875 0.41953125 0.040625 0.0703125
1 0.2 0.36640625 0.0234375 0.034375
1 0.240625 0.35703125 0.03125 0.0296875
1 0.2609375 0.3921875 0.0375 0.0796875
1 0.35234375 0.3953125 0.0375 0.0734375
1 0.421875 0.45859375 0.04375 0.0875
1 0.5265625 0.4328125 0.0359375 0.075
1 0.53671875 0.396875 0.0328125 0.05625
1 0.58046875 0.428125 0.0328125 0.071875
1 0.6609375 0.4109375 0.01875 0.0703125
1 0.8171875 0.47109375 0.0390625 0.0859375
1 0.85 0.4765625 0.0390625 0.0859375