0 0.6421875 0.44140625 0.0375 0.075
0 0.6140625 0.42421875 0.0375 0.0765625
0 0.56484375 0.4140625 0.01875 0.06875
0 0.32421875 0.47890625 0.04375 0.084375
0 0.23046875 0.39453125 0.040625 0.06875
0 0.18515625 0.403125 0.0453125 0.071875
1 0.20703125 0.35078125 0.0265625 0.0359375
1 0.2484375 0.34375 0.0328125 0.03125
1 0.26640625 0.3796875 0.040625 0.08125
1 0.3578125 0.38828125 0.040625 0.075
1 0.42421875 0.4546875 0.0484375 0.0890625
1 0.53046875 0.434375 0.040625 0.0765625
1 0.5421875 0.39921875 0.0359375 0.0578125
1 0.58359375 0.43203125 0.0359375 0.0734375
1 0.665625 0.41953125 0.021875 0.0703125
1 0.81796875 0.4875 0.04375 0.0875
1 0.85078125 0.4953125 0.0421875 0.0875