0 0.63359375 0.42421875 0.02890625 0.071875
0 0.60390625 0.4109375 0.02890625 0.07421875
0 0.55390625 0.40703125 0.0109375 0.0671875
0 0.32265625 0.50078125 0.03359375 0.08046875
0 0.21953125 0.428125 0.0328125 0.06484375
0 0.17578125 0.4421875 0.03671875 0.0671875
1 0.19140625 0.3875 0.021875 0.03359375
1 0.23125 0.37578125 0.02890625 0.028125
1 0.25390625 0.409375 0.03203125 0.07734375
1 0.3453125 0.40625 0.03203125 0.07109375
1 0.41953125 0.4640625 0.03828125 0.08515625
1 0.521875 0.43125 0.03125 0.0734375
1 0.5296875 0.39453125 0.02890625 0.0546875
1 0.575 0.42265625 0.02734375 0.0703125
1 0.6546875 0.4 0.0140625 0.06875
1 0.8140625 0.44921875 0.03359375 0.08359375
1 0.84765625 0.45234375 0.0328125 0.08359375