2 0.4921875 0.90546875 0.0640625 0.0953125
0 0.3390625 0.5859375 0.0484375 0.0828125
0 0.18203125 0.56171875 0.05 0.0765625
0 0.22109375 0.53359375 0.0453125 0.071875
0 0.54375 0.446875 0.0296875 0.0765625
0 0.59296875 0.4375 0.0421875 0.084375
0 0.625 0.44296875 0.046875 0.0734375
1 0.840625 0.425 0.0515625 0.0859375
1 0.80703125 0.43203125 0.0484375 0.0859375
1 0.62890625 0.396875 0.0328125 0.028125
1 0.56875 0.4546875 0.046875 0.08125
1 0.51796875 0.47578125 0.0515625 0.08125
1 0.51875 0.43984375 0.0421875 0.0671875
1 0.4265625 0.528125 0.0515625 0.084375
1 0.34140625 0.48984375 0.0484375 0.08125
1 0.25 0.50859375 0.0453125 0.075
1 0.22109375 0.48203125 0.0296875 0.0296875
1 0.19765625 0.5203125 0.0265625 0.071875
2 0.49296875 0.90859375 0.0640625 0.109375