2 0.32734375 0.8671875 0.0640625 0.0953125
0 0.31796875 0.51328125 0.0484375 0.0828125
0 0.184375 0.42734375 0.05 0.0765625
0 0.23125 0.4171875 0.0453125 0.071875
0 0.56171875 0.46953125 0.0296875 0.0765625
0 0.61015625 0.48046875 0.0421875 0.084375
0 0.6375 0.49921875 0.046875 0.0734375
1 0.84140625 0.5703125 0.0515625 0.0859375
1 0.8078125 0.56328125 0.0484375 0.0859375
1 0.66015625 0.4578125 0.0328125 0.028125
1 0.58125 0.48671875 0.046875 0.08125
1 0.5265625 0.48515625 0.0515625 0.08125
1 0.54140625 0.453125 0.0421875 0.0671875
1 0.421875 0.49609375 0.0515625 0.084375
1 0.359375 0.42578125 0.0484375 0.08125
1 0.26875 0.40625 0.0453125 0.075
1 0.253125 0.3703125 0.0296875 0.0296875
1 0.215625 0.3953125 0.0265625 0.071875
2 0.32734375 0.8703125 0.0640625 0.109375