2 0.4078125 0.8953125 0.04609375 0.08828125
0 0.325 0.55078125 0.03359375 0.078125
0 0.17578125 0.49453125 0.0359375 0.0703125
0 0.2203125 0.475 0.03203125 0.0671875
0 0.55390625 0.45703125 0.0140625 0.07578125
0 0.60390625 0.4578125 0.0265625 0.08046875
0 0.634375 0.4703125 0.03359375 0.06796875
1 0.8484375 0.49765625 0.03515625 0.08046875
1 0.8140625 0.49765625 0.0328125 0.08046875
1 0.64765625 0.42578125 0.028125 0.02265625
1 0.5765625 0.4703125 0.03125 0.07578125
1 0.52265625 0.4796875 0.03671875 0.07578125
1 0.53046875 0.4453125 0.03046875 0.0625
1 0.42265625 0.5125 0.03515625 0.07890625
1 0.346875 0.45703125 0.03359375 0.0765625
1 0.25390625 0.45625 0.03125 0.0703125
1 0.23125 0.42421875 0.02421875 0.02578125
1 0.2 0.45703125 0.0125 0.0703125
2 0.4078125 0.8984375 0.04375 0.10234375