1 0.38984375 0.421875 0.0421875 0.0953125
1 0.30859375 0.3796875 0.0421875 0.075
1 0.21796875 0.3890625 0.040625 0.0765625
1 0.19140625 0.3609375 0.028125 0.0296875
1 0.165625 0.39765625 0.025 0.075
1 0.48828125 0.378125 0.040625 0.0796875
1 0.48828125 0.3375 0.0359375 0.0625
1 0.53984375 0.3609375 0.040625 0.0625
1 0.61484375 0.36171875 0.0421875 0.0671875
1 0.60390625 0.303125 0.025 0.025
1 0.7796875 0.3546875 0.046875 0.0921875
1 0.8140625 0.35234375 0.0453125 0.084375
0 0.55390625 0.4328125 0.0453125 0.084375
0 0.56640625 0.3453125 0.0375 0.0796875
0 0.5890625 0.3484375 0.025 0.078125
0 0.51484375 0.34453125 0.0234375 0.06875
0 0.275 0.5734375 0.046875 0.0859375
0 0.1890625 0.41484375 0.0390625 0.0765625
0 0.146875 0.4328125 0.0421875 0.075
2 0.43125 0.80390625 0.0546875 0.096875
2 0.603125 0.7859375 0.05625 0.0984375