1 0.3984375 0.41015625 0.0328125 0.0921875
1 0.32265625 0.36015625 0.034375 0.071875
1 0.23125 0.36015625 0.034375 0.0734375
1 0.2078125 0.3296875 0.0265625 0.028125
1 0.178125 0.36328125 0.0171875 0.0734375
1 0.5015625 0.37734375 0.0328125 0.078125
1 0.50546875 0.3375 0.0296875 0.059375
1 0.55390625 0.365625 0.034375 0.059375
1 0.628125 0.37421875 0.0359375 0.0640625
1 0.62421875 0.31484375 0.021875 0.0234375
1 0.79296875 0.38515625 0.0375 0.0890625
1 0.82734375 0.3859375 0.0375 0.08125
0 0.56015625 0.43828125 0.0375 0.08125
0 0.5828125 0.353125 0.0296875 0.078125
0 0.6046875 0.35859375 0.0171875 0.078125
0 0.53046875 0.34765625 0.0171875 0.06875
0 0.26875 0.54921875 0.0390625 0.0828125
0 0.2 0.3828125 0.03125 0.075
0 0.15546875 0.39609375 0.0359375 0.071875
2 0.4 0.7953125 0.0453125 0.09375
2 0.57265625 0.7953125 0.046875 0.0953125