1 0.4015625 0.40703125 0.0296875 0.09140625
1 0.32734375 0.35390625 0.03203125 0.07109375
1 0.2359375 0.35078125 0.03125 0.07265625
1 0.2140625 0.31953125 0.025 0.0265625
1 0.1828125 0.35234375 0.01484375 0.0734375
1 0.50546875 0.37734375 0.03046875 0.0765625
1 0.5109375 0.3375 0.028125 0.05859375
1 0.55859375 0.36796875 0.0328125 0.05859375
1 0.6328125 0.37890625 0.034375 0.0625
1 0.63046875 0.31953125 0.021875 0.02265625
1 0.796875 0.3953125 0.03515625 0.08828125
1 0.83125 0.39765625 0.034375 0.08046875
0 0.5625 0.440625 0.034375 0.0796875
0 0.5875 0.35625 0.0265625 0.0765625
0 0.609375 0.3625 0.01484375 0.07734375
0 0.5359375 0.3484375 0.0140625 0.06796875
0 0.2671875 0.54140625 0.0359375 0.08203125
0 0.20390625 0.37265625 0.02890625 0.0734375
0 0.159375 0.384375 0.0328125 0.07109375
2 0.38984375 0.79140625 0.0421875 0.0921875
2 0.5625 0.79765625 0.04296875 0.09375