2 0.384375 0.76015625 0.04296875 0.09609375
2 0.55625 0.76328125 0.04453125 0.090625
0 0.15234375 0.35703125 0.03125 0.0703125
0 0.20234375 0.3515625 0.0328125 0.08046875
0 0.19296875 0.325 0.021875 0.05625
1 0.17421875 0.3203125 0.01484375 0.07109375
1 0.23203125 0.31796875 0.0265625 0.07421875
1 0.2078125 0.28671875 0.02578125 0.028125
1 0.321875 0.31796875 0.03515625 0.078125
1 0.39765625 0.3734375 0.03515625 0.0796875
1 0.4984375 0.34765625 0.0328125 0.07734375
1 0.5046875 0.30859375 0.03125 0.0640625
1 0.55234375 0.33359375 0.03359375 0.05859375
1 0.6328125 0.35625 0.0328125 0.06796875
1 0.62421875 0.2921875 0.0171875 0.0265625
0 0.5546875 0.41640625 0.034375 0.0828125
0 0.53046875 0.315625 0.01015625 0.06328125
0 0.58125 0.31796875 0.025 0.071875
0 0.60546875 0.3265625 0.021875 0.06953125
1 0.790625 0.3625 0.03203125 0.07890625
1 0.82421875 0.3609375 0.034375 0.075