2 0.44609375 0.7796875 0.0640625 0.103125
2 0.6140625 0.74375 0.0640625 0.0984375
0 0.12890625 0.4390625 0.046875 0.075
0 0.1765625 0.42265625 0.05 0.0859375
0 0.16171875 0.3984375 0.034375 0.059375
1 0.1421875 0.3984375 0.0296875 0.071875
1 0.19765625 0.3828125 0.0421875 0.078125
1 0.1671875 0.3578125 0.03125 0.0328125
1 0.28515625 0.3625 0.0515625 0.084375
1 0.371875 0.4 0.0515625 0.0859375
1 0.4640625 0.3515625 0.05 0.0828125
1 0.46171875 0.3125 0.0453125 0.06875
1 0.51328125 0.32578125 0.0453125 0.0640625
1 0.596875 0.3296875 0.046875 0.0734375
1 0.57421875 0.26953125 0.0234375 0.0296875
0 0.534375 0.40625 0.0515625 0.0890625
0 0.48828125 0.31328125 0.0234375 0.0640625
0 0.53828125 0.3046875 0.040625 0.075
0 0.5640625 0.30703125 0.0375 0.0734375
1 0.75234375 0.30078125 0.0484375 0.084375
1 0.784375 0.29140625 0.05 0.08125