2 0.36640625 0.7515625 0.05 0.0984375
2 0.5375 0.76640625 0.05 0.09375
0 0.16328125 0.3328125 0.0359375 0.071875
0 0.21328125 0.33125 0.0390625 0.0828125
0 0.20625 0.30390625 0.025 0.0578125
1 0.1875 0.29765625 0.0203125 0.071875
1 0.2453125 0.3 0.03125 0.0765625
1 0.2234375 0.2671875 0.028125 0.0296875
1 0.33515625 0.30625 0.040625 0.0796875
1 0.40703125 0.36640625 0.040625 0.08125
1 0.509375 0.34765625 0.0375 0.0796875
1 0.51796875 0.309375 0.0359375 0.065625
1 0.5640625 0.3375 0.0375 0.0609375
1 0.6421875 0.365625 0.0375 0.0703125
1 0.63828125 0.3015625 0.01875 0.028125
0 0.56015625 0.4203125 0.040625 0.084375
0 0.54296875 0.31796875 0.0140625 0.0640625
0 0.59375 0.32421875 0.0296875 0.0734375
0 0.6171875 0.334375 0.0265625 0.0703125
1 0.79921875 0.3828125 0.0375 0.08125
1 0.8328125 0.38359375 0.0390625 0.0765625