2 0.32265625 0.2015625 0.125 0.1453125
2 0.340625 0.1015625 0.0890625 0.0921875
2 0.78984375 0.1640625 0.0859375 0.0921875
2 0.4640625 0.0859375 0.0546875 0.0875
1 0.40546875 0.096875 0.0796875 0.0953125
1 0.39296875 0.05234375 0.0578125 0.0453125
1 0.5609375 0.2640625 0.1234375 0.146875
1 0.50703125 0.11328125 0.0765625 0.09375
1 0.5484375 0.0828125 0.06875 0.075
1 0.665625 0.14765625 0.075 0.0859375
1 0.60703125 0.121875 0.0703125 0.084375
1 0.71328125 0.14765625 0.06875 0.0921875
1 0.6796875 0.096875 0.0515625 0.0375
1 0.646875 0.084375 0.053125 0.0546875