2 0.1859375 0.375 0.1296875 0.1625
2 0.1671875 0.25078125 0.1 0.1078125
2 0.28203125 0.159375 0.053125 0.090625
2 0.6421875 0.09375 0.0796875 0.09375
1 0.46640625 0.315625 0.134375 0.1640625
1 0.51484375 0.134375 0.0859375 0.090625
1 0.5625 0.10859375 0.0671875 0.0875
1 0.50546875 0.0890625 0.0546875 0.046875
1 0.4703125 0.08046875 0.0625 0.0640625
1 0.440625 0.14296875 0.08125 0.10625
1 0.34296875 0.17890625 0.078125 0.103125
1 0.3703125 0.13046875 0.075 0.0859375
1 0.23984375 0.2109375 0.08125 0.109375
1 0.2015625 0.16796875 0.071875 0.06875