1 0.5265625 0.29140625 0.1203125 0.15625
1 0.63125 0.1484375 0.075 0.090625
1 0.67734375 0.13046875 0.0640625 0.0765625
1 0.63359375 0.09453125 0.053125 0.0515625
1 0.603125 0.0875 0.05625 0.0625
1 0.56171875 0.1296875 0.0765625 0.090625
1 0.49765625 0.0953125 0.059375 0.0796875
1 0.45859375 0.1265625 0.0640625 0.08125
1 0.3578125 0.12578125 0.0765625 0.1
1 0.334375 0.08203125 0.0625 0.0578125
2 0.26640625 0.24921875 0.128125 0.1515625
2 0.284375 0.134375 0.0875 0.0953125
2 0.41171875 0.10546875 0.05 0.0875
2 0.7578125 0.14609375 0.08125 0.0953125