2 0.24765625 0.2625 0.10625 0.13125
2 0.23671875 0.1609375 0.078125 0.08125
2 0.6859375 0.096875 0.0734375 0.08125
2 0.3515625 0.11171875 0.0421875 0.0828125
1 0.29765625 0.13828125 0.0671875 0.0859375
1 0.27421875 0.0984375 0.053125 0.0375
1 0.49375 0.25625 0.103125 0.134375
1 0.40078125 0.1265625 0.0640625 0.0859375
1 0.43125 0.0859375 0.059375 0.065625
1 0.56171875 0.115625 0.0640625 0.0765625
1 0.49921875 0.10703125 0.0578125 0.0765625
1 0.60859375 0.10234375 0.05625 0.084375
1 0.56171875 0.06328125 0.046875 0.0296875
1 0.5265625 0.059375 0.046875 0.0484375