1 0.50390625 0.3390625 0.13046875 0.17265625
1 0.27890625 0.13984375 0.07578125 0.09921875
1 0.24921875 0.0953125 0.0640625 0.07109375
1 0.39765625 0.13359375 0.07109375 0.0953125
1 0.5984375 0.13125 0.075 0.1
1 0.5171875 0.11171875 0.065625 0.1
1 0.4390625 0.08359375 0.059375 0.0796875
1 0.64921875 0.103125 0.0625 0.0875
1 0.6 0.06640625 0.059375 0.0421875
1 0.56015625 0.06640625 0.05234375 0.0609375
2 0.17265625 0.33125 0.13671875 0.1671875
2 0.19296875 0.18125 0.09296875 0.11640625
2 0.3421875 0.103125 0.05625 0.08984375
2 0.74453125 0.10390625 0.07265625 0.09453125