1 0.50078125 0.28984375 0.10390625 0.14453125
1 0.5875 0.13515625 0.06484375 0.0828125
1 0.63125 0.11171875 0.05625 0.06953125
1 0.5828125 0.08125 0.0484375 0.04609375
1 0.55234375 0.078125 0.05 0.05625
1 0.51640625 0.125 0.06640625 0.0828125
1 0.4484375 0.0984375 0.0515625 0.0734375
1 0.41328125 0.134375 0.0546875 0.075
1 0.31328125 0.14609375 0.06640625 0.09296875
1 0.284375 0.10546875 0.05625 0.05078125
2 0.2375 0.2796875 0.11171875 0.13828125
2 0.24140625 0.16328125 0.078125 0.0859375
2 0.3640625 0.11953125 0.03984375 0.08359375
2 0.7125 0.1171875 0.07109375 0.0875