1 0.47578125 0.340625 0.1578125 0.1921875
1 0.21953125 0.18359375 0.0921875 0.1109375
1 0.1828125 0.1453125 0.075 0.08125
1 0.3359375 0.15703125 0.0859375 0.10625
1 0.5328125 0.11953125 0.090625 0.1109375
1 0.44921875 0.11484375 0.08125 0.109375
1 0.36796875 0.10078125 0.071875 0.0890625
1 0.578125 0.08359375 0.0765625 0.096875
1 0.5234375 0.05546875 0.065625 0.0515625
1 0.48359375 0.0625 0.0625 0.06875
2 0.1484375 0.390625 0.1640625 0.1890625
2 0.1421875 0.2390625 0.1125 0.13125
2 0.27578125 0.13671875 0.0703125 0.0984375
2 0.671875 0.0671875 0.0875 0.10625