1 0.43125 0.45390625 0.18984375 0.24765625
1 0.18828125 0.11953125 0.10234375 0.1390625
1 0.1703125 0.059375 0.08671875 0.0484375
1 0.346875 0.1109375 0.09765625 0.1234375
1 0.60234375 0.10078125 0.1015625 0.13046875
1 0.67109375 0.0875 0.0765625 0.10078125
1 0.49921875 0.08984375 0.08984375 0.109375
1 0.4078125 0.06484375 0.07890625 0.05625
2 0.02578125 0.4453125 0.0515625 0.221875
2 0.06796875 0.17734375 0.1265625 0.15703125
2 0.2703125 0.0875 0.0484375 0.10390625
2 0.7828125 0.0765625 0.09375 0.0859375