2 0.79296875 0.15859375 0.0796875 0.0921875
2 0.46171875 0.0828125 0.05 0.078125
2 0.328125 0.1984375 0.1171875 0.1328125
2 0.34765625 0.09921875 0.0875 0.0859375
1 0.5640625 0.25703125 0.1265625 0.1484375
1 0.41171875 0.09609375 0.075 0.084375
1 0.3984375 0.053125 0.0625 0.053125
1 0.7140625 0.14375 0.065625 0.0890625
1 0.5125 0.11484375 0.075 0.0859375
1 0.54765625 0.08984375 0.06875 0.08125
1 0.6046875 0.12265625 0.075 0.0859375
1 0.671875 0.14765625 0.0671875 0.08125
1 0.68125 0.09921875 0.053125 0.0390625
1 0.6515625 0.08515625 0.0515625 0.0546875