1 0.5515625 0.29609375 0.1359375 0.165625
1 0.6734375 0.1671875 0.0828125 0.0953125
1 0.72109375 0.1546875 0.071875 0.08125
1 0.68203125 0.1140625 0.0578125 0.05625
1 0.653125 0.103125 0.0625 0.0671875
1 0.60625 0.13984375 0.084375 0.096875
1 0.546875 0.09765625 0.0671875 0.084375
1 0.5046875 0.12421875 0.071875 0.0859375
1 0.4046875 0.11171875 0.0875 0.10625
1 0.3859375 0.06484375 0.0671875 0.0625
2 0.2984375 0.22265625 0.1421875 0.1609375
2 0.33046875 0.1109375 0.096875 0.1015625
2 0.46015625 0.09765625 0.059375 0.090625
2 0.7984375 0.1796875 0.090625 0.1015625