2 0.26796875 0.25390625 0.1359375 0.165625
2 0.30390625 0.13359375 0.1046875 0.1109375
2 0.44609375 0.09921875 0.0578125 0.090625
2 0.80078125 0.19140625 0.0828125 0.0953125
1 0.54765625 0.31875 0.140625 0.1671875
1 0.66796875 0.175 0.0890625 0.09375
1 0.721875 0.17109375 0.0703125 0.0890625
1 0.678125 0.1296875 0.05625 0.0484375
1 0.65 0.1078125 0.0640625 0.065625
1 0.59765625 0.1515625 0.0859375 0.109375
1 0.49296875 0.1421875 0.08125 0.10625
1 0.53828125 0.11015625 0.078125 0.0875
1 0.38671875 0.128125 0.0859375 0.1125
1 0.36953125 0.07265625 0.0734375 0.0703125