2 0.31015625 0.11875 0.06640625 0.0921875
2 0.16875 0.0734375 0.05234375 0.07265625
2 0.8078125 0.121875 0.0515625 0.0921875
2 0.959375 0.103125 0.06640625 0.08359375
1 0.73984375 0.25234375 0.10390625 0.12734375
1 0.97734375 0.31796875 0.0453125 0.14375
1 0.646875 0.14140625 0.071875 0.0859375
1 0.53671875 0.10703125 0.0625 0.0796875
1 0.38046875 0.1078125 0.05859375 0.07734375
1 0.7515625 0.12734375 0.0671875 0.090625
1 0.684375 0.1078125 0.0578125 0.07421875
1 0.64609375 0.07734375 0.05390625 0.04375