2 0.68046875 0.08828125 0.06875 0.084375
2 0.34140625 0.1125 0.040625 0.075
2 0.24765625 0.26171875 0.1015625 0.121875
2 0.2375 0.1609375 0.078125 0.0765625
1 0.490625 0.24921875 0.109375 0.1359375
1 0.29765625 0.13984375 0.065625 0.0765625
1 0.27265625 0.10234375 0.0578125 0.0453125
1 0.6 0.096875 0.0546875 0.084375
1 0.39921875 0.128125 0.065625 0.0796875
1 0.42578125 0.09375 0.059375 0.0734375
1 0.48984375 0.10859375 0.065625 0.0796875
1 0.56171875 0.1125 0.0578125 0.075
1 0.55625 0.0640625 0.0484375 0.0328125
1 0.52421875 0.05859375 0.0453125 0.0484375