2 0.1078125 0.44453125 0.20859375 0.24609375
2 0.2015625 0.16640625 0.1296875 0.15625
2 0.39921875 0.0796875 0.053125 0.09140625
2 0.95078125 0.07890625 0.0984375 0.0921875
1 0.615625 0.4890625 0.20703125 0.2765625
1 0.32421875 0.10859375 0.10078125 0.1296875
1 0.303125 0.05703125 0.09375 0.0421875
1 0.4796875 0.1 0.09296875 0.121875
1 0.75390625 0.1 0.11171875 0.12578125
1 0.6421875 0.0859375 0.10078125 0.10078125
1 0.5484375 0.0609375 0.0578125 0.0546875
1 0.83125 0.084375 0.07265625 0.0984375