1 0.52890625 0.34140625 0.15625 0.190625
1 0.33828125 0.109375 0.090625 0.109375
1 0.315625 0.0609375 0.075 0.0796875
1 0.45625 0.121875 0.084375 0.1046875
1 0.6546875 0.1515625 0.0890625 0.1109375
1 0.57734375 0.11953125 0.0796875 0.109375
1 0.5046875 0.07890625 0.071875 0.0875
1 0.709375 0.13125 0.075 0.096875
1 0.66640625 0.0875 0.065625 0.0515625
1 0.62734375 0.08125 0.0609375 0.06875
2 0.203125 0.28203125 0.1609375 0.1859375
2 0.246875 0.1375 0.109375 0.1296875
2 0.40625 0.08359375 0.0703125 0.096875
2 0.803125 0.146875 0.0859375 0.1046875