2 0.35078125 0.10078125 0.075 0.0984375
2 0.21484375 0.04140625 0.059375 0.078125
2 0.8453125 0.15625 0.0609375 0.096875
2 0.98046875 0.153125 0.0390625 0.090625
1 0.7640625 0.27890625 0.1171875 0.1375
1 0.98203125 0.36796875 0.0359375 0.1484375
1 0.68359375 0.15859375 0.0796875 0.09375
1 0.57734375 0.11328125 0.0703125 0.0859375
1 0.421875 0.09765625 0.065625 0.0828125
1 0.7890625 0.15546875 0.0765625 0.096875
1 0.72421875 0.12890625 0.065625 0.0796875
1 0.68984375 0.0953125 0.0578125 0.0484375