2 0.60625 0.06328125 0.08125 0.09375
2 0.2765625 0.14609375 0.0515625 0.0796875
2 0.21015625 0.309375 0.11875 0.134375
2 0.1828125 0.21171875 0.0890625 0.0875
1 0.446875 0.2546875 0.128125 0.15
1 0.23828125 0.18046875 0.0765625 0.084375
1 0.20703125 0.14765625 0.0625 0.0546875
1 0.52890625 0.08515625 0.0671875 0.090625
1 0.33671875 0.15078125 0.0765625 0.0875
1 0.35625 0.11328125 0.0703125 0.08125
1 0.421875 0.11640625 0.0765625 0.0875
1 0.49296875 0.1078125 0.06875 0.08125
1 0.4796875 0.0609375 0.053125 0.040625
1 0.446875 0.06171875 0.0515625 0.0546875