1 0.51953125 0.44765625 0.18671875 0.25703125
1 0.2578125 0.11875 0.09765625 0.128125
1 0.2296875 0.06484375 0.0921875 0.06328125
1 0.41015625 0.10078125 0.08125 0.13125
1 0.65546875 0.096875 0.1015625 0.12890625
1 0.559375 0.08828125 0.0828125 0.103125
1 0.46328125 0.06015625 0.06796875 0.04921875
1 0.7265625 0.08125 0.07578125 0.1
2 0.14140625 0.16875 0.1203125 0.1484375
2 0.0734375 0.421875 0.146875 0.23515625
2 0.3359375 0.08203125 0.05625 0.1015625
2 0.84140625 0.08046875 0.09375 0.09296875