2 0.70859375 0.1015625 0.06328125 0.08046875
2 0.36875 0.10234375 0.03515625 0.07265625
2 0.26484375 0.24453125 0.09375 0.11484375
2 0.26171875 0.14375 0.0734375 0.071875
1 0.5078125 0.24921875 0.1 0.12890625
1 0.3234375 0.1265625 0.06015625 0.07265625
1 0.30078125 0.0875 0.0546875 0.0421875
1 0.628125 0.1046875 0.04921875 0.08046875
1 0.42578125 0.121875 0.06015625 0.075
1 0.45390625 0.08984375 0.0546875 0.0703125
1 0.5171875 0.10859375 0.06015625 0.075
1 0.58828125 0.11796875 0.053125 0.07109375
1 0.58671875 0.06875 0.046875 0.0296875
1 0.5546875 0.06171875 0.0421875 0.04609375