2 0.26015625 0.24921875 0.1 0.12578125
2 0.2546875 0.14765625 0.07421875 0.07734375
2 0.70703125 0.10703125 0.06953125 0.078125
2 0.371875 0.1046875 0.03828125 0.08046875
1 0.3171875 0.128125 0.0625 0.0828125
1 0.2953125 0.0875 0.05078125 0.03515625
1 0.50625 0.25625 0.096875 0.12890625
1 0.4203125 0.121875 0.06015625 0.0828125
1 0.453125 0.0828125 0.05625 0.06328125
1 0.58203125 0.11953125 0.06015625 0.07421875
1 0.51953125 0.1078125 0.0546875 0.0734375
1 0.62890625 0.10859375 0.0515625 0.08203125
1 0.584375 0.0671875 0.04609375 0.02734375
1 0.54921875 0.06171875 0.04453125 0.04609375