2 0.23984375 0.28359375 0.1203125 0.15625
2 0.2609375 0.16015625 0.0953125 0.103125
2 0.39765625 0.10859375 0.0484375 0.0890625
2 0.7609375 0.15703125 0.075 0.090625
1 0.525 0.3140625 0.125 0.1578125
1 0.62734375 0.15703125 0.08125 0.0859375
1 0.68046875 0.146875 0.0625 0.084375
1 0.63203125 0.1109375 0.0515625 0.04375
1 0.6015625 0.0921875 0.059375 0.0609375
1 0.55390625 0.1421875 0.0765625 0.103125
1 0.45 0.14609375 0.071875 0.1
1 0.490625 0.10859375 0.0703125 0.08125
1 0.3421875 0.14453125 0.075 0.10625
1 0.31875 0.0921875 0.06875 0.065625