1 0.45 0.29609375 0.1359375 0.165625
1 0.496875 0.125 0.0828125 0.0953125
1 0.53359375 0.09140625 0.071875 0.08125
1 0.47890625 0.0734375 0.0578125 0.05625
1 0.4484375 0.078125 0.0625 0.0671875
1 0.425 0.13203125 0.084375 0.096875
1 0.353125 0.12265625 0.0671875 0.084375
1 0.32734375 0.16640625 0.071875 0.0859375
1 0.23359375 0.2015625 0.0875 0.10625
1 0.1953125 0.16953125 0.0671875 0.0625
2 0.1921875 0.35 0.1421875 0.1609375
2 0.16796875 0.2359375 0.096875 0.1015625
2 0.27578125 0.1640625 0.059375 0.090625
2 0.61328125 0.07734375 0.090625 0.1015625