2 0.215625 0.3171875 0.10390625 0.1453125
2 0.22109375 0.1921875 0.084375 0.09375
2 0.35078125 0.12421875 0.03828125 0.084375
2 0.7171875 0.128125 0.06484375 0.0828125
1 0.50234375 0.3125 0.1078125 0.14609375
1 0.584375 0.14375 0.071875 0.078125
1 0.6359375 0.12734375 0.053125 0.078125
1 0.58359375 0.09765625 0.04765625 0.03828125
1 0.55078125 0.0828125 0.05234375 0.0546875
1 0.51015625 0.13828125 0.06484375 0.09609375
1 0.40703125 0.1546875 0.0609375 0.09375
1 0.44296875 0.1125 0.06171875 0.075
1 0.3 0.16640625 0.0640625 0.09921875
1 0.2703125 0.1171875 0.06171875 0.0578125