2 0.25546875 0.253125 0.1015625 0.128125
2 0.2484375 0.15234375 0.075 0.078125
2 0.7 0.103125 0.0703125 0.0796875
2 0.36484375 0.10703125 0.0390625 0.08125
1 0.3109375 0.13125 0.0640625 0.084375
1 0.28828125 0.09140625 0.0515625 0.0359375
1 0.50234375 0.25625 0.0984375 0.13125
1 0.4140625 0.1234375 0.0609375 0.084375
1 0.44609375 0.08359375 0.0578125 0.0640625
1 0.575 0.11796875 0.0609375 0.075
1 0.5125 0.1078125 0.05625 0.075
1 0.621875 0.10625 0.053125 0.0828125
1 0.5765625 0.065625 0.046875 0.028125
1 0.54140625 0.0609375 0.0453125 0.046875