2 0.2640625 0.2578125 0.134375 0.165625
2 0.29765625 0.1375 0.103125 0.1109375
2 0.4390625 0.1 0.05625 0.090625
2 0.7953125 0.18671875 0.08125 0.0953125
1 0.54453125 0.31796875 0.1375 0.1671875
1 0.6625 0.171875 0.0875 0.0921875
1 0.71640625 0.1671875 0.06875 0.0875
1 0.671875 0.1265625 0.0546875 0.0484375
1 0.64296875 0.1046875 0.0640625 0.065625
1 0.59140625 0.15 0.084375 0.1078125
1 0.48671875 0.14296875 0.0796875 0.1046875
1 0.53125 0.109375 0.0765625 0.0875
1 0.38046875 0.1296875 0.084375 0.1109375
1 0.3625 0.075 0.0734375 0.0703125