1 0.5265625 0.34140625 0.153125 0.1890625
1 0.33125 0.1125 0.0890625 0.109375
1 0.3078125 0.0640625 0.0734375 0.0796875
1 0.45 0.12265625 0.084375 0.1046875
1 0.6484375 0.1484375 0.0875 0.109375
1 0.57109375 0.11796875 0.078125 0.1078125
1 0.49765625 0.07890625 0.0703125 0.0875
1 0.703125 0.128125 0.0734375 0.0953125
1 0.659375 0.084375 0.0640625 0.05
1 0.61953125 0.07890625 0.0609375 0.0671875
2 0.19921875 0.2875 0.159375 0.184375
2 0.240625 0.14140625 0.1078125 0.128125
2 0.39921875 0.08515625 0.06875 0.096875
2 0.79765625 0.14140625 0.084375 0.103125