2 0.21640625 0.29921875 0.121875 0.1421875
2 0.1921875 0.20078125 0.0875 0.090625
2 0.628125 0.075 0.0828125 0.090625
2 0.2984375 0.13671875 0.053125 0.0859375
1 0.24921875 0.16953125 0.0765625 0.09375
1 0.2203125 0.134375 0.05625 0.04375
1 0.459375 0.259375 0.1203125 0.1453125
1 0.35 0.14375 0.075 0.0921875
1 0.37421875 0.09921875 0.0671875 0.0734375
1 0.5078125 0.1109375 0.0734375 0.084375
1 0.44453125 0.1109375 0.0671875 0.0828125
1 0.5515625 0.09140625 0.065625 0.090625
1 0.5 0.059375 0.05 0.0359375
1 0.46484375 0.06015625 0.053125 0.053125