2 0.69453125 0.09453125 0.065625 0.0828125
2 0.3546875 0.10703125 0.0375 0.0734375
2 0.25625 0.253125 0.0984375 0.11875
2 0.24921875 0.15234375 0.0765625 0.075
1 0.49921875 0.24921875 0.1046875 0.1328125
1 0.31015625 0.1328125 0.0625 0.075
1 0.28671875 0.09453125 0.05625 0.04375
1 0.6140625 0.10078125 0.0515625 0.0828125
1 0.4125 0.125 0.0625 0.0765625
1 0.43984375 0.09140625 0.0578125 0.071875
1 0.50390625 0.10859375 0.0625 0.0765625
1 0.575 0.11484375 0.05625 0.0734375
1 0.571875 0.065625 0.0484375 0.03125
1 0.5390625 0.06015625 0.04375 0.046875