1 0.5078125 0.28984375 0.109375 0.1484375
1 0.6 0.13828125 0.0671875 0.084375
1 0.64453125 0.11640625 0.059375 0.071875
1 0.59765625 0.084375 0.05 0.0484375
1 0.5671875 0.08046875 0.0515625 0.0578125
1 0.5296875 0.12578125 0.06875 0.084375
1 0.4625 0.096875 0.0546875 0.075
1 0.42578125 0.13125 0.0578125 0.0765625
1 0.32578125 0.13984375 0.0703125 0.0953125
1 0.2984375 0.0984375 0.0578125 0.053125
2 0.2453125 0.2703125 0.1171875 0.1421875
2 0.253125 0.1546875 0.08125 0.0890625
2 0.37734375 0.11484375 0.0421875 0.084375
2 0.72578125 0.125 0.0734375 0.090625